1	-1046	237	232	0	0.000	0	190	1619
2	-1040	238	259	0	0.000	0	206	1622
3	-1034	278	257	0	0.000	0	193	1624
4	-1028	240	276	0	0.000	0	196	1627
5	-1021	268	277	0	0.000	0	190	1629
6	-1015	239	281	0	0.000	0	195	1632
7	-1009	287	283	0	0.000	0	208	1634
8	-1003	277	246	0	0.000	0	200	1637
9	-997	257	287	0	0.000	0	211	1639
10	-991	288	280	0	0.000	0	198	1642
11	-985	284	281	0	0.000	0	201	1644
12	-978	305	287	0	0.000	0	192	1647
13	-972	271	296	0	0.000	0	189	1649
14	-966	263	291	0	0.000	0	193	1652
15	-960	296	268	0	0.000	0	191	1654
16	-954	313	335	0	0.000	0	195	1657
17	-948	291	300	0	0.000	0	200	1659
18	-942	279	310	0	0.000	0	212	1662
19	-936	278	314	0	0.000	0	188	1664
20	-929	283	288	0	0.000	0	207	1667
21	-923	287	289	0	0.000	0	201	1670
22	-917	329	322	0	0.000	0	202	1672
23	-911	278	309	0	0.000	0	199	1674
24	-905	337	318	0	0.000	0	188	1677
25	-899	332	289	0	0.000	0	192	1679
26	-893	285	329	0	0.000	0	195	1682
27	-886	307	289	0	0.000	0	205	1685
28	-880	331	344	0	0.000	0	197	1687
29	-874	329	328	0	0.000	0	205	1690
30	-868	295	349	0	0.000	0	222	1692
31	-862	310	304	0	0.000	0	197	1695
32	-856	317	350	0	0.000	0	200	1697
33	-850	317	335	0	0.000	0	203	1699
34	-843	319	293	0	0.000	0	191	1702
35	-837	327	331	0	0.000	0	205	1705
36	-831	368	357	0	0.000	0	191	1707
37	-825	359	374	0	0.000	0	207	1710
38	-819	358	338	0	0.000	0	207	1712
39	-813	332	372	0	0.000	0	200	1715
40	-807	361	350	0	0.000	0	189	1717
41	-801	355	387	0	0.000	0	198	1719
42	-794	367	393	0	0.000	0	195	1722
43	-788	377	377	0	0.000	0	203	1725
44	-782	381	396	0	0.000	0	187	1727
45	-776	455	439	0	0.000	0	197	1730
46	-770	430	400	0	0.000	0	205	1732
47	-764	415	403	0	0.000	0	200	1735
48	-758	386	394	0	0.000	0	202	1737
49	-751	408	418	0	0.000	0	202	1740
50	-745	408	421	0	0.000	0	200	1742
51	-739	451	384	0	0.000	0	199	1745
52	-733	438	426	0	0.000	0	195	1747
53	-727	438	447	0	0.000	0	195	1750
54	-721	425	441	0	0.000	0	199	1752
55	-715	421	509	0	0.000	0	197	1755
56	-708	487	491	0	0.000	0	203	1758
57	-702	520	523	0	0.000	0	214	1760
58	-696	505	549	0	0.000	0	197	1762
59	-690	513	470	0	0.000	0	194	1765
60	-684	551	511	0	0.000	0	195	1767
61	-678	546	510	0	0.000	0	190	1770
62	-672	518	602	0	0.000	0	215	1772
63	-665	563	567	0	0.000	0	184	1775
64	-659	608	588	0	0.000	0	204	1778
65	-653	621	585	0	0.000	0	214	1780
66	-647	611	575	0	0.000	0	204	1783
67	-641	609	615	0	0.000	0	198	1785
68	-635	663	638	0	0.000	0	207	1787
69	-629	657	665	0	0.000	0	204	1790
70	-623	700	667	0	0.000	0	196	1792
71	-616	698	694	0	0.000	0	210	1795
72	-610	690	725	0	0.000	0	204	1798
73	-604	736	778	0	0.000	0	220	1800
74	-598	766	823	0	0.000	0	203	1803
75	-592	823	862	0	0.000	0	194	1805
76	-586	798	802	0	0.000	0	199	1808
77	-580	863	877	0	0.000	0	200	1810
78	-573	940	927	0	0.000	0	201	1813
79	-567	954	915	0	0.000	0	200	1815
80	-561	1016	950	0	0.000	0	196	1818
81	-555	1008	952	0	0.000	0	191	1820
82	-549	1095	1009	0	0.000	0	204	1823
83	-543	1101	1103	0	0.000	0	191	1825
84	-537	1134	1135	0	0.000	0	200	1828
85	-530	1155	1194	0	0.000	0	200	1830
86	-524	1222	1259	0	0.000	0	206	1833
87	-518	1274	1263	0	0.000	0	201	1835
88	-512	1266	1312	0	0.000	0	186	1838
89	-506	1366	1402	0	0.000	0	196	1840
90	-500	1408	1398	0	0.000	0	195	1843
91	-494	1425	1443	0	0.000	0	185	1845
92	-488	1541	1516	0	0.000	0	201	1848
93	-481	1544	1499	0	0.000	0	194	1851
94	-475	1710	1584	0	0.000	0	209	1853
95	-469	1732	1670	0	0.000	0	207	1855
96	-463	1716	1728	0	0.000	0	184	1858
97	-457	1754	1793	0	0.000	0	199	1860
98	-451	1864	1830	0	0.000	0	200	1863
99	-445	1863	1884	0	0.000	0	197	1865
100	-438	1966	1897	0	0.000	0	198	1868
101	-432	1915	1939	0	0.000	0	192	1871
102	-426	1896	1954	0	0.000	0	207	1873
103	-1046	259	251	0	0.000	0	208	1619
104	-1040	276	276	0	0.000	0	190	1622
105	-1034	275	247	0	0.000	0	195	1624
106	-1028	249	237	0	0.000	0	188	1627
107	-1021	278	227	0	0.000	0	191	1629
108	-1015	294	292	0	0.000	0	198	1632
109	-1009	277	280	0	0.000	0	192	1634
110	-1003	275	275	0	0.000	0	201	1637
111	-997	273	285	0	0.000	0	205	1639
112	-991	275	295	0	0.000	0	218	1642
113	-985	264	290	0	0.000	0	206	1644
114	-978	311	295	0	0.000	0	202	1647
115	-972	282	292	0	0.000	0	204	1649
116	-966	269	256	0	0.000	0	208	1652
117	-960	276	292	0	0.000	0	186	1654
118	-954	293	277	0	0.000	0	208	1657
119	-948	263	273	0	0.000	0	198	1659
120	-942	269	299	0	0.000	0	196	1662
121	-936	286	316	0	0.000	0	222	1664
122	-929	305	267	0	0.000	0	204	1667
123	-923	277	309	0	0.000	0	184	1670
124	-917	323	327	0	0.000	0	208	1672
125	-911	309	267	0	0.000	0	192	1674
126	-905	298	298	0	0.000	0	207	1677
127	-899	315	320	0	0.000	0	204	1679
128	-893	304	313	0	0.000	0	201	1682
129	-886	579	567	0	0.000	0	197	1685
130	-880	574	586	0	0.000	0	202	1687
131	-874	582	597	0	0.000	0	201	1690
132	-868	608	623	0	0.000	0	206	1692
133	-862	631	599	0	0.000	0	189	1695
134	-856	613	576	0	0.000	0	204	1697
135	-850	625	621	0	0.000	0	192	1699
136	-843	597	576	0	0.000	0	200	1702
137	-837	602	643	0	0.000	0	191	1705
138	-831	653	662	0	0.000	0	194	1707
139	-825	647	657	0	0.000	0	204	1710
140	-819	655	649	0	0.000	0	196	1712
141	-813	658	648	0	0.000	0	194	1715
142	-807	641	637	0	0.000	0	198	1717
143	-801	625	660	0	0.000	0	201	1719
144	-794	676	610	0	0.000	0	201	1722
145	-788	618	657	0	0.000	0	209	1725
146	-782	652	590	0	0.000	0	199	1727
147	-776	601	649	0	0.000	0	211	1730
148	-770	641	597	0	0.000	0	196	1732
149	-764	633	623	0	0.000	0	195	1735
150	-758	602	637	0	0.000	0	208	1737
151	-751	618	632	0	0.000	0	200	1740
152	-745	647	732	0	0.000	0	199	1742
153	-739	639	607	0	0.000	0	188	1745
154	-733	642	634	0	0.000	0	204	1747
155	-727	605	631	0	0.000	0	195	1750
156	-721	644	633	0	0.000	0	200	1752
157	-715	634	611	0	0.000	0	194	1755
158	-708	693	666	0	0.000	0	203	1758
159	-702	644	630	0	0.000	0	209	1760
160	-696	611	626	0	0.000	0	194	1762
161	-690	627	625	0	0.000	0	211	1765
162	-684	585	618	0	0.000	0	194	1767
163	-678	648	619	0	0.000	0	200	1770
164	-672	681	633	0	0.000	0	201	1772
165	-665	621	627	0	0.000	0	208	1775
166	-659	646	601	0	0.000	0	204	1778
167	-653	699	648	0	0.000	0	196	1780
168	-647	632	628	0	0.000	0	201	1783
169	-641	643	636	0	0.000	0	190	1785
170	-635	649	633	0	0.000	0	201	1787
171	-629	622	680	0	0.000	0	196	1790
172	-623	636	660	0	0.000	0	201	1792
173	-616	632	611	0	0.000	0	203	1795
174	-610	592	639	0	0.000	0	192	1798
175	-604	608	600	0	0.000	0	192	1800
176	-598	583	568	0	0.000	0	204	1803
177	-592	647	636	0	0.000	0	196	1805
178	-586	654	645	0	0.000	0	195	1808
179	-580	644	612	0	0.000	0	196	1810
180	-573	654	608	0	0.000	0	198	1813
181	-567	663	662	0	0.000	0	194	1815
182	-561	644	651	0	0.000	0	203	1818
183	-555	616	604	0	0.000	0	208	1820
184	-549	650	593	0	0.000	0	202	1823
185	-543	597	632	0	0.000	0	216	1825
186	-537	571	668	0	0.000	0	204	1828
187	-530	616	649	0	0.000	0	204	1830
188	-524	631	598	0	0.000	0	200	1833
189	-518	608	601	0	0.000	0	183	1835
190	-512	641	642	0	0.000	0	191	1838
191	-506	642	604	0	0.000	0	186	1840
192	-500	670	591	0	0.000	0	193	1843
193	-494	576	589	0	0.000	0	201	1845
194	-488	576	561	0	0.000	0	204	1848
195	-481	535	539	0	0.000	0	204	1851
196	-475	609	624	0	0.000	0	197	1853
197	-469	604	589	0	0.000	0	210	1855
198	-463	603	602	0	0.000	0	185	1858
199	-457	613	589	0	0.000	0	198	1860
200	-451	605	584	0	0.000	0	206	1863
201	-445	663	615	0	0.000	0	214	1865
202	-438	590	578	0	0.000	0	207	1868
203	-432	541	598	0	0.000	0	199	1871
204	-426	539	577	0	0.000	0	197	1873
205	-1046	551	573	0	0.000	0	195	1619
206	-1040	569	566	0	0.000	0	196	1622
207	-1034	584	576	0	0.000	0	182	1624
208	-1028	589	588	0	0.000	0	197	1627
209	-1021	592	547	0	0.000	0	201	1629
210	-1015	543	597	0	0.000	0	190	1632
211	-1009	565	570	0	0.000	0	202	1634
212	-1003	606	597	0	0.000	0	198	1637
213	-997	577	672	0	0.000	0	192	1639
214	-991	606	611	0	0.000	0	195	1642
215	-985	598	592	0	0.000	0	197	1644
216	-978	614	582	0	0.000	0	186	1647
217	-972	562	566	0	0.000	0	198	1649
218	-966	584	606	0	0.000	0	199	1652
219	-960	644	638	0	0.000	0	192	1654
220	-954	584	588	0	0.000	0	193	1657
221	-948	576	592	0	0.000	0	190	1659
222	-942	564	604	0	0.000	0	193	1662
223	-936	627	579	0	0.000	0	206	1664
224	-929	594	610	0	0.000	0	198	1667
225	-923	601	593	0	0.000	0	207	1670
226	-917	636	580	0	0.000	0	213	1672
227	-911	610	564	0	0.000	0	210	1674
228	-905	572	615	0	0.000	0	207	1677
229	-899	598	581	0	0.000	0	211	1679
230	-893	610	603	0	0.000	0	189	1682
231	-886	622	540	0	0.000	0	208	1685
232	-880	576	595	0	0.000	0	206	1687
233	-874	592	656	0	0.000	0	193	1690
234	-868	605	554	0	0.000	0	189	1692
235	-862	607	588	0	0.000	0	200	1695
236	-856	614	664	0	0.000	0	210	1697
237	-850	576	614	0	0.000	0	195	1699
238	-843	565	563	0	0.000	0	197	1702
239	-837	591	564	0	0.000	0	194	1705
240	-831	650	576	0	0.000	0	208	1707
241	-825	617	640	0	0.000	0	200	1710
242	-819	610	620	0	0.000	0	204	1712
243	-813	599	648	0	0.000	0	198	1715
244	-807	581	595	0	0.000	0	189	1717
245	-801	597	627	0	0.000	0	192	1719
246	-794	555	611	0	0.000	0	189	1722
247	-788	581	641	0	0.000	0	186	1725
248	-782	628	660	0	0.000	0	180	1727
249	-776	629	548	0	0.000	0	188	1730
250	-770	610	657	0	0.000	0	198	1732
251	-764	593	575	0	0.000	0	184	1735
252	-758	616	573	0	0.000	0	192	1737
253	-751	594	610	0	0.000	0	194	1740
254	-745	608	592	0	0.000	0	200	1742
255	-739	599	600	0	0.000	0	201	1745
256	-733	601	598	0	0.000	0	196	1747
257	-727	588	609	0	0.000	0	186	1750
258	-721	627	610	0	0.000	0	184	1752
259	-715	649	612	0	0.000	0	208	1755
260	-708	625	612	0	0.000	0	191	1758
261	-702	591	652	0	0.000	0	215	1760
262	-696	558	645	0	0.000	0	200	1762
263	-690	579	607	0	0.000	0	205	1765
264	-684	647	593	0	0.000	0	207	1767
265	-678	601	569	0	0.000	0	203	1770
266	-672	605	655	0	0.000	0	198	1772
267	-665	592	599	0	0.000	0	196	1775
268	-659	597	635	0	0.000	0	206	1778
269	-653	660	591	0	0.000	0	195	1780
270	-647	668	603	0	0.000	0	205	1783
271	-641	631	640	0	0.000	0	207	1785
272	-635	611	644	0	0.000	0	198	1787
273	-629	616	604	0	0.000	0	204	1790
274	-623	633	636	0	0.000	0	206	1792
275	-616	653	627	0	0.000	0	217	1795
276	-610	613	622	0	0.000	0	195	1798
277	-604	641	586	0	0.000	0	201	1800
278	-598	642	689	0	0.000	0	191	1803
279	-592	610	613	0	0.000	0	203	1805
280	-586	623	650	0	0.000	0	206	1808
281	-580	585	557	0	0.000	0	202	1810
282	-573	563	625	0	0.000	0	189	1813
283	-567	611	631	0	0.000	0	206	1815
284	-561	590	628	0	0.000	0	193	1818
285	-555	648	649	0	0.000	0	193	1820
286	-549	655	585	0	0.000	0	192	1823
287	-543	601	647	0	0.000	0	204	1825
288	-537	578	605	0	0.000	0	191	1828
289	-530	642	620	0	0.000	0	196	1830
290	-524	637	628	0	0.000	0	191	1833
291	-518	584	596	0	0.000	0	194	1835
292	-512	620	610	0	0.000	0	198	1838
293	-506	664	642	0	0.000	0	206	1840
294	-500	631	606	0	0.000	0	211	1843
295	-494	587	582	0	0.000	0	197	1845
296	-488	596	580	0	0.000	0	203	1848
297	-481	605	559	0	0.000	0	196	1851
298	-475	589	574	0	0.000	0	211	1853
299	-469	581	552	0	0.000	0	199	1855
300	-463	612	567	0	0.000	0	192	1858
301	-457	581	553	0	0.000	0	188	1860
302	-451	598	571	0	0.000	0	181	1863
303	-445	591	572	0	0.000	0	194	1865
304	-438	540	576	0	0.000	0	193	1868
305	-432	580	596	0	0.000	0	193	1871
306	-426	560	587	0	0.000	0	191	1873
307	-1046	632	609	0	0.000	0	197	1619
308	-1040	636	602	0	0.000	0	183	1622
309	-1034	606	580	0	0.000	0	188	1624
310	-1028	604	588	0	0.000	0	178	1627
311	-1021	584	602	0	0.000	0	183	1629
312	-1015	626	594	0	0.000	0	192	1632
313	-1009	645	642	0	0.000	0	185	1634
314	-1003	599	589	0	0.000	0	185	1637
315	-997	647	644	0	0.000	0	179	1639
316	-991	406	408	0	0.000	0	202	1642
317	-985	298	267	0	0.000	0	211	1644
318	-978	262	289	0	0.000	0	194	1647
319	-972	281	292	0	0.000	0	202	1649
320	-966	301	281	0	0.000	0	201	1652
321	-960	276	279	0	0.000	0	192	1654
322	-954	287	316	0	0.000	0	205	1657
323	-948	288	291	0	0.000	0	207	1659
324	-942	286	261	0	0.000	0	193	1662
325	-936	299	288	0	0.000	0	191	1664
326	-929	269	315	0	0.000	0	213	1667
327	-923	283	321	0	0.000	0	188	1670
328	-917	322	285	0	0.000	0	205	1672
329	-911	295	313	0	0.000	0	199	1674
330	-905	304	310	0	0.000	0	183	1677
331	-899	345	323	0	0.000	0	187	1679
332	-893	318	324	0	0.000	0	198	1682
333	-886	327	282	0	0.000	0	190	1685
334	-880	299	316	0	0.000	0	199	1687
335	-874	308	292	0	0.000	0	193	1690
336	-868	289	360	0	0.000	0	207	1692
337	-862	305	352	0	0.000	0	186	1695
338	-856	328	315	0	0.000	0	200	1697
339	-850	334	348	0	0.000	0	212	1699
340	-843	312	339	0	0.000	0	186	1702
341	-837	318	324	0	0.000	0	209	1705
342	-831	343	328	0	0.000	0	196	1707
343	-825	336	348	0	0.000	0	211	1710
344	-819	350	321	0	0.000	0	194	1712
345	-813	328	318	0	0.000	0	194	1715
346	-807	351	385	0	0.000	0	212	1717
347	-801	374	341	0	0.000	0	197	1719
348	-794	384	324	0	0.000	0	212	1722
349	-788	373	380	0	0.000	0	195	1725
350	-782	366	372	0	0.000	0	192	1727
351	-776	374	407	0	0.000	0	222	1730
352	-770	416	381	0	0.000	0	197	1732
353	-764	403	382	0	0.000	0	201	1735
354	-758	399	422	0	0.000	0	198	1737
355	-751	410	444	0	0.000	0	205	1740
356	-745	445	431	0	0.000	0	198	1742
357	-739	424	402	0	0.000	0	219	1745
358	-733	443	443	0	0.000	0	198	1747
359	-727	460	423	0	0.000	0	199	1750
360	-721	432	450	0	0.000	0	201	1752
361	-715	425	458	0	0.000	0	208	1755
362	-708	473	494	0	0.000	0	198	1758
363	-702	439	469	0	0.000	0	186	1760
364	-696	497	466	0	0.000	0	209	1762
365	-690	557	490	0	0.000	0	192	1765
366	-684	541	520	0	0.000	0	204	1767
367	-678	570	603	0	0.000	0	200	1770
368	-672	557	563	0	0.000	0	215	1772
369	-665	530	556	0	0.000	0	198	1775
370	-659	586	645	0	0.000	0	197	1778
371	-653	516	569	0	0.000	0	188	1780
372	-647	668	648	0	0.000	0	197	1783
373	-641	667	623	0	0.000	0	208	1785
374	-635	651	648	0	0.000	0	185	1787
375	-629	668	668	0	0.000	0	185	1790
376	-623	692	681	0	0.000	0	201	1792
377	-616	687	703	0	0.000	0	187	1795
378	-610	738	756	0	0.000	0	191	1798
379	-604	700	757	0	0.000	0	195	1800
380	-598	805	796	0	0.000	0	199	1803
381	-592	830	803	0	0.000	0	191	1805
382	-586	789	843	0	0.000	0	205	1808
383	-580	900	945	0	0.000	0	199	1810
384	-573	910	878	0	0.000	0	202	1813
385	-567	926	970	0	0.000	0	195	1815
386	-561	1034	1013	0	0.000	0	198	1818
387	-555	1023	1004	0	0.000	0	203	1820
388	-549	1021	1018	0	0.000	0	189	1823
389	-543	1115	1098	0	0.000	0	195	1825
390	-537	1111	1134	0	0.000	0	213	1828
391	-530	1174	1140	0	0.000	0	197	1830
392	-524	1202	1237	0	0.000	0	198	1833
393	-518	1241	1274	0	0.000	0	197	1835
394	-512	1268	1364	0	0.000	0	200	1838
395	-506	1357	1332	0	0.000	0	199	1840
396	-500	1390	1467	0	0.000	0	203	1843
397	-494	1423	1427	0	0.000	0	208	1845
398	-488	1481	1455	0	0.000	0	215	1848
399	-481	1603	1606	0	0.000	0	203	1851
400	-475	1687	1647	0	0.000	0	214	1853
401	-469	1658	1702	0	0.000	0	192	1855
402	-463	1719	1758	0	0.000	0	206	1858
403	-457	1761	1778	0	0.000	0	191	1860
404	-451	1777	1712	0	0.000	0	197	1863
405	-445	1800	1753	0	0.000	0	205	1865
406	-438	1831	1875	0	0.000	0	198	1868
407	-432	1878	1894	0	0.000	0	213	1871
408	-426	1972	1873	0	0.000	0	208	1873
409	-1046	259	254	0	0.000	0	202	1619
410	-1040	250	242	0	0.000	0	192	1622
411	-1034	265	265	0	0.000	0	196	1624
412	-1028	230	268	0	0.000	0	201	1627
413	-1021	278	259	0	0.000	0	197	1629
414	-1015	265	279	0	0.000	0	182	1632
415	-1009	238	226	0	0.000	0	210	1634
416	-1003	242	236	0	0.000	0	199	1637
417	-997	268	257	0	0.000	0	198	1639
418	-991	253	264	0	0.000	0	195	1642
419	-985	255	269	0	0.000	0	198	1644
420	-978	263	268	0	0.000	0	205	1647
421	-972	278	272	0	0.000	0	199	1649
422	-966	260	279	0	0.000	0	199	1652
423	-960	262	279	0	0.000	0	226	1654
424	-954	283	286	0	0.000	0	192	1657
425	-948	297	272	0	0.000	0	194	1659
426	-942	298	277	0	0.000	0	200	1662
427	-936	298	295	0	0.000	0	207	1664
428	-929	298	308	0	0.000	0	195	1667
429	-923	310	270	0	0.000	0	201	1670
430	-917	269	295	0	0.000	0	194	1672
431	-911	318	295	0	0.000	0	210	1674
432	-905	321	295	0	0.000	0	209	1677
433	-899	309	334	0	0.000	0	205	1679
434	-893	299	319	0	0.000	0	206	1682
435	-886	276	281	0	0.000	0	206	1685
436	-880	319	316	0	0.000	0	200	1687
437	-874	328	299	0	0.000	0	201	1690
438	-868	334	309	0	0.000	0	202	1692
439	-862	314	325	0	0.000	0	195	1695
440	-856	304	332	0	0.000	0	186	1697
441	-850	343	323	0	0.000	0	221	1699
442	-843	297	340	0	0.000	0	199	1702
443	-837	350	339	0	0.000	0	207	1705
444	-831	301	355	0	0.000	0	195	1707
445	-825	358	376	0	0.000	0	196	1710
446	-819	313	308	0	0.000	0	189	1712
447	-813	313	389	0	0.000	0	203	1715
448	-807	373	363	0	0.000	0	196	1717
449	-801	358	356	0	0.000	0	198	1719
450	-794	376	355	0	0.000	0	197	1722
451	-788	363	381	0	0.000	0	204	1725
452	-782	370	393	0	0.000	0	193	1727
453	-776	364	397	0	0.000	0	202	1730
454	-770	421	363	0	0.000	0	185	1732
455	-764	388	378	0	0.000	0	202	1735
456	-758	430	387	0	0.000	0	196	1737
457	-751	426	420	0	0.000	0	201	1740
458	-745	427	455	0	0.000	0	200	1742
459	-739	482	424	0	0.000	0	202	1745
460	-733	430	457	0	0.000	0	218	1747
461	-727	449	471	0	0.000	0	196	1750
462	-721	459	464	0	0.000	0	205	1752
463	-715	411	469	0	0.000	0	210	1755
464	-708	492	483	0	0.000	0	192	1758
465	-702	470	511	0	0.000	0	189	1760
466	-696	473	513	0	0.000	0	204	1762
467	-690	539	521	0	0.000	0	200	1765
468	-684	549	538	0	0.000	0	199	1767
469	-678	531	588	0	0.000	0	202	1770
470	-672	559	562	0	0.000	0	213	1772
471	-665	583	564	0	0.000	0	203	1775
472	-659	542	540	0	0.000	0	206	1778
473	-653	583	570	0	0.000	0	184	1780
474	-647	622	603	0	0.000	0	208	1783
475	-641	606	610	0	0.000	0	193	1785
476	-635	626	647	0	0.000	0	195	1787
477	-629	654	674	0	0.000	0	205	1790
478	-623	690	680	0	0.000	0	194	1792
479	-616	766	712	0	0.000	0	195	1795
480	-610	740	772	0	0.000	0	204	1798
481	-604	796	790	0	0.000	0	202	1800
482	-598	801	786	0	0.000	0	204	1803
483	-592	748	786	0	0.000	0	203	1805
484	-586	856	808	0	0.000	0	199	1808
485	-580	812	875	0	0.000	0	193	1810
486	-573	929	861	0	0.000	0	191	1813
487	-567	928	896	0	0.000	0	201	1815
488	-561	915	897	0	0.000	0	198	1818
489	-555	991	993	0	0.000	0	205	1820
490	-549	987	993	0	0.000	0	183	1823
491	-543	1059	1071	0	0.000	0	195	1825
492	-537	1092	1104	0	0.000	0	202	1828
493	-530	1128	1090	0	0.000	0	188	1830
494	-524	1111	1207	0	0.000	0	196	1833
495	-518	1231	1250	0	0.000	0	202	1835
496	-512	1261	1269	0	0.000	0	196	1838
497	-506	1228	1304	0	0.000	0	199	1840
498	-500	1418	1458	0	0.000	0	197	1843
499	-494	1485	1417	0	0.000	0	195	1845
500	-488	1509	1403	0	0.000	0	204	1848
501	-481	1565	1506	0	0.000	0	193	1851
502	-475	1597	1533	0	0.000	0	211	1853
503	-469	1644	1622	0	0.000	0	204	1855
504	-463	1765	1736	0	0.000	0	206	1858
505	-457	1741	1796	0	0.000	0	188	1860
506	-451	1894	1796	0	0.000	0	205	1863
507	-445	1922	1857	0	0.000	0	208	1865
508	-438	1888	1914	0	0.000	0	208	1868
509	-432	1953	1938	0	0.000	0	210	1871
510	-426	1881	1840	0	0.000	0	206	1873
511	-1046	273	255	0	0.000	0	194	1619
512	-1040	257	257	0	0.000	0	193	1622
513	-1034	259	273	0	0.000	0	199	1624
514	-1028	416	429	0	0.000	0	208	1627
515	-1021	532	563	0	0.000	0	197	1629
516	-1015	579	535	0	0.000	0	195	1632
517	-1009	609	581	0	0.000	0	195	1634
518	-1003	626	574	0	0.000	0	186	1637
519	-997	589	571	0	0.000	0	194	1639
520	-991	622	581	0	0.000	0	206	1642
521	-985	654	647	0	0.000	0	173	1644
522	-978	586	582	0	0.000	0	200	1647
523	-972	623	566	0	0.000	0	195	1649
524	-966	600	597	0	0.000	0	192	1652
525	-960	580	593	0	0.000	0	194	1654
526	-954	592	586	0	0.000	0	193	1657
527	-948	579	667	0	0.000	0	191	1659
528	-942	603	605	0	0.000	0	198	1662
529	-936	590	626	0	0.000	0	192	1664
530	-929	605	589	0	0.000	0	190	1667
531	-923	633	558	0	0.000	0	214	1670
532	-917	587	576	0	0.000	0	207	1672
533	-911	592	600	0	0.000	0	196	1674
534	-905	621	598	0	0.000	0	200	1677
535	-899	617	613	0	0.000	0	192	1679
536	-893	619	628	0	0.000	0	188	1682
537	-886	612	603	0	0.000	0	202	1685
538	-880	615	596	0	0.000	0	205	1687
539	-874	558	582	0	0.000	0	185	1690
540	-868	572	589	0	0.000	0	194	1692
541	-862	618	577	0	0.000	0	203	1695
542	-856	629	628	0	0.000	0	197	1697
543	-850	660	632	0	0.000	0	190	1699
544	-843	575	594	0	0.000	0	197	1702
545	-837	597	598	0	0.000	0	196	1705
546	-831	620	628	0	0.000	0	199	1707
547	-825	608	612	0	0.000	0	204	1710
548	-819	654	615	0	0.000	0	193	1712
549	-813	631	627	0	0.000	0	196	1715
550	-807	652	593	0	0.000	0	201	1717
551	-801	591	588	0	0.000	0	203	1719
552	-794	596	554	0	0.000	0	194	1722
553	-788	589	608	0	0.000	0	187	1725
554	-782	630	660	0	0.000	0	199	1727
555	-776	588	607	0	0.000	0	203	1730
556	-770	677	659	0	0.000	0	197	1732
557	-764	662	607	0	0.000	0	203	1735
558	-758	593	666	0	0.000	0	202	1737
559	-751	640	626	0	0.000	0	206	1740
560	-745	580	598	0	0.000	0	212	1742
561	-739	595	655	0	0.000	0	193	1745
562	-733	611	637	0	0.000	0	207	1747
563	-727	652	685	0	0.000	0	188	1750
564	-721	648	621	0	0.000	0	198	1752
565	-715	617	600	0	0.000	0	193	1755
566	-708	619	576	0	0.000	0	197	1758
567	-702	626	626	0	0.000	0	204	1760
568	-696	618	628	0	0.000	0	205	1762
569	-690	587	600	0	0.000	0	193	1765
570	-684	654	634	0	0.000	0	200	1767
571	-678	664	669	0	0.000	0	207	1770
572	-672	649	658	0	0.000	0	185	1772
573	-665	580	596	0	0.000	0	191	1775
574	-659	644	621	0	0.000	0	207	1778
575	-653	633	666	0	0.000	0	193	1780
576	-647	644	604	0	0.000	0	200	1783
577	-641	644	646	0	0.000	0	202	1785
578	-635	678	630	0	0.000	0	191	1787
579	-629	630	639	0	0.000	0	192	1790
580	-623	659	623	0	0.000	0	195	1792
581	-616	621	629	0	0.000	0	195	1795
582	-610	660	627	0	0.000	0	193	1798
583	-604	659	639	0	0.000	0	204	1800
584	-598	668	653	0	0.000	0	200	1803
585	-592	583	561	0	0.000	0	185	1805
586	-586	572	618	0	0.000	0	205	1808
587	-580	603	605	0	0.000	0	195	1810
588	-573	601	661	0	0.000	0	216	1813
589	-567	638	640	0	0.000	0	192	1815
590	-561	654	665	0	0.000	0	206	1818
591	-555	647	628	0	0.000	0	204	1820
592	-549	632	652	0	0.000	0	208	1823
593	-543	627	583	0	0.000	0	201	1825
594	-537	541	604	0	0.000	0	192	1828
595	-530	595	589	0	0.000	0	210	1830
596	-524	624	596	0	0.000	0	210	1833
597	-518	614	606	0	0.000	0	202	1835
598	-512	645	591	0	0.000	0	199	1838
599	-506	599	572	0	0.000	0	195	1840
600	-500	635	594	0	0.000	0	194	1843
601	-494	597	654	0	0.000	0	190	1845
602	-488	615	612	0	0.000	0	203	1848
603	-481	580	657	0	0.000	0	184	1851
604	-475	648	603	0	0.000	0	192	1853
605	-469	641	591	0	0.000	0	197	1855
606	-463	596	578	0	0.000	0	197	1858
607	-457	635	589	0	0.000	0	211	1860
608	-451	611	576	0	0.000	0	201	1863
609	-445	608	606	0	0.000	0	206	1865
610	-438	624	623	0	0.000	0	196	1868
611	-432	615	614	0	0.000	0	195	1871
612	-426	613	589	0	0.000	0	193	1873
613	-1046	559	587	0	0.000	0	183	1619
614	-1040	575	641	0	0.000	0	191	1622
615	-1034	601	583	0	0.000	0	208	1624
616	-1028	558	571	0	0.000	0	206	1627
617	-1021	611	580	0	0.000	0	199	1629
618	-1015	612	632	0	0.000	0	212	1632
619	-1009	650	613	0	0.000	0	193	1634
620	-1003	620	595	0	0.000	0	209	1637
621	-997	612	575	0	0.000	0	201	1639
622	-991	579	571	0	0.000	0	200	1642
623	-985	572	624	0	0.000	0	205	1644
624	-978	541	542	0	0.000	0	190	1647
625	-972	562	554	0	0.000	0	193	1649
626	-966	599	596	0	0.000	0	204	1652
627	-960	617	607	0	0.000	0	207	1654
628	-954	550	605	0	0.000	0	198	1657
629	-948	608	584	0	0.000	0	212	1659
630	-942	576	620	0	0.000	0	198	1662
631	-936	603	603	0	0.000	0	200	1664
632	-929	603	578	0	0.000	0	205	1667
633	-923	543	594	0	0.000	0	191	1670
634	-917	586	608	0	0.000	0	195	1672
635	-911	583	632	0	0.000	0	203	1674
636	-905	590	629	0	0.000	0	199	1677
637	-899	582	556	0	0.000	0	215	1679
638	-893	570	641	0	0.000	0	198	1682
639	-886	598	635	0	0.000	0	199	1685
640	-880	626	588	0	0.000	0	191	1687
641	-874	599	606	0	0.000	0	194	1690
642	-868	578	589	0	0.000	0	192	1692
643	-862	603	629	0	0.000	0	185	1695
644	-856	625	591	0	0.000	0	210	1697
645	-850	564	571	0	0.000	0	193	1699
646	-843	598	630	0	0.000	0	198	1702
647	-837	596	610	0	0.000	0	201	1705
648	-831	626	555	0	0.000	0	202	1707
649	-825	591	624	0	0.000	0	203	1710
650	-819	587	588	0	0.000	0	198	1712
651	-813	618	638	0	0.000	0	204	1715
652	-807	569	592	0	0.000	0	198	1717
653	-801	638	592	0	0.000	0	215	1719
654	-794	617	593	0	0.000	0	198	1722
655	-788	585	611	0	0.000	0	220	1725
656	-782	633	628	0	0.000	0	205	1727
657	-776	591	543	0	0.000	0	206	1730
658	-770	651	624	0	0.000	0	185	1732
659	-764	630	575	0	0.000	0	201	1735
660	-758	616	584	0	0.000	0	208	1737
661	-751	616	618	0	0.000	0	202	1740
662	-745	629	661	0	0.000	0	201	1742
663	-739	580	626	0	0.000	0	199	1745
664	-733	598	595	0	0.000	0	199	1747
665	-727	633	649	0	0.000	0	194	1750
666	-721	627	604	0	0.000	0	193	1752
667	-715	613	653	0	0.000	0	196	1755
668	-708	618	629	0	0.000	0	199	1758
669	-702	626	632	0	0.000	0	204	1760
670	-696	647	638	0	0.000	0	199	1762
671	-690	589	610	0	0.000	0	203	1765
672	-684	605	624	0	0.000	0	186	1767
673	-678	546	583	0	0.000	0	187	1770
674	-672	575	637	0	0.000	0	207	1772
675	-665	640	608	0	0.000	0	201	1775
676	-659	571	635	0	0.000	0	192	1778
677	-653	642	653	0	0.000	0	196	1780
678	-647	574	636	0	0.000	0	218	1783
679	-641	592	589	0	0.000	0	192	1785
680	-635	594	608	0	0.000	0	193	1787
681	-629	605	616	0	0.000	0	196	1790
682	-623	619	532	0	0.000	0	205	1792
683	-616	623	640	0	0.000	0	206	1795
684	-610	625	675	0	0.000	0	196	1798
685	-604	658	658	0	0.000	0	201	1800
686	-598	590	599	0	0.000	0	192	1803
687	-592	619	597	0	0.000	0	201	1805
688	-586	600	609	0	0.000	0	197	1808
689	-580	643	625	0	0.000	0	193	1810
690	-573	629	573	0	0.000	0	205	1813
691	-567	660	643	0	0.000	0	207	1815
692	-561	574	624	0	0.000	0	200	1818
693	-555	629	583	0	0.000	0	207	1820
694	-549	617	643	0	0.000	0	204	1823
695	-543	657	599	0	0.000	0	196	1825
696	-537	644	624	0	0.000	0	200	1828
697	-530	620	613	0	0.000	0	198	1830
698	-524	639	591	0	0.000	0	205	1833
699	-518	583	606	0	0.000	0	214	1835
700	-512	591	568	0	0.000	0	202	1838
701	-506	633	688	0	0.000	0	199	1840
702	-500	567	577	0	0.000	0	200	1843
703	-494	611	598	0	0.000	0	203	1845
704	-488	604	626	0	0.000	0	193	1848
705	-481	603	590	0	0.000	0	195	1851
706	-475	606	577	0	0.000	0	202	1853
707	-469	581	576	0	0.000	0	193	1855
708	-463	584	584	0	0.000	0	196	1858
709	-457	639	574	0	0.000	0	196	1860
710	-451	599	579	0	0.000	0	184	1863
711	-445	604	583	0	0.000	0	204	1865
712	-438	561	621	0	0.000	0	204	1868
713	-432	530	506	0	0.000	0	190	1871
714	-426	580	519	0	0.000	0	204	1873
715	-1046	589	591	0	0.000	0	197	1619
716	-1040	576	595	0	0.000	0	194	1622
717	-1034	570	556	0	0.000	0	192	1624
718	-1028	534	601	0	0.000	0	200	1627
719	-1021	538	515	0	0.000	0	196	1629
720	-1015	545	552	0	0.000	0	205	1632
721	-1009	544	519	0	0.000	0	191	1634
722	-1003	574	572	0	0.000	0	214	1637
723	-997	566	555	0	0.000	0	190	1639
724	-991	589	594	0	0.000	0	183	1642
725	-985	582	602	0	0.000	0	199	1644
726	-978	579	587	0	0.000	0	192	1647
727	-972	579	601	0	0.000	0	198	1649
728	-966	580	571	0	0.000	0	202	1652
729	-960	637	560	0	0.000	0	196	1654
730	-954	656	633	0	0.000	0	201	1657
731	-948	613	594	0	0.000	0	197	1659
732	-942	593	591	0	0.000	0	190	1662
733	-936	579	599	0	0.000	0	197	1664
734	-929	598	613	0	0.000	0	192	1667
735	-923	615	635	0	0.000	0	202	1670
736	-917	649	635	0	0.000	0	184	1672
737	-911	606	585	0	0.000	0	188	1674
738	-905	580	567	0	0.000	0	187	1677
739	-899	614	619	0	0.000	0	196	1679
740	-893	578	599	0	0.000	0	204	1682
741	-886	594	630	0	0.000	0	209	1685
742	-880	575	551	0	0.000	0	196	1687
743	-874	538	672	0	0.000	0	200	1690
744	-868	610	598	0	0.000	0	209	1692
745	-862	601	604	0	0.000	0	196	1695
746	-856	570	612	0	0.000	0	204	1697
747	-850	589	596	0	0.000	0	193	1699
748	-843	568	578	0	0.000	0	207	1702
749	-837	608	611	0	0.000	0	211	1705
750	-831	612	629	0	0.000	0	201	1707
751	-825	564	588	0	0.000	0	207	1710
752	-819	643	632	0	0.000	0	197	1712
753	-813	598	616	0	0.000	0	203	1715
754	-807	612	572	0	0.000	0	207	1717
755	-801	566	575	0	0.000	0	212	1719
756	-794	610	589	0	0.000	0	202	1722
757	-788	626	597	0	0.000	0	219	1725
758	-782	615	553	0	0.000	0	221	1727
759	-776	623	633	0	0.000	0	197	1730
760	-770	637	568	0	0.000	0	205	1732
761	-764	614	592	0	0.000	0	216	1735
762	-758	653	622	0	0.000	0	205	1737
763	-751	626	609	0	0.000	0	201	1740
764	-745	618	603	0	0.000	0	206	1742
765	-739	647	604	0	0.000	0	196	1745
766	-733	620	613	0	0.000	0	195	1747
767	-727	597	635	0	0.000	0	194	1750
768	-721	612	606	0	0.000	0	205	1752
769	-715	615	589	0	0.000	0	204	1755
770	-708	624	622	0	0.000	0	200	1758
771	-702	600	632	0	0.000	0	198	1760
772	-696	621	622	0	0.000	0	197	1762
773	-690	659	657	0	0.000	0	202	1765
774	-684	611	644	0	0.000	0	207	1767
775	-678	627	568	0	0.000	0	203	1770
776	-672	677	599	0	0.000	0	209	1772
777	-665	633	645	0	0.000	0	202	1775
778	-659	579	615	0	0.000	0	203	1778
779	-653	624	598	0	0.000	0	190	1780
780	-647	687	584	0	0.000	0	202	1783
781	-641	580	543	0	0.000	0	205	1785
782	-635	681	693	0	0.000	0	203	1787
783	-629	964	1005	0	0.000	0	195	1790
784	-623	763	760	0	0.000	0	204	1792
785	-616	676	728	0	0.000	0	210	1795
786	-610	734	750	0	0.000	0	202	1798
787	-604	803	775	0	0.000	0	203	1800
788	-598	739	739	0	0.000	0	212	1803
789	-592	808	776	0	0.000	0	206	1805
790	-586	772	862	0	0.000	0	202	1808
791	-580	845	797	0	0.000	0	206	1810
792	-573	909	915	0	0.000	0	208	1813
793	-567	920	872	0	0.000	0	218	1815
794	-561	928	989	0	0.000	0	232	1818
795	-555	985	1056	0	0.000	0	206	1820
796	-549	1052	1007	0	0.000	0	216	1823
797	-543	1074	1077	0	0.000	0	212	1825
798	-537	1141	1054	0	0.000	0	212	1828
799	-530	1085	1160	0	0.000	0	199	1830
800	-524	1105	1209	0	0.000	0	206	1833
801	-518	1303	1305	0	0.000	0	208	1835
802	-512	1276	1336	0	0.000	0	200	1838
803	-506	1308	1324	0	0.000	0	191	1840
804	-500	1409	1421	0	0.000	0	212	1843
805	-494	1378	1474	0	0.000	0	204	1845
806	-488	1449	1466	0	0.000	0	220	1848
807	-481	1567	1552	0	0.000	0	216	1851
808	-475	1558	1608	0	0.000	0	205	1853
809	-469	1583	1602	0	0.000	0	196	1855
810	-463	1711	1671	0	0.000	0	230	1858
811	-457	1747	1708	0	0.000	0	217	1860
812	-451	1858	1837	0	0.000	0	195	1863
813	-445	1790	1813	0	0.000	0	202	1865
814	-438	1849	1873	0	0.000	0	196	1868
815	-432	1866	1817	0	0.000	0	195	1871
816	-426	1865	1912	0	0.000	0	201	1873
817	-1046	261	262	0	0.000	0	212	1619
818	-1040	256	249	0	0.000	0	215	1622
819	-1034	245	263	0	0.000	0	190	1624
820	-1028	284	260	0	0.000	0	190	1627
821	-1021	279	252	0	0.000	0	204	1629
822	-1015	283	284	0	0.000	0	196	1632
823	-1009	272	277	0	0.000	0	205	1634
824	-1003	319	271	0	0.000	0	197	1637
825	-997	276	274	0	0.000	0	215	1639
826	-991	262	259	0	0.000	0	186	1642
827	-985	266	296	0	0.000	0	194	1644
828	-978	277	284	0	0.000	0	204	1647
829	-972	288	284	0	0.000	0	200	1649
830	-966	261	229	0	0.000	0	198	1652
831	-960	320	281	0	0.000	0	214	1654
832	-954	246	282	0	0.000	0	193	1657
833	-948	261	293	0	0.000	0	199	1659
834	-942	258	283	0	0.000	0	187	1662
835	-936	291	309	0	0.000	0	202	1664
836	-929	258	276	0	0.000	0	209	1667
837	-923	304	293	0	0.000	0	197	1670
838	-917	311	287	0	0.000	0	202	1672
839	-911	288	273	0	0.000	0	193	1674
840	-905	333	295	0	0.000	0	195	1677
841	-899	275	301	0	0.000	0	203	1679
842	-893	310	319	0	0.000	0	195	1682
843	-886	281	308	0	0.000	0	204	1685
844	-880	295	291	0	0.000	0	205	1687
845	-874	318	268	0	0.000	0	199	1690
846	-868	311	331	0	0.000	0	194	1692
847	-862	301	320	0	0.000	0	206	1695
848	-856	317	317	0	0.000	0	198	1697
849	-850	316	311	0	0.000	0	198	1699
850	-843	341	326	0	0.000	0	203	1702
851	-837	332	324	0	0.000	0	200	1705
852	-831	344	330	0	0.000	0	204	1707
853	-825	349	339	0	0.000	0	196	1710
854	-819	378	377	0	0.000	0	212	1712
855	-813	352	357	0	0.000	0	204	1715
856	-807	344	361	0	0.000	0	211	1717
857	-801	367	390	0	0.000	0	208	1719
858	-794	398	354	0	0.000	0	197	1722
859	-788	427	364	0	0.000	0	200	1725
860	-782	390	382	0	0.000	0	195	1727
861	-776	433	387	0	0.000	0	200	1730
862	-770	398	368	0	0.000	0	201	1732
863	-764	410	431	0	0.000	0	194	1735
864	-758	421	380	0	0.000	0	197	1737
865	-751	393	417	0	0.000	0	202	1740
866	-745	413	420	0	0.000	0	198	1742
867	-739	498	427	0	0.000	0	190	1745
868	-733	418	461	0	0.000	0	201	1747
869	-727	427	468	0	0.000	0	187	1750
870	-721	477	434	0	0.000	0	197	1752
871	-715	456	483	0	0.000	0	187	1755
872	-708	456	454	0	0.000	0	200	1758
873	-702	492	489	0	0.000	0	201	1760
874	-696	513	494	0	0.000	0	198	1762
875	-690	442	491	0	0.000	0	202	1765
876	-684	518	475	0	0.000	0	200	1767
877	-678	536	562	0	0.000	0	202	1770
878	-672	509	539	0	0.000	0	200	1772
879	-665	531	519	0	0.000	0	194	1775
880	-659	550	527	0	0.000	0	203	1778
881	-653	559	557	0	0.000	0	197	1780
882	-647	585	570	0	0.000	0	189	1783
883	-641	567	583	0	0.000	0	199	1785
884	-635	597	613	0	0.000	0	221	1787
885	-629	658	617	0	0.000	0	199	1790
886	-623	657	648	0	0.000	0	181	1792
887	-616	668	682	0	0.000	0	198	1795
888	-610	704	684	0	0.000	0	198	1798
889	-604	726	758	0	0.000	0	196	1800
890	-598	755	714	0	0.000	0	210	1803
891	-592	752	786	0	0.000	0	188	1805
892	-586	772	781	0	0.000	0	212	1808
893	-580	848	845	0	0.000	0	200	1810
894	-573	889	889	0	0.000	0	201	1813
895	-567	871	893	0	0.000	0	195	1815
896	-561	859	919	0	0.000	0	210	1818
897	-555	998	896	0	0.000	0	194	1820
898	-549	1032	1060	0	0.000	0	201	1823
899	-543	1015	1050	0	0.000	0	199	1825
900	-537	1029	1122	0	0.000	0	208	1828
901	-530	1075	1095	0	0.000	0	202	1830
902	-524	1145	1106	0	0.000	0	197	1833
903	-518	1158	1231	0	0.000	0	191	1835
904	-512	1241	1333	0	0.000	0	203	1838
905	-506	1329	1319	0	0.000	0	215	1840
906	-500	1333	1350	0	0.000	0	193	1843
907	-494	1393	1381	0	0.000	0	184	1845
908	-488	1506	1482	0	0.000	0	203	1848
909	-481	1492	1536	0	0.000	0	199	1851
910	-475	1650	1533	0	0.000	0	214	1853
911	-469	1575	1633	0	0.000	0	190	1855
912	-463	1687	1751	0	0.000	0	183	1858
913	-457	1856	1686	0	0.000	0	196	1860
914	-451	1696	1780	0	0.000	0	193	1863
915	-445	1794	1794	0	0.000	0	191	1865
916	-438	1837	1876	0	0.000	0	198	1868
917	-432	1918	1842	0	0.000	0	206	1871
918	-426	2034	1930	0	0.000	0	187	1873
919	-1046	260	251	0	0.000	0	199	1619
920	-1040	277	258	0	0.000	0	196	1622
921	-1034	270	312	0	0.000	0	199	1624
922	-1028	250	280	0	0.000	0	193	1627
923	-1021	218	285	0	0.000	0	198	1629
924	-1015	266	284	0	0.000	0	205	1632
925	-1009	259	283	0	0.000	0	212	1634
926	-1003	262	211	0	0.000	0	187	1637
927	-997	260	292	0	0.000	0	190	1639
928	-991	259	264	0	0.000	0	202	1642
929	-985	261	279	0	0.000	0	214	1644
930	-978	254	254	0	0.000	0	189	1647
931	-972	271	281	0	0.000	0	202	1649
932	-966	280	269	0	0.000	0	204	1652
933	-960	267	288	0	0.000	0	203	1654
934	-954	280	289	0	0.000	0	195	1657
935	-948	316	278	0	0.000	0	192	1659
936	-942	269	277	0	0.000	0	215	1662
937	-936	259	279	0	0.000	0	212	1664
938	-929	279	278	0	0.000	0	186	1667
939	-923	295	284	0	0.000	0	202	1670
940	-917	303	274	0	0.000	0	202	1672
941	-911	300	285	0	0.000	0	218	1674
942	-905	311	289	0	0.000	0	197	1677
943	-899	300	267	0	0.000	0	197	1679
944	-893	297	317	0	0.000	0	198	1682
945	-886	327	317	0	0.000	0	188	1685
946	-880	313	304	0	0.000	0	187	1687
947	-874	317	312	0	0.000	0	204	1690
948	-868	326	341	0	0.000	0	208	1692
949	-862	329	325	0	0.000	0	192	1695
950	-856	302	347	0	0.000	0	202	1697
951	-850	339	284	0	0.000	0	197	1699
952	-843	335	343	0	0.000	0	195	1702
953	-837	357	351	0	0.000	0	196	1705
954	-831	359	364	0	0.000	0	199	1707
955	-825	310	334	0	0.000	0	186	1710
956	-819	354	348	0	0.000	0	196	1712
957	-813	327	348	0	0.000	0	185	1715
958	-807	368	311	0	0.000	0	187	1717
959	-801	371	353	0	0.000	0	199	1719
960	-794	343	392	0	0.000	0	203	1722
961	-788	374	424	0	0.000	0	187	1725
962	-782	418	352	0	0.000	0	196	1727
963	-776	363	361	0	0.000	0	188	1730
964	-770	364	405	0	0.000	0	186	1732
965	-764	387	406	0	0.000	0	193	1735
966	-758	403	393	0	0.000	0	194	1737
967	-751	400	398	0	0.000	0	185	1740
968	-745	397	403	0	0.000	0	209	1742
969	-739	408	410	0	0.000	0	202	1745
970	-733	455	445	0	0.000	0	195	1747
971	-727	467	429	0	0.000	0	206	1750
972	-721	427	417	0	0.000	0	216	1752
973	-715	422	440	0	0.000	0	199	1755
974	-708	444	444	0	0.000	0	193	1758
975	-702	490	440	0	0.000	0	187	1760
976	-696	453	469	0	0.000	0	191	1762
977	-690	487	497	0	0.000	0	199	1765
978	-684	553	533	0	0.000	0	208	1767
979	-678	528	515	0	0.000	0	191	1770
980	-672	520	506	0	0.000	0	204	1772
981	-665	552	529	0	0.000	0	196	1775
982	-659	590	572	0	0.000	0	196	1778
983	-653	587	566	0	0.000	0	209	1780
984	-647	604	575	0	0.000	0	202	1783
985	-641	603	611	0	0.000	0	195	1785
986	-635	580	624	0	0.000	0	219	1787
987	-629	653	626	0	0.000	0	198	1790
988	-623	702	671	0	0.000	0	202	1792
989	-616	726	662	0	0.000	0	184	1795
990	-610	693	688	0	0.000	0	197	1798
991	-604	722	727	0	0.000	0	202	1800
992	-598	798	773	0	0.000	0	197	1803
993	-592	768	750	0	0.000	0	191	1805
994	-586	850	785	0	0.000	0	190	1808
995	-580	821	821	0	0.000	0	196	1810
996	-573	908	862	0	0.000	0	197	1813
997	-567	900	903	0	0.000	0	207	1815
998	-561	948	914	0	0.000	0	191	1818
999	-555	932	930	0	0.000	0	190	1820
1000	-549	932	990	0	0.000	0	190	1823
1001	-543	1112	1041	0	0.000	0	196	1825
1002	-537	1101	1111	0	0.000	0	202	1828
1003	-530	1146	1081	0	0.000	0	187	1830
1004	-524	1168	1108	0	0.000	0	196	1833
1005	-518	1210	1186	0	0.000	0	195	1835
1006	-512	1331	1329	0	0.000	0	194	1838
1007	-506	1390	1357	0	0.000	0	208	1840
1008	-500	1356	1385	0	0.000	0	194	1843
1009	-494	1393	1407	0	0.000	0	189	1845
1010	-488	1547	1413	0	0.000	0	199	1848
1011	-481	1472	1530	0	0.000	0	203	1851
1012	-475	1572	1553	0	0.000	0	193	1853
1013	-469	1539	1592	0	0.000	0	188	1855
1014	-463	1694	1731	0	0.000	0	193	1858
1015	-457	1696	1800	0	0.000	0	196	1860
1016	-451	1756	1816	0	0.000	0	209	1863
1017	-445	1782	1792	0	0.000	0	195	1865
1018	-438	1798	1844	0	0.000	0	206	1868
1019	-432	1838	1925	0	0.000	0	203	1871
1020	-426	1864	1851	0	0.000	0	199	1873
