   5.0000000e-02   1.6610465e+02
   1.0000000e-01   1.6670058e+02
   1.5000000e-01   1.6732887e+02
   2.0000000e-01   1.6794821e+02
   2.5000000e-01   1.6854386e+02
   3.0000000e-01   1.6913433e+02
   3.5000000e-01   1.6973187e+02
   4.0000000e-01   1.7029024e+02
   4.5000000e-01   1.7084520e+02
   5.0000000e-01   1.7139826e+02
   5.5000000e-01   1.7189354e+02
   6.0000000e-01   1.7234238e+02
   6.5000000e-01   1.7277198e+02
   7.0000000e-01   1.7323091e+02
   7.5000000e-01   1.7373628e+02
   8.0000000e-01   1.7422870e+02
   8.5000000e-01   1.7467779e+02
   9.0000000e-01   1.7514897e+02
   9.5000000e-01   1.7561513e+02
   1.0000000e+00   1.7607213e+02
   1.0500000e+00   1.7649907e+02
   1.1000000e+00   1.7696149e+02
   1.1500000e+00   1.7742215e+02
   1.2000000e+00   1.7783227e+02
   1.2500000e+00   1.7822282e+02
   1.3000000e+00   1.7862586e+02
   1.3500000e+00   1.7905107e+02
   1.4000000e+00   1.7946852e+02
   1.4500000e+00   1.7983929e+02
   1.5000000e+00   1.8018675e+02
   1.5500000e+00   1.8059034e+02
   1.6000000e+00   1.8097940e+02
   1.6500000e+00   1.8137617e+02
   1.7000000e+00   1.8180079e+02
   1.7500000e+00   1.8218907e+02
   1.8000000e+00   1.8256620e+02
   1.8500000e+00   1.8293643e+02
   1.9000000e+00   1.8331951e+02
   1.9500000e+00   1.8371325e+02
   2.0000000e+00   1.8411531e+02
   2.0500000e+00   1.8452537e+02
   2.1000000e+00   1.8485650e+02
   2.1500000e+00   1.8518784e+02
   2.2000000e+00   1.8555533e+02
   2.2500000e+00   1.8594884e+02
   2.3000000e+00   1.8633077e+02
   2.3500000e+00   1.8669765e+02
   2.4000000e+00   1.8703596e+02
   2.4500000e+00   1.8736694e+02
   2.5000000e+00   1.8770357e+02
   2.5500000e+00   1.8806537e+02
   2.6000000e+00   1.8842134e+02
   2.6500000e+00   1.8877010e+02
   2.7000000e+00   1.8911042e+02
   2.7500000e+00   1.8940430e+02
   2.8000000e+00   1.8972607e+02
   2.8500000e+00   1.9007023e+02
   2.9000000e+00   1.9042607e+02
   2.9500000e+00   1.9074018e+02
   3.0000000e+00   1.9103824e+02
   3.0500000e+00   1.9133365e+02
   3.1000000e+00   1.9165085e+02
   3.1500000e+00   1.9196502e+02
   3.2000000e+00   1.9227337e+02
   3.2500000e+00   1.9258765e+02
   3.3000000e+00   1.9286993e+02
   3.3500000e+00   1.9314273e+02
   3.4000000e+00   1.9344930e+02
   3.4500000e+00   1.9374019e+02
   3.5000000e+00   1.9402319e+02
   3.5500000e+00   1.9429979e+02
   3.6000000e+00   1.9456907e+02
   3.6500000e+00   1.9483874e+02
   3.7000000e+00   1.9511141e+02
   3.7500000e+00   1.9540338e+02
   3.8000000e+00   1.9566570e+02
   3.8500000e+00   1.9592136e+02
   3.9000000e+00   1.9619633e+02
   3.9500000e+00   1.9645224e+02
   4.0000000e+00   1.9672729e+02
   4.0500000e+00   1.9703332e+02
   4.1000000e+00   1.9733490e+02
   4.1500000e+00   1.9759208e+02
   4.2000000e+00   1.9782160e+02
   4.2500000e+00   1.9807432e+02
   4.3000000e+00   1.9831956e+02
   4.3500000e+00   1.9856582e+02
   4.4000000e+00   1.9881999e+02
   4.4500000e+00   1.9907717e+02
   4.5000000e+00   1.9932043e+02
   4.5500000e+00   1.9954820e+02
   4.6000000e+00   1.9978048e+02
   4.6500000e+00   2.0003822e+02
   4.7000000e+00   2.0030405e+02
   4.7500000e+00   2.0054521e+02
   4.8000000e+00   2.0078701e+02
   4.8500000e+00   2.0102500e+02
   4.9000000e+00   2.0125618e+02
   4.9500000e+00   2.0144724e+02
   5.0000000e+00   2.0166687e+02
   5.0500000e+00   2.0190827e+02
   5.1000000e+00   2.0210247e+02
   5.1500000e+00   2.0231433e+02
   5.2000000e+00   2.0253341e+02
   5.2500000e+00   2.0275012e+02
   5.3000000e+00   2.0297768e+02
   5.3500000e+00   2.0320772e+02
   5.4000000e+00   2.0343836e+02
   5.4500000e+00   2.0364033e+02
   5.5000000e+00   2.0383647e+02
   5.5500000e+00   2.0403610e+02
   5.6000000e+00   2.0427625e+02
   5.6500000e+00   2.0447430e+02
   5.7000000e+00   2.0467530e+02
   5.7500000e+00   2.0491456e+02
   5.8000000e+00   2.0511573e+02
   5.8500000e+00   2.0530588e+02
   5.9000000e+00   2.0549048e+02
   5.9500000e+00   2.0570596e+02
   6.0000000e+00   2.0591125e+02
   6.0500000e+00   2.0611163e+02
   6.1000000e+00   2.0631564e+02
   6.1500000e+00   2.0651177e+02
   6.2000000e+00   2.0670369e+02
   6.2500000e+00   2.0689196e+02
   6.3000000e+00   2.0709957e+02
   6.3500000e+00   2.0728563e+02
   6.4000000e+00   2.0745683e+02
   6.4500000e+00   2.0767156e+02
   6.5000000e+00   2.0785451e+02
   6.5500000e+00   2.0803074e+02
   6.6000000e+00   2.0822853e+02
   6.6500000e+00   2.0841412e+02
   6.7000000e+00   2.0859408e+02
   6.7500000e+00   2.0876949e+02
   6.8000000e+00   2.0896524e+02
   6.8500000e+00   2.0914377e+02
   6.9000000e+00   2.0930802e+02
   6.9500000e+00   2.0946249e+02
   7.0000000e+00   2.0965787e+02
   7.0500000e+00   2.0985180e+02
   7.1000000e+00   2.1001173e+02
   7.1500000e+00   2.1019093e+02
   7.2000000e+00   2.1036249e+02
   7.2500000e+00   2.1052233e+02
   7.3000000e+00   2.1066626e+02
   7.3500000e+00   2.1083402e+02
   7.4000000e+00   2.1101480e+02
   7.4500000e+00   2.1119298e+02
   7.5000000e+00   2.1135450e+02
   7.5500000e+00   2.1150935e+02
   7.6000000e+00   2.1166028e+02
   7.6500000e+00   2.1180637e+02
   7.7000000e+00   2.1195286e+02
   7.7500000e+00   2.1210506e+02
   7.8000000e+00   2.1229953e+02
   7.8500000e+00   2.1245274e+02
   7.9000000e+00   2.1259010e+02
   7.9500000e+00   2.1273554e+02
   8.0000000e+00   2.1287494e+02
   8.0500000e+00   2.1302270e+02
   8.1000000e+00   2.1318336e+02
   8.1500000e+00   2.1335575e+02
   8.2000000e+00   2.1352145e+02
   8.2500000e+00   2.1368292e+02
   8.3000000e+00   2.1384736e+02
   8.3500000e+00   2.1399449e+02
   8.4000000e+00   2.1412736e+02
   8.4500000e+00   2.1424277e+02
   8.5000000e+00   2.1440189e+02
   8.5500000e+00   2.1455560e+02
   8.6000000e+00   2.1469839e+02
   8.6500000e+00   2.1484906e+02
   8.7000000e+00   2.1498856e+02
   8.7500000e+00   2.1511749e+02
   8.8000000e+00   2.1523117e+02
   8.8500000e+00   2.1535483e+02
   8.9000000e+00   2.1549451e+02
   8.9500000e+00   2.1565685e+02
   9.0000000e+00   2.1578145e+02
   9.0500000e+00   2.1590198e+02
   9.1000000e+00   2.1602254e+02
   9.1500000e+00   2.1615863e+02
   9.2000000e+00   2.1627830e+02
   9.2500000e+00   2.1639755e+02
   9.3000000e+00   2.1653616e+02
   9.3500000e+00   2.1669765e+02
   9.4000000e+00   2.1684210e+02
   9.4500000e+00   2.1695780e+02
   9.5000000e+00   2.1707834e+02
   9.5500000e+00   2.1720601e+02
   9.6000000e+00   2.1733438e+02
   9.6500000e+00   2.1743991e+02
   9.7000000e+00   2.1757368e+02
   9.7500000e+00   2.1771792e+02
   9.8000000e+00   2.1786337e+02
   9.8500000e+00   2.1798863e+02
   9.9000000e+00   2.1810574e+02
   9.9500000e+00   2.1821705e+02
   1.0000000e+01   2.1833900e+02
   1.0050000e+01   2.1844964e+02
   1.0100000e+01   2.1855721e+02
   1.0150000e+01   2.1867740e+02
   1.0200000e+01   2.1879968e+02
   1.0250000e+01   2.1891750e+02
   1.0300000e+01   2.1902686e+02
   1.0350000e+01   2.1911565e+02
   1.0400000e+01   2.1922349e+02
   1.0450000e+01   2.1934863e+02
   1.0500000e+01   2.1946946e+02
   1.0550000e+01   2.1958731e+02
   1.0600000e+01   2.1970485e+02
   1.0650000e+01   2.1982521e+02
   1.0700000e+01   2.1992999e+02
   1.0750000e+01   2.2002825e+02
   1.0800000e+01   2.2012159e+02
   1.0850000e+01   2.2023075e+02
   1.0900000e+01   2.2034558e+02
   1.0950000e+01   2.2046407e+02
   1.1000000e+01   2.2058058e+02
   1.1050000e+01   2.2069465e+02
   1.1100000e+01   2.2080323e+02
   1.1150000e+01   2.2090195e+02
   1.1200000e+01   2.2098669e+02
   1.1250000e+01   2.2108192e+02
   1.1300000e+01   2.2119064e+02
   1.1350000e+01   2.2130408e+02
   1.1400000e+01   2.2142042e+02
   1.1450000e+01   2.2153396e+02
   1.1500000e+01   2.2163109e+02
   1.1550000e+01   2.2172823e+02
   1.1600000e+01   2.2182223e+02
   1.1650000e+01   2.2191090e+02
   1.1700000e+01   2.2200808e+02
   1.1750000e+01   2.2210840e+02
   1.1800000e+01   2.2221250e+02
   1.1850000e+01   2.2232784e+02
   1.1900000e+01   2.2243382e+02
   1.1950000e+01   2.2253033e+02
   1.2000000e+01   2.2261250e+02
   1.2050000e+01   2.2270084e+02
   1.2100000e+01   2.2279054e+02
   1.2150000e+01   2.2288064e+02
   1.2200000e+01   2.2298408e+02
   1.2250000e+01   2.2308736e+02
   1.2300000e+01   2.2318957e+02
   1.2350000e+01   2.2328693e+02
   1.2400000e+01   2.2337245e+02
   1.2450000e+01   2.2345558e+02
   1.2500000e+01   2.2354245e+02
   1.2550000e+01   2.2362066e+02
   1.2600000e+01   2.2371095e+02
   1.2650000e+01   2.2381496e+02
   1.2700000e+01   2.2391026e+02
   1.2750000e+01   2.2400148e+02
   1.2800000e+01   2.2408954e+02
   1.2850000e+01   2.2417457e+02
   1.2900000e+01   2.2425061e+02
   1.2950000e+01   2.2432613e+02
   1.3000000e+01   2.2440468e+02
   1.3050000e+01   2.2450066e+02
   1.3100000e+01   2.2459253e+02
   1.3150000e+01   2.2467948e+02
   1.3200000e+01   2.2476223e+02
   1.3250000e+01   2.2484599e+02
   1.3300000e+01   2.2492613e+02
   1.3350000e+01   2.2499517e+02
   1.3400000e+01   2.2507427e+02
   1.3450000e+01   2.2515954e+02
   1.3500000e+01   2.2525066e+02
   1.3550000e+01   2.2533989e+02
   1.3600000e+01   2.2543638e+02
   1.3650000e+01   2.2553381e+02
   1.3700000e+01   2.2560948e+02
   1.3750000e+01   2.2568817e+02
   1.3800000e+01   2.2576519e+02
   1.3850000e+01   2.2583646e+02
   1.3900000e+01   2.2591102e+02
   1.3950000e+01   2.2599126e+02
   1.4000000e+01   2.2607716e+02
   1.4050000e+01   2.2616116e+02
   1.4100000e+01   2.2624102e+02
   1.4150000e+01   2.2631805e+02
   1.4200000e+01   2.2639340e+02
   1.4250000e+01   2.2645957e+02
   1.4300000e+01   2.2652510e+02
   1.4350000e+01   2.2659350e+02
   1.4400000e+01   2.2667634e+02
   1.4450000e+01   2.2675845e+02
   1.4500000e+01   2.2683846e+02
   1.4550000e+01   2.2691198e+02
   1.4600000e+01   2.2697586e+02
   1.4650000e+01   2.2703755e+02
   1.4700000e+01   2.2710511e+02
   1.4750000e+01   2.2717611e+02
   1.4800000e+01   2.2725056e+02
   1.4850000e+01   2.2732884e+02
   1.4900000e+01   2.2740668e+02
   1.4950000e+01   2.2748953e+02
   1.5000000e+01   2.2757306e+02
   1.5050000e+01   2.2764178e+02
   1.5100000e+01   2.2770357e+02
   1.5150000e+01   2.2776504e+02
   1.5200000e+01   2.2783095e+02
   1.5250000e+01   2.2789365e+02
   1.5300000e+01   2.2796215e+02
   1.5350000e+01   2.2803706e+02
   1.5400000e+01   2.2810793e+02
   1.5450000e+01   2.2817878e+02
   1.5500000e+01   2.2824568e+02
   1.5550000e+01   2.2829837e+02
   1.5600000e+01   2.2835719e+02
   1.5650000e+01   2.2841886e+02
   1.5700000e+01   2.2848265e+02
   1.5750000e+01   2.2854857e+02
   1.5800000e+01   2.2862188e+02
   1.5850000e+01   2.2870039e+02
   1.5900000e+01   2.2876950e+02
   1.5950000e+01   2.2883781e+02
   1.6000000e+01   2.2890319e+02
   1.6050000e+01   2.2896154e+02
   1.6100000e+01   2.2901561e+02
   1.6150000e+01   2.2907132e+02
   1.6200000e+01   2.2913033e+02
   1.6250000e+01   2.2920072e+02
   1.6300000e+01   2.2927287e+02
   1.6350000e+01   2.2934596e+02
   1.6400000e+01   2.2941750e+02
   1.6450000e+01   2.2948056e+02
   1.6500000e+01   2.2954021e+02
   1.6550000e+01   2.2959886e+02
   1.6600000e+01   2.2965208e+02
   1.6650000e+01   2.2970603e+02
   1.6700000e+01   2.2976170e+02
   1.6750000e+01   2.2982199e+02
   1.6800000e+01   2.2988702e+02
   1.6850000e+01   2.2995287e+02
   1.6900000e+01   2.3001189e+02
   1.6950000e+01   2.3006307e+02
   1.7000000e+01   2.3011267e+02
   1.7050000e+01   2.3016298e+02
   1.7100000e+01   2.3021650e+02
   1.7150000e+01   2.3027603e+02
   1.7200000e+01   2.3033994e+02
   1.7250000e+01   2.3039787e+02
   1.7300000e+01   2.3046061e+02
   1.7350000e+01   2.3052377e+02
   1.7400000e+01   2.3058222e+02
   1.7450000e+01   2.3063066e+02
   1.7500000e+01   2.3068009e+02
   1.7550000e+01   2.3073320e+02
   1.7600000e+01   2.3077879e+02
   1.7650000e+01   2.3083493e+02
   1.7700000e+01   2.3089740e+02
   1.7750000e+01   2.3095406e+02
   1.7800000e+01   2.3101336e+02
   1.7850000e+01   2.3107368e+02
   1.7900000e+01   2.3113421e+02
   1.7950000e+01   2.3117577e+02
   1.8000000e+01   2.3122089e+02
   1.8050000e+01   2.3127197e+02
   1.8100000e+01   2.3132057e+02
   1.8150000e+01   2.3137483e+02
   1.8200000e+01   2.3143168e+02
   1.8250000e+01   2.3148629e+02
   1.8300000e+01   2.3154480e+02
   1.8350000e+01   2.3160220e+02
   1.8400000e+01   2.3165611e+02
   1.8450000e+01   2.3169877e+02
   1.8500000e+01   2.3174333e+02
   1.8550000e+01   2.3179021e+02
   1.8600000e+01   2.3183855e+02
   1.8650000e+01   2.3189000e+02
   1.8700000e+01   2.3194364e+02
   1.8750000e+01   2.3199947e+02
   1.8800000e+01   2.3205515e+02
   1.8850000e+01   2.3210760e+02
   1.8900000e+01   2.3215576e+02
   1.8950000e+01   2.3220044e+02
   1.9000000e+01   2.3224419e+02
   1.9050000e+01   2.3228754e+02
   1.9100000e+01   2.3233216e+02
   1.9150000e+01   2.3238278e+02
   1.9200000e+01   2.3243609e+02
   1.9250000e+01   2.3249069e+02
   1.9300000e+01   2.3253958e+02
   1.9350000e+01   2.3259053e+02
   1.9400000e+01   2.3264325e+02
   1.9450000e+01   2.3267821e+02
   1.9500000e+01   2.3271851e+02
   1.9550000e+01   2.3276243e+02
   1.9600000e+01   2.3280847e+02
   1.9650000e+01   2.3285642e+02
   1.9700000e+01   2.3290576e+02
   1.9750000e+01   2.3295662e+02
   1.9800000e+01   2.3300666e+02
   1.9850000e+01   2.3305464e+02
   1.9900000e+01   2.3309980e+02
   1.9950000e+01   2.3313659e+02
   2.0000000e+01   2.3317714e+02
   2.0050000e+01   2.3321889e+02
   2.0100000e+01   2.3325936e+02
   2.0150000e+01   2.3330480e+02
   2.0200000e+01   2.3335235e+02
   2.0250000e+01   2.3340155e+02
   2.0300000e+01   2.3345368e+02
   2.0350000e+01   2.3349747e+02
   2.0400000e+01   2.3353534e+02
   2.0450000e+01   2.3357297e+02
   2.0500000e+01   2.3361194e+02
   2.0550000e+01   2.3365034e+02
   2.0600000e+01   2.3368656e+02
   2.0650000e+01   2.3373402e+02
   2.0700000e+01   2.3378147e+02
   2.0750000e+01   2.3382728e+02
   2.0800000e+01   2.3386796e+02
   2.0850000e+01   2.3391365e+02
   2.0900000e+01   2.3395793e+02
   2.0950000e+01   2.3398708e+02
   2.1000000e+01   2.3401950e+02
   2.1050000e+01   2.3405557e+02
   2.1100000e+01   2.3409631e+02
   2.1150000e+01   2.3413836e+02
   2.1200000e+01   2.3418024e+02
   2.1250000e+01   2.3422234e+02
   2.1300000e+01   2.3426772e+02
   2.1350000e+01   2.3430688e+02
   2.1400000e+01   2.3434254e+02
   2.1450000e+01   2.3437624e+02
   2.1500000e+01   2.3440649e+02
   2.1550000e+01   2.3444021e+02
   2.1600000e+01   2.3447935e+02
   2.1650000e+01   2.3451793e+02
   2.1700000e+01   2.3456112e+02
   2.1750000e+01   2.3460673e+02
   2.1800000e+01   2.3464824e+02
   2.1850000e+01   2.3469187e+02
   2.1900000e+01   2.3473345e+02
   2.1950000e+01   2.3476924e+02
   2.2000000e+01   2.3480176e+02
   2.2050000e+01   2.3483339e+02
   2.2100000e+01   2.3486483e+02
   2.2150000e+01   2.3490246e+02
   2.2200000e+01   2.3493892e+02
   2.2250000e+01   2.3497628e+02
   2.2300000e+01   2.3501919e+02
   2.2350000e+01   2.3505668e+02
   2.2400000e+01   2.3509310e+02
   2.2450000e+01   2.3513002e+02
   2.2500000e+01   2.3516001e+02
   2.2550000e+01   2.3518945e+02
   2.2600000e+01   2.3521912e+02
   2.2650000e+01   2.3525222e+02
   2.2700000e+01   2.3528897e+02
   2.2750000e+01   2.3532789e+02
   2.2800000e+01   2.3536823e+02
   2.2850000e+01   2.3540972e+02
   2.2900000e+01   2.3544889e+02
   2.2950000e+01   2.3548472e+02
   2.3000000e+01   2.3552218e+02
   2.3050000e+01   2.3555285e+02
   2.3100000e+01   2.3557944e+02
   2.3150000e+01   2.3560953e+02
   2.3200000e+01   2.3564184e+02
   2.3250000e+01   2.3567583e+02
   2.3300000e+01   2.3571174e+02
   2.3350000e+01   2.3574852e+02
   2.3400000e+01   2.3578427e+02
   2.3450000e+01   2.3581875e+02
   2.3500000e+01   2.3585224e+02
   2.3550000e+01   2.3588169e+02
   2.3600000e+01   2.3590834e+02
   2.3650000e+01   2.3593315e+02
   2.3700000e+01   2.3596411e+02
   2.3750000e+01   2.3599687e+02
   2.3800000e+01   2.3603001e+02
   2.3850000e+01   2.3607011e+02
   2.3900000e+01   2.3610745e+02
   2.3950000e+01   2.3614208e+02
   2.4000000e+01   2.3617647e+02
   2.4050000e+01   2.3621097e+02
   2.4100000e+01   2.3624262e+02
   2.4150000e+01   2.3626651e+02
   2.4200000e+01   2.3629182e+02
   2.4250000e+01   2.3631995e+02
   2.4300000e+01   2.3635149e+02
   2.4350000e+01   2.3638034e+02
   2.4400000e+01   2.3641512e+02
   2.4450000e+01   2.3645284e+02
   2.4500000e+01   2.3648436e+02
   2.4550000e+01   2.3651139e+02
   2.4600000e+01   2.3653791e+02
   2.4650000e+01   2.3656651e+02
   2.4700000e+01   2.3658865e+02
   2.4750000e+01   2.3661215e+02
   2.4800000e+01   2.3663840e+02
   2.4850000e+01   2.3667299e+02
   2.4900000e+01   2.3670614e+02
   2.4950000e+01   2.3673924e+02
   2.5000000e+01   2.3677501e+02
   2.5050000e+01   2.3680641e+02
   2.5100000e+01   2.3683560e+02
   2.5150000e+01   2.3686299e+02
   2.5200000e+01   2.3688885e+02
   2.5250000e+01   2.3691261e+02
   2.5300000e+01   2.3693508e+02
   2.5350000e+01   2.3696102e+02
   2.5400000e+01   2.3698996e+02
   2.5450000e+01   2.3702138e+02
   2.5500000e+01   2.3705590e+02
   2.5550000e+01   2.3708969e+02
   2.5600000e+01   2.3712140e+02
   2.5650000e+01   2.3715055e+02
   2.5700000e+01   2.3717895e+02
   2.5750000e+01   2.3720409e+02
   2.5800000e+01   2.3722689e+02
   2.5850000e+01   2.3724933e+02
   2.5900000e+01   2.3727449e+02
   2.5950000e+01   2.3729980e+02
   2.6000000e+01   2.3732349e+02
   2.6050000e+01   2.3735818e+02
   2.6100000e+01   2.3738988e+02
   2.6150000e+01   2.3741700e+02
   2.6200000e+01   2.3744201e+02
   2.6250000e+01   2.3746473e+02
   2.6300000e+01   2.3748591e+02
   2.6350000e+01   2.3750624e+02
   2.6400000e+01   2.3752836e+02
   2.6450000e+01   2.3755362e+02
   2.6500000e+01   2.3758329e+02
   2.6550000e+01   2.3760814e+02
   2.6600000e+01   2.3763714e+02
   2.6650000e+01   2.3766941e+02
   2.6700000e+01   2.3769794e+02
   2.6750000e+01   2.3772213e+02
   2.6800000e+01   2.3774434e+02
   2.6850000e+01   2.3776641e+02
   2.6900000e+01   2.3778576e+02
   2.6950000e+01   2.3780643e+02
   2.7000000e+01   2.3782951e+02
   2.7050000e+01   2.3785489e+02
   2.7100000e+01   2.3788145e+02
   2.7150000e+01   2.3790906e+02
   2.7200000e+01   2.3793777e+02
   2.7250000e+01   2.3796497e+02
   2.7300000e+01   2.3799052e+02
   2.7350000e+01   2.3801369e+02
   2.7400000e+01   2.3803518e+02
   2.7450000e+01   2.3805425e+02
   2.7500000e+01   2.3807135e+02
   2.7550000e+01   2.3809476e+02
   2.7600000e+01   2.3811868e+02
   2.7650000e+01   2.3814287e+02
   2.7700000e+01   2.3816692e+02
   2.7750000e+01   2.3819624e+02
   2.7800000e+01   2.3822453e+02
   2.7850000e+01   2.3824897e+02
   2.7900000e+01   2.3826929e+02
   2.7950000e+01   2.3829113e+02
   2.8000000e+01   2.3831343e+02
   2.8050000e+01   2.3832795e+02
   2.8100000e+01   2.3834783e+02
   2.8150000e+01   2.3837070e+02
   2.8200000e+01   2.3839528e+02
   2.8250000e+01   2.3841802e+02
   2.8300000e+01   2.3844307e+02
   2.8350000e+01   2.3847152e+02
   2.8400000e+01   2.3849621e+02
   2.8450000e+01   2.3851707e+02
   2.8500000e+01   2.3853570e+02
   2.8550000e+01   2.3855647e+02
   2.8600000e+01   2.3857395e+02
   2.8650000e+01   2.3859199e+02
   2.8700000e+01   2.3861350e+02
   2.8750000e+01   2.3863584e+02
   2.8800000e+01   2.3865785e+02
   2.8850000e+01   2.3867978e+02
   2.8900000e+01   2.3870680e+02
   2.8950000e+01   2.3873159e+02
   2.9000000e+01   2.3875412e+02
   2.9050000e+01   2.3877300e+02
   2.9100000e+01   2.3879118e+02
   2.9150000e+01   2.3880828e+02
   2.9200000e+01   2.3882389e+02
   2.9250000e+01   2.3884384e+02
   2.9300000e+01   2.3886569e+02
   2.9350000e+01   2.3888856e+02
   2.9400000e+01   2.3890797e+02
   2.9450000e+01   2.3893175e+02
   2.9500000e+01   2.3895661e+02
   2.9550000e+01   2.3897929e+02
   2.9600000e+01   2.3899856e+02
   2.9650000e+01   2.3901622e+02
   2.9700000e+01   2.3903251e+02
   2.9750000e+01   2.3904623e+02
   2.9800000e+01   2.3906422e+02
   2.9850000e+01   2.3908515e+02
   2.9900000e+01   2.3910598e+02
   2.9950000e+01   2.3912695e+02
   3.0000000e+01   2.3914799e+02
   3.0050000e+01   2.3916908e+02
   3.0100000e+01   2.3919183e+02
   3.0150000e+01   2.3921246e+02
   3.0200000e+01   2.3923042e+02
   3.0250000e+01   2.3924488e+02
   3.0300000e+01   2.3925923e+02
   3.0350000e+01   2.3927398e+02
   3.0400000e+01   2.3929036e+02
   3.0450000e+01   2.3931126e+02
   3.0500000e+01   2.3933288e+02
   3.0550000e+01   2.3935381e+02
   3.0600000e+01   2.3937169e+02
   3.0650000e+01   2.3939180e+02
   3.0700000e+01   2.3941341e+02
   3.0750000e+01   2.3943093e+02
   3.0800000e+01   2.3944504e+02
   3.0850000e+01   2.3945833e+02
   3.0900000e+01   2.3947337e+02
   3.0950000e+01   2.3948757e+02
   3.1000000e+01   2.3950429e+02
   3.1050000e+01   2.3952452e+02
   3.1100000e+01   2.3954666e+02
   3.1150000e+01   2.3956665e+02
   3.1200000e+01   2.3958568e+02
   3.1250000e+01   2.3960732e+02
   3.1300000e+01   2.3962827e+02
   3.1350000e+01   2.3964725e+02
   3.1400000e+01   2.3966268e+02
   3.1450000e+01   2.3967735e+02
   3.1500000e+01   2.3969124e+02
   3.1550000e+01   2.3970458e+02
   3.1600000e+01   2.3972056e+02
   3.1650000e+01   2.3973889e+02
   3.1700000e+01   2.3975824e+02
   3.1750000e+01   2.3977662e+02
   3.1800000e+01   2.3979533e+02
   3.1850000e+01   2.3981429e+02
   3.1900000e+01   2.3983355e+02
   3.1950000e+01   2.3984989e+02
   3.2000000e+01   2.3986453e+02
   3.2050000e+01   2.3987764e+02
   3.2100000e+01   2.3988951e+02
   3.2150000e+01   2.3990319e+02
   3.2200000e+01   2.3991878e+02
   3.2250000e+01   2.3993736e+02
   3.2300000e+01   2.3995545e+02
   3.2350000e+01   2.3997318e+02
   3.2400000e+01   2.3999057e+02
   3.2450000e+01   2.4000836e+02
   3.2500000e+01   2.4002518e+02
   3.2550000e+01   2.4004025e+02
   3.2600000e+01   2.4005012e+02
   3.2650000e+01   2.4006266e+02
   3.2700000e+01   2.4007586e+02
   3.2750000e+01   2.4008861e+02
   3.2800000e+01   2.4010461e+02
   3.2850000e+01   2.4012280e+02
   3.2900000e+01   2.4014274e+02
   3.2950000e+01   2.4015915e+02
   3.3000000e+01   2.4017607e+02
   3.3050000e+01   2.4019357e+02
   3.3100000e+01   2.4021211e+02
   3.3150000e+01   2.4022767e+02
   3.3200000e+01   2.4024091e+02
   3.3250000e+01   2.4025159e+02
   3.3300000e+01   2.4026333e+02
   3.3350000e+01   2.4027607e+02
   3.3400000e+01   2.4028988e+02
   3.3450000e+01   2.4030567e+02
   3.3500000e+01   2.4032264e+02
   3.3550000e+01   2.4033964e+02
   3.3600000e+01   2.4035539e+02
   3.3650000e+01   2.4037142e+02
   3.3700000e+01   2.4038662e+02
   3.3750000e+01   2.4040062e+02
   3.3800000e+01   2.4041197e+02
   3.3850000e+01   2.4042195e+02
   3.3900000e+01   2.4043164e+02
   3.3950000e+01   2.4044444e+02
   3.4000000e+01   2.4045955e+02
   3.4050000e+01   2.4047584e+02
   3.4100000e+01   2.4049296e+02
   3.4150000e+01   2.4050780e+02
   3.4200000e+01   2.4052404e+02
   3.4250000e+01   2.4054182e+02
   3.4300000e+01   2.4055650e+02
   3.4350000e+01   2.4057081e+02
   3.4400000e+01   2.4058434e+02
   3.4450000e+01   2.4059590e+02
   3.4500000e+01   2.4060410e+02
   3.4550000e+01   2.4061381e+02
   3.4600000e+01   2.4062730e+02
   3.4650000e+01   2.4064250e+02
   3.4700000e+01   2.4065803e+02
   3.4750000e+01   2.4067344e+02
   3.4800000e+01   2.4068625e+02
   3.4850000e+01   2.4070186e+02
   3.4900000e+01   2.4071704e+02
   3.4950000e+01   2.4072790e+02
   3.5000000e+01   2.4073797e+02
   3.5050000e+01   2.4074858e+02
   3.5100000e+01   2.4076003e+02
   3.5150000e+01   2.4076813e+02
   3.5200000e+01   2.4078022e+02
   3.5250000e+01   2.4079527e+02
   3.5300000e+01   2.4081128e+02
   3.5350000e+01   2.4082611e+02
   3.5400000e+01   2.4084045e+02
   3.5450000e+01   2.4085456e+02
   3.5500000e+01   2.4086954e+02
   3.5550000e+01   2.4088276e+02
   3.5600000e+01   2.4089399e+02
   3.5650000e+01   2.4090469e+02
   3.5700000e+01   2.4091395e+02
   3.5750000e+01   2.4092277e+02
   3.5800000e+01   2.4093288e+02
   3.5850000e+01   2.4094553e+02
   3.5900000e+01   2.4095914e+02
   3.5950000e+01   2.4097333e+02
   3.6000000e+01   2.4098718e+02
   3.6050000e+01   2.4100011e+02
   3.6100000e+01   2.4101213e+02
   3.6150000e+01   2.4102317e+02
   3.6200000e+01   2.4103278e+02
   3.6250000e+01   2.4104183e+02
   3.6300000e+01   2.4105103e+02
   3.6350000e+01   2.4105960e+02
   3.6400000e+01   2.4106950e+02
   3.6450000e+01   2.4108129e+02
   3.6500000e+01   2.4109494e+02
   3.6550000e+01   2.4110872e+02
   3.6600000e+01   2.4112241e+02
   3.6650000e+01   2.4113512e+02
   3.6700000e+01   2.4114738e+02
   3.6750000e+01   2.4115903e+02
   3.6800000e+01   2.4116974e+02
   3.6850000e+01   2.4117824e+02
   3.6900000e+01   2.4118695e+02
   3.6950000e+01   2.4119597e+02
   3.7000000e+01   2.4120255e+02
   3.7050000e+01   2.4121301e+02
   3.7100000e+01   2.4122562e+02
   3.7150000e+01   2.4123832e+02
   3.7200000e+01   2.4125162e+02
   3.7250000e+01   2.4126429e+02
   3.7300000e+01   2.4127574e+02
   3.7350000e+01   2.4128810e+02
   3.7400000e+01   2.4129899e+02
   3.7450000e+01   2.4130845e+02
   3.7500000e+01   2.4131675e+02
   3.7550000e+01   2.4132493e+02
   3.7600000e+01   2.4133268e+02
   3.7650000e+01   2.4133942e+02
   3.7700000e+01   2.4135038e+02
   3.7750000e+01   2.4136251e+02
   3.7800000e+01   2.4137522e+02
   3.7850000e+01   2.4138729e+02
   3.7900000e+01   2.4139845e+02
   3.7950000e+01   2.4140951e+02
   3.8000000e+01   2.4142304e+02
   3.8050000e+01   2.4143259e+02
   3.8100000e+01   2.4144062e+02
   3.8150000e+01   2.4144822e+02
   3.8200000e+01   2.4145657e+02
   3.8250000e+01   2.4146382e+02
   3.8300000e+01   2.4147017e+02
   3.8350000e+01   2.4148135e+02
   3.8400000e+01   2.4149367e+02
   3.8450000e+01   2.4150609e+02
   3.8500000e+01   2.4151671e+02
   3.8550000e+01   2.4152743e+02
   3.8600000e+01   2.4153883e+02
   3.8650000e+01   2.4155130e+02
   3.8700000e+01   2.4155986e+02
   3.8750000e+01   2.4156773e+02
   3.8800000e+01   2.4157508e+02
   3.8850000e+01   2.4158179e+02
   3.8900000e+01   2.4158910e+02
   3.8950000e+01   2.4159719e+02
   3.9000000e+01   2.4160664e+02
   3.9050000e+01   2.4161787e+02
   3.9100000e+01   2.4162885e+02
   3.9150000e+01   2.4163910e+02
   3.9200000e+01   2.4164748e+02
   3.9250000e+01   2.4165655e+02
   3.9300000e+01   2.4166554e+02
   3.9350000e+01   2.4167190e+02
   3.9400000e+01   2.4167781e+02
   3.9450000e+01   2.4168390e+02
   3.9500000e+01   2.4169071e+02
   3.9550000e+01   2.4169961e+02
   3.9600000e+01   2.4170865e+02
   3.9650000e+01   2.4171777e+02
   3.9700000e+01   2.4172899e+02
   3.9750000e+01   2.4173922e+02
   3.9800000e+01   2.4174859e+02
   3.9850000e+01   2.4175693e+02
   3.9900000e+01   2.4176531e+02
   3.9950000e+01   2.4177275e+02
   4.0000000e+01   2.4177870e+02
   4.0050000e+01   2.4178390e+02
   4.0100000e+01   2.4178959e+02
   4.0150000e+01   2.4179610e+02
   4.0200000e+01   2.4180547e+02
   4.0250000e+01   2.4181351e+02
   4.0300000e+01   2.4182187e+02
   4.0350000e+01   2.4183255e+02
   4.0400000e+01   2.4184167e+02
   4.0450000e+01   2.4185025e+02
   4.0500000e+01   2.4185842e+02
   4.0550000e+01   2.4186575e+02
   4.0600000e+01   2.4187205e+02
   4.0650000e+01   2.4187746e+02
   4.0700000e+01   2.4188199e+02
   4.0750000e+01   2.4188744e+02
   4.0800000e+01   2.4189412e+02
   4.0850000e+01   2.4190268e+02
   4.0900000e+01   2.4190987e+02
   4.0950000e+01   2.4191810e+02
   4.1000000e+01   2.4192751e+02
   4.1050000e+01   2.4193625e+02
   4.1100000e+01   2.4194413e+02
   4.1150000e+01   2.4195113e+02
   4.1200000e+01   2.4195674e+02
   4.1250000e+01   2.4196242e+02
   4.1300000e+01   2.4196756e+02
   4.1350000e+01   2.4197183e+02
   4.1400000e+01   2.4197633e+02
   4.1450000e+01   2.4198285e+02
   4.1500000e+01   2.4199082e+02
   4.1550000e+01   2.4199698e+02
   4.1600000e+01   2.4200446e+02
   4.1650000e+01   2.4201271e+02
   4.1700000e+01   2.4202151e+02
   4.1750000e+01   2.4202798e+02
   4.1800000e+01   2.4203356e+02
   4.1850000e+01   2.4203848e+02
   4.1900000e+01   2.4204336e+02
   4.1950000e+01   2.4204725e+02
   4.2000000e+01   2.4205073e+02
   4.2050000e+01   2.4205552e+02
   4.2100000e+01   2.4206142e+02
   4.2150000e+01   2.4206767e+02
   4.2200000e+01   2.4207387e+02
   4.2250000e+01   2.4208149e+02
   4.2300000e+01   2.4208934e+02
   4.2350000e+01   2.4209722e+02
   4.2400000e+01   2.4210410e+02
   4.2450000e+01   2.4211026e+02
   4.2500000e+01   2.4211604e+02
   4.2550000e+01   2.4212192e+02
   4.2600000e+01   2.4212579e+02
   4.2650000e+01   2.4212924e+02
   4.2700000e+01   2.4213277e+02
   4.2750000e+01   2.4213678e+02
   4.2800000e+01   2.4214148e+02
   4.2850000e+01   2.4214689e+02
   4.2900000e+01   2.4215337e+02
   4.2950000e+01   2.4216021e+02
   4.3000000e+01   2.4216688e+02
   4.3050000e+01   2.4217275e+02
   4.3100000e+01   2.4217818e+02
   4.3150000e+01   2.4218333e+02
   4.3200000e+01   2.4218818e+02
   4.3250000e+01   2.4219086e+02
   4.3300000e+01   2.4219350e+02
   4.3350000e+01   2.4219619e+02
   4.3400000e+01   2.4219927e+02
   4.3450000e+01   2.4220368e+02
   4.3500000e+01   2.4220872e+02
   4.3550000e+01   2.4221413e+02
   4.3600000e+01   2.4221998e+02
   4.3650000e+01   2.4222533e+02
   4.3700000e+01   2.4223011e+02
   4.3750000e+01   2.4223464e+02
   4.3800000e+01   2.4223871e+02
   4.3850000e+01   2.4224206e+02
   4.3900000e+01   2.4224376e+02
   4.3950000e+01   2.4224539e+02
   4.4000000e+01   2.4224717e+02
   4.4050000e+01   2.4224921e+02
   4.4100000e+01   2.4225289e+02
   4.4150000e+01   2.4225691e+02
   4.4200000e+01   2.4226120e+02
   4.4250000e+01   2.4226562e+02
   4.4300000e+01   2.4226950e+02
   4.4350000e+01   2.4227306e+02
   4.4400000e+01   2.4227642e+02
   4.4450000e+01   2.4227859e+02
   4.4500000e+01   2.4227983e+02
   4.4550000e+01   2.4228012e+02
   4.4600000e+01   2.4228063e+02
   4.4650000e+01   2.4228095e+02
   4.4700000e+01   2.4228148e+02
   4.4750000e+01   2.4228366e+02
   4.4800000e+01   2.4228592e+02
   4.4850000e+01   2.4228813e+02
   4.4900000e+01   2.4229018e+02
   4.4950000e+01   2.4229221e+02
   4.5000000e+01   2.4229373e+02
