   4.0000000e+02   9.8794927e-04   0.0000000e+00
   3.9950000e+02   9.9060456e-04   0.0000000e+00
   3.9900000e+02   9.9327055e-04   0.0000000e+00
   3.9850000e+02   9.9594730e-04   0.0000000e+00
   3.9800000e+02   9.9863487e-04   0.0000000e+00
   3.9750000e+02   1.0013333e-03   0.0000000e+00
   3.9700000e+02   1.0040427e-03   0.0000000e+00
   3.9650000e+02   1.0067631e-03   0.0000000e+00
   3.9600000e+02   1.0094945e-03   0.0000000e+00
   3.9550000e+02   1.0122371e-03   0.0000000e+00
   3.9500000e+02   1.0149908e-03   0.0000000e+00
   3.9450000e+02   1.0177557e-03   0.0000000e+00
   3.9400000e+02   1.0205320e-03   0.0000000e+00
   3.9350000e+02   1.0233196e-03   0.0000000e+00
   3.9300000e+02   1.0261186e-03   0.0000000e+00
   3.9250000e+02   1.0289291e-03   0.0000000e+00
   3.9200000e+02   1.0317512e-03   0.0000000e+00
   3.9150000e+02   1.0345849e-03   0.0000000e+00
   3.9100000e+02   1.0374302e-03   0.0000000e+00
   3.9050000e+02   1.0402873e-03   0.0000000e+00
   3.9000000e+02   1.0431562e-03   0.0000000e+00
   3.8950000e+02   1.0460369e-03   0.0000000e+00
   3.8900000e+02   1.0489296e-03   0.0000000e+00
   3.8850000e+02   1.0518343e-03   0.0000000e+00
   3.8800000e+02   1.0547510e-03   0.0000000e+00
   3.8750000e+02   1.0576799e-03   0.0000000e+00
   3.8700000e+02   1.0606209e-03   0.0000000e+00
   3.8650000e+02   1.0635743e-03   0.0000000e+00
   3.8600000e+02   1.0665399e-03   0.0000000e+00
   3.8550000e+02   1.0695180e-03   0.0000000e+00
   3.8500000e+02   1.0725085e-03   0.0000000e+00
   3.8450000e+02   1.0755116e-03   0.0000000e+00
   3.8400000e+02   1.0785273e-03   0.0000000e+00
   3.8350000e+02   1.0815557e-03   0.0000000e+00
   3.8300000e+02   1.0845968e-03   0.0000000e+00
   3.8250000e+02   1.0876508e-03   0.0000000e+00
   3.8200000e+02   1.0907176e-03   0.0000000e+00
   3.8150000e+02   1.0937974e-03   0.0000000e+00
   3.8100000e+02   1.0968903e-03   0.0000000e+00
   3.8050000e+02   1.0999962e-03   0.0000000e+00
   3.8000000e+02   1.1031154e-03   0.0000000e+00
   3.7950000e+02   1.1062478e-03   0.0000000e+00
   3.7900000e+02   1.1093936e-03   0.0000000e+00
   3.7850000e+02   1.1125528e-03   0.0000000e+00
   3.7800000e+02   1.1157255e-03   0.0000000e+00
   3.7750000e+02   1.1189117e-03   0.0000000e+00
   3.7700000e+02   1.1221116e-03   0.0000000e+00
   3.7650000e+02   1.1253252e-03   0.0000000e+00
   3.7600000e+02   1.1285526e-03   0.0000000e+00
   3.7550000e+02   1.1317939e-03   0.0000000e+00
   3.7500000e+02   1.1350492e-03   0.0000000e+00
   3.7450000e+02   1.1383185e-03   0.0000000e+00
   3.7400000e+02   1.1416019e-03   0.0000000e+00
   3.7350000e+02   1.1448996e-03   0.0000000e+00
   3.7300000e+02   1.1482115e-03   0.0000000e+00
   3.7250000e+02   1.1515378e-03   0.0000000e+00
   3.7200000e+02   1.1548785e-03   0.0000000e+00
   3.7150000e+02   1.1582338e-03   0.0000000e+00
   3.7100000e+02   1.1616037e-03   0.0000000e+00
   3.7050000e+02   1.1649883e-03   0.0000000e+00
   3.7000000e+02   1.1683876e-03   0.0000000e+00
   3.6950000e+02   1.1718019e-03   0.0000000e+00
   3.6900000e+02   1.1752311e-03   0.0000000e+00
   3.6850000e+02   1.1786754e-03   0.0000000e+00
   3.6800000e+02   1.1821348e-03   0.0000000e+00
   3.6750000e+02   1.1856094e-03   0.0000000e+00
   3.6700000e+02   1.1890994e-03   0.0000000e+00
   3.6650000e+02   1.1926048e-03   0.0000000e+00
   3.6600000e+02   1.1961256e-03   0.0000000e+00
   3.6550000e+02   1.1996621e-03   0.0000000e+00
   3.6500000e+02   1.2032142e-03   0.0000000e+00
   3.6450000e+02   1.2067821e-03   0.0000000e+00
   3.6400000e+02   1.2103659e-03   0.0000000e+00
   3.6350000e+02   1.2139656e-03   0.0000000e+00
   3.6300000e+02   1.2175814e-03   0.0000000e+00
   3.6250000e+02   1.2212133e-03   0.0000000e+00
   3.6200000e+02   1.2248615e-03   0.0000000e+00
   3.6150000e+02   1.2285260e-03   0.0000000e+00
   3.6100000e+02   1.2322070e-03   0.0000000e+00
   3.6050000e+02   1.2359045e-03   0.0000000e+00
   3.6000000e+02   1.2396186e-03   0.0000000e+00
   3.5950000e+02   1.2433495e-03   0.0000000e+00
   3.5900000e+02   1.2470972e-03   0.0000000e+00
   3.5850000e+02   1.2508619e-03   0.0000000e+00
   3.5800000e+02   1.2546436e-03   0.0000000e+00
   3.5750000e+02   1.2584424e-03   0.0000000e+00
   3.5700000e+02   1.2622585e-03   0.0000000e+00
   3.5650000e+02   1.2660920e-03   0.0000000e+00
   3.5600000e+02   1.2699429e-03   0.0000000e+00
   3.5550000e+02   1.2738114e-03   0.0000000e+00
   3.5500000e+02   1.2776975e-03   0.0000000e+00
   3.5450000e+02   1.2816014e-03   0.0000000e+00
   3.5400000e+02   1.2855233e-03   0.0000000e+00
   3.5350000e+02   1.2894631e-03   0.0000000e+00
   3.5300000e+02   1.2934210e-03   0.0000000e+00
   3.5250000e+02   1.2973971e-03   0.0000000e+00
   3.5200000e+02   1.3013916e-03   0.0000000e+00
   3.5150000e+02   1.3054045e-03   0.0000000e+00
   3.5100000e+02   1.3094360e-03   0.0000000e+00
   3.5050000e+02   1.3134861e-03   0.0000000e+00
   3.5000000e+02   1.3175551e-03   0.0000000e+00
   3.4950000e+02   1.3216429e-03   0.0000000e+00
   3.4900000e+02   1.3257497e-03   0.0000000e+00
   3.4850000e+02   1.3298757e-03   0.0000000e+00
   3.4800000e+02   1.3340210e-03   0.0000000e+00
   3.4750000e+02   1.3381856e-03   0.0000000e+00
   3.4700000e+02   1.3423697e-03   0.0000000e+00
   3.4650000e+02   1.3465734e-03   0.0000000e+00
   3.4600000e+02   1.3507969e-03   0.0000000e+00
   3.4550000e+02   1.3550402e-03   0.0000000e+00
   3.4500000e+02   1.3593035e-03   0.0000000e+00
   3.4450000e+02   1.3635870e-03   0.0000000e+00
   3.4400000e+02   1.3678907e-03   0.0000000e+00
   3.4350000e+02   1.3722147e-03   0.0000000e+00
   3.4300000e+02   1.3765593e-03   0.0000000e+00
   3.4250000e+02   1.3809244e-03   0.0000000e+00
   3.4200000e+02   1.3853104e-03   0.0000000e+00
   3.4150000e+02   1.3897172e-03   0.0000000e+00
   3.4100000e+02   1.3941450e-03   0.0000000e+00
   3.4050000e+02   1.3985940e-03   0.0000000e+00
   3.4000000e+02   1.4030643e-03   0.0000000e+00
   3.3950000e+02   1.4075560e-03   0.0000000e+00
   3.3900000e+02   1.4120693e-03   0.0000000e+00
   3.3850000e+02   1.4166043e-03   0.0000000e+00
   3.3800000e+02   1.4211611e-03   0.0000000e+00
   3.3750000e+02   1.4257399e-03   0.0000000e+00
   3.3700000e+02   1.4303408e-03   0.0000000e+00
   3.3650000e+02   1.4349640e-03   0.0000000e+00
   3.3600000e+02   1.4396096e-03   0.0000000e+00
   3.3550000e+02   1.4442777e-03   0.0000000e+00
   3.3500000e+02   1.4489685e-03   0.0000000e+00
   3.3450000e+02   1.4536822e-03   0.0000000e+00
   3.3400000e+02   1.4584189e-03   0.0000000e+00
   3.3350000e+02   1.4631787e-03   0.0000000e+00
   3.3300000e+02   1.4679618e-03   0.0000000e+00
   3.3250000e+02   1.4727684e-03   0.0000000e+00
   3.3200000e+02   1.4775986e-03   0.0000000e+00
   3.3150000e+02   1.4824525e-03   0.0000000e+00
   3.3100000e+02   1.4873303e-03   0.0000000e+00
   3.3050000e+02   1.4922322e-03   0.0000000e+00
   3.3000000e+02   1.4971583e-03   0.0000000e+00
   3.2950000e+02   1.5021088e-03   0.0000000e+00
   3.2900000e+02   1.5070839e-03   0.0000000e+00
   3.2850000e+02   1.5120836e-03   0.0000000e+00
   3.2800000e+02   1.5171082e-03   0.0000000e+00
   3.2750000e+02   1.5221579e-03   0.0000000e+00
   3.2700000e+02   1.5272328e-03   0.0000000e+00
   3.2650000e+02   1.5323330e-03   0.0000000e+00
   3.2600000e+02   1.5374588e-03   0.0000000e+00
   3.2550000e+02   1.5426102e-03   0.0000000e+00
   3.2500000e+02   1.5477876e-03   0.0000000e+00
   3.2450000e+02   1.5529910e-03   0.0000000e+00
   3.2400000e+02   1.5582207e-03   0.0000000e+00
   3.2350000e+02   1.5634767e-03   0.0000000e+00
   3.2300000e+02   1.5687594e-03   0.0000000e+00
   3.2250000e+02   1.5740688e-03   0.0000000e+00
   3.2200000e+02   1.5794051e-03   0.0000000e+00
   3.2150000e+02   1.5847686e-03   0.0000000e+00
   3.2100000e+02   1.5901594e-03   0.0000000e+00
   3.2050000e+02   1.5955776e-03   0.0000000e+00
   3.2000000e+02   1.6010236e-03   0.0000000e+00
   3.1950000e+02   1.6064974e-03   0.0000000e+00
   3.1900000e+02   1.6119993e-03   0.0000000e+00
   3.1850000e+02   1.6175295e-03   0.0000000e+00
   3.1800000e+02   1.6230881e-03   0.0000000e+00
   3.1750000e+02   1.6286753e-03   0.0000000e+00
   3.1700000e+02   1.6342914e-03   0.0000000e+00
   3.1650000e+02   1.6399365e-03   0.0000000e+00
   3.1600000e+02   1.6456108e-03   0.0000000e+00
   3.1550000e+02   1.6513146e-03   0.0000000e+00
   3.1500000e+02   1.6570480e-03   0.0000000e+00
   3.1450000e+02   1.6628113e-03   0.0000000e+00
   3.1400000e+02   1.6686046e-03   0.0000000e+00
   3.1350000e+02   1.6744282e-03   0.0000000e+00
   3.1300000e+02   1.6802823e-03   0.0000000e+00
   3.1250000e+02   1.6861670e-03   0.0000000e+00
   3.1200000e+02   1.6920827e-03   0.0000000e+00
   3.1150000e+02   1.6980294e-03   0.0000000e+00
   3.1100000e+02   1.7040075e-03   0.0000000e+00
   3.1050000e+02   1.7100172e-03   0.0000000e+00
   3.1000000e+02   1.7160586e-03   0.0000000e+00
   3.0950000e+02   1.7221321e-03   0.0000000e+00
   3.0900000e+02   1.7282377e-03   0.0000000e+00
   3.0850000e+02   1.7343758e-03   0.0000000e+00
   3.0800000e+02   1.7405466e-03   0.0000000e+00
   3.0750000e+02   1.7467504e-03   0.0000000e+00
   3.0700000e+02   1.7529872e-03   0.0000000e+00
   3.0650000e+02   1.7592575e-03   0.0000000e+00
   3.0600000e+02   1.7655614e-03   0.0000000e+00
   3.0550000e+02   1.7718992e-03   0.0000000e+00
   3.0500000e+02   1.7782710e-03   0.0000000e+00
   3.0450000e+02   1.7846772e-03   0.0000000e+00
   3.0400000e+02   1.7911181e-03   0.0000000e+00
   3.0350000e+02   1.7975937e-03   0.0000000e+00
   3.0300000e+02   1.8041045e-03   0.0000000e+00
   3.0250000e+02   1.8106506e-03   0.0000000e+00
   3.0200000e+02   1.8172324e-03   0.0000000e+00
   3.0150000e+02   1.8238500e-03   0.0000000e+00
   3.0100000e+02   1.8305037e-03   0.0000000e+00
   3.0050000e+02   1.8371938e-03   0.0000000e+00
   3.0000000e+02   1.8439206e-03   0.0000000e+00
   2.9950000e+02   1.8506843e-03   0.0000000e+00
   2.9900000e+02   1.8574852e-03   0.0000000e+00
   2.9850000e+02   1.8643236e-03   0.0000000e+00
   2.9800000e+02   1.8711997e-03   0.0000000e+00
   2.9750000e+02   1.8781138e-03   0.0000000e+00
   2.9700000e+02   1.8850663e-03   0.0000000e+00
   2.9650000e+02   1.8920573e-03   0.0000000e+00
   2.9600000e+02   1.8990872e-03   0.0000000e+00
   2.9550000e+02   1.9061562e-03   0.0000000e+00
   2.9500000e+02   1.9132647e-03   0.0000000e+00
   2.9450000e+02   1.9204130e-03   0.0000000e+00
   2.9400000e+02   1.9276013e-03   0.0000000e+00
   2.9350000e+02   1.9348299e-03   0.0000000e+00
   2.9300000e+02   1.9420991e-03   0.0000000e+00
   2.9250000e+02   1.9494093e-03   0.0000000e+00
   2.9200000e+02   1.9567607e-03   0.0000000e+00
   2.9150000e+02   1.9641537e-03   0.0000000e+00
   2.9100000e+02   1.9715886e-03   0.0000000e+00
   2.9050000e+02   1.9790657e-03   0.0000000e+00
   2.9000000e+02   1.9865852e-03   0.0000000e+00
   2.8950000e+02   1.9941477e-03   0.0000000e+00
   2.8900000e+02   2.0017532e-03   0.0000000e+00
   2.8850000e+02   2.0094022e-03   0.0000000e+00
   2.8800000e+02   2.0170951e-03   0.0000000e+00
   2.8750000e+02   2.0248321e-03   0.0000000e+00
   2.8700000e+02   2.0326136e-03   0.0000000e+00
   2.8650000e+02   2.0404399e-03   0.0000000e+00
   2.8600000e+02   2.0483114e-03   0.0000000e+00
   2.8550000e+02   2.0562284e-03   0.0000000e+00
   2.8500000e+02   2.0641913e-03   0.0000000e+00
   2.8450000e+02   2.0722004e-03   0.0000000e+00
   2.8400000e+02   2.0802561e-03   0.0000000e+00
   2.8350000e+02   2.0883587e-03   0.0000000e+00
   2.8300000e+02   2.0965087e-03   0.0000000e+00
   2.8250000e+02   2.1047063e-03   0.0000000e+00
   2.8200000e+02   2.1129519e-03   0.0000000e+00
   2.8150000e+02   2.1212460e-03   0.0000000e+00
   2.8100000e+02   2.1295889e-03   0.0000000e+00
   2.8050000e+02   2.1379809e-03   0.0000000e+00
   2.8000000e+02   2.1464226e-03   0.0000000e+00
   2.7950000e+02   2.1549142e-03   0.0000000e+00
   2.7900000e+02   2.1634561e-03   0.0000000e+00
   2.7850000e+02   2.1720488e-03   0.0000000e+00
   2.7800000e+02   2.1806927e-03   0.0000000e+00
   2.7750000e+02   2.1893881e-03   0.0000000e+00
   2.7700000e+02   2.1981355e-03   0.0000000e+00
   2.7650000e+02   2.2069352e-03   0.0000000e+00
   2.7600000e+02   2.2157878e-03   0.0000000e+00
   2.7550000e+02   2.2246936e-03   0.0000000e+00
   2.7500000e+02   2.2336530e-03   0.0000000e+00
   2.7450000e+02   2.2426665e-03   0.0000000e+00
   2.7400000e+02   2.2517345e-03   0.0000000e+00
   2.7350000e+02   2.2608575e-03   0.0000000e+00
   2.7300000e+02   2.2700359e-03   0.0000000e+00
   2.7250000e+02   2.2792701e-03   0.0000000e+00
   2.7200000e+02   2.2885606e-03   0.0000000e+00
   2.7150000e+02   2.2979079e-03   0.0000000e+00
   2.7100000e+02   2.3073124e-03   0.0000000e+00
   2.7050000e+02   2.3167745e-03   0.0000000e+00
   2.7000000e+02   2.3262949e-03   0.0000000e+00
   2.6950000e+02   2.3358738e-03   0.0000000e+00
   2.6900000e+02   2.3455119e-03   0.0000000e+00
   2.6850000e+02   2.3552095e-03   0.0000000e+00
   2.6800000e+02   2.3649673e-03   0.0000000e+00
   2.6750000e+02   2.3747856e-03   0.0000000e+00
   2.6700000e+02   2.3846650e-03   0.0000000e+00
   2.6650000e+02   2.3946060e-03   0.0000000e+00
   2.6600000e+02   2.4046091e-03   0.0000000e+00
   2.6550000e+02   2.4146748e-03   0.0000000e+00
   2.6500000e+02   2.4248036e-03   0.0000000e+00
   2.6450000e+02   2.4349961e-03   0.0000000e+00
   2.6400000e+02   2.4452528e-03   0.0000000e+00
   2.6350000e+02   2.4555743e-03   0.0000000e+00
   2.6300000e+02   2.4659610e-03   0.0000000e+00
   2.6250000e+02   2.4764136e-03   0.0000000e+00
   2.6200000e+02   2.4869325e-03   0.0000000e+00
   2.6150000e+02   2.4975184e-03   0.0000000e+00
   2.6100000e+02   2.5081718e-03   0.0000000e+00
   2.6050000e+02   2.5188933e-03   0.0000000e+00
   2.6000000e+02   2.5296834e-03   0.0000000e+00
   2.5950000e+02   2.5405428e-03   0.0000000e+00
   2.5900000e+02   2.5514721e-03   0.0000000e+00
   2.5850000e+02   2.5624717e-03   0.0000000e+00
   2.5800000e+02   2.5735425e-03   0.0000000e+00
   2.5750000e+02   2.5846848e-03   0.0000000e+00
   2.5700000e+02   2.5958995e-03   0.0000000e+00
   2.5650000e+02   2.6071870e-03   0.0000000e+00
   2.5600000e+02   2.6185481e-03   0.0000000e+00
   2.5550000e+02   2.6299833e-03   0.0000000e+00
   2.5500000e+02   2.6414933e-03   0.0000000e+00
   2.5450000e+02   2.6530788e-03   0.0000000e+00
   2.5400000e+02   2.6647404e-03   0.0000000e+00
   2.5350000e+02   2.6764788e-03   0.0000000e+00
   2.5300000e+02   2.6882946e-03   0.0000000e+00
   2.5250000e+02   2.7001885e-03   0.0000000e+00
   2.5200000e+02   2.7121613e-03   0.0000000e+00
   2.5150000e+02   2.7242136e-03   0.0000000e+00
   2.5100000e+02   2.7363461e-03   0.0000000e+00
   2.5050000e+02   2.7485595e-03   0.0000000e+00
   2.5000000e+02   2.7608545e-03   0.0000000e+00
   2.4950000e+02   2.7732319e-03   0.0000000e+00
   2.4900000e+02   2.7856924e-03   0.0000000e+00
   2.4850000e+02   2.7982367e-03   0.0000000e+00
   2.4800000e+02   2.8108657e-03   0.0000000e+00
   2.4750000e+02   2.8235799e-03   0.0000000e+00
   2.4700000e+02   2.8363803e-03   0.0000000e+00
   2.4650000e+02   2.8492675e-03   0.0000000e+00
   2.4600000e+02   2.8622425e-03   0.0000000e+00
   2.4550000e+02   2.8753058e-03   0.0000000e+00
   2.4500000e+02   2.8884585e-03   0.0000000e+00
   2.4450000e+02   2.9017012e-03   0.0000000e+00
   2.4400000e+02   2.9150348e-03   0.0000000e+00
   2.4350000e+02   2.9284601e-03   0.0000000e+00
   2.4300000e+02   2.9419779e-03   0.0000000e+00
   2.4250000e+02   2.9555892e-03   0.0000000e+00
   2.4200000e+02   2.9692947e-03   0.0000000e+00
   2.4150000e+02   2.9830953e-03   0.0000000e+00
   2.4100000e+02   2.9969919e-03   0.0000000e+00
   2.4050000e+02   3.0109854e-03   0.0000000e+00
   2.4000000e+02   3.0250766e-03   0.0000000e+00
   2.3950000e+02   3.0392665e-03   0.0000000e+00
   2.3900000e+02   3.0535561e-03   0.0000000e+00
   2.3850000e+02   3.0679461e-03   0.0000000e+00
   2.3800000e+02   3.0824376e-03   0.0000000e+00
   2.3750000e+02   3.0970315e-03   0.0000000e+00
   2.3700000e+02   3.1117287e-03   0.0000000e+00
   2.3650000e+02   3.1265303e-03   0.0000000e+00
   2.3600000e+02   3.1414372e-03   0.0000000e+00
   2.3550000e+02   3.1564504e-03   0.0000000e+00
   2.3500000e+02   3.1715709e-03   0.0000000e+00
   2.3450000e+02   3.1867997e-03   0.0000000e+00
   2.3400000e+02   3.2021378e-03   0.0000000e+00
   2.3350000e+02   3.2175863e-03   0.0000000e+00
   2.3300000e+02   3.2331463e-03   0.0000000e+00
   2.3250000e+02   3.2488187e-03   0.0000000e+00
   2.3200000e+02   3.2646047e-03   0.0000000e+00
   2.3150000e+02   3.2805053e-03   0.0000000e+00
   2.3100000e+02   3.2965216e-03   0.0000000e+00
   2.3050000e+02   3.3126549e-03   0.0000000e+00
   2.3000000e+02   3.3289061e-03   0.0000000e+00
   2.2950000e+02   3.3452764e-03   0.0000000e+00
   2.2900000e+02   3.3617669e-03   0.0000000e+00
   2.2850000e+02   3.3783789e-03   0.0000000e+00
   2.2800000e+02   3.3951136e-03   0.0000000e+00
   2.2750000e+02   3.4119720e-03   0.0000000e+00
   2.2700000e+02   3.4289553e-03   0.0000000e+00
   2.2650000e+02   3.4460650e-03   0.0000000e+00
   2.2600000e+02   3.4633020e-03   0.0000000e+00
   2.2550000e+02   3.4806678e-03   0.0000000e+00
   2.2500000e+02   3.4981635e-03   0.0000000e+00
   2.2450000e+02   3.5157904e-03   0.0000000e+00
   2.2400000e+02   3.5335498e-03   0.0000000e+00
   2.2350000e+02   3.5514431e-03   0.0000000e+00
   2.2300000e+02   3.5694715e-03   0.0000000e+00
   2.2250000e+02   3.5876364e-03   0.0000000e+00
   2.2200000e+02   3.6059391e-03   0.0000000e+00
   2.2150000e+02   3.6243811e-03   0.0000000e+00
   2.2100000e+02   3.6429635e-03   0.0000000e+00
   2.2050000e+02   3.6616880e-03   0.0000000e+00
   2.2000000e+02   3.6805558e-03   0.0000000e+00
   2.1950000e+02   3.6995685e-03   0.0000000e+00
   2.1900000e+02   3.7187274e-03   0.0000000e+00
   2.1850000e+02   3.7380341e-03   0.0000000e+00
   2.1800000e+02   3.7574899e-03   0.0000000e+00
   2.1750000e+02   3.7770965e-03   0.0000000e+00
   2.1700000e+02   3.7968552e-03   0.0000000e+00
   2.1650000e+02   3.8167677e-03   0.0000000e+00
   2.1600000e+02   3.8368355e-03   0.0000000e+00
   2.1550000e+02   3.8570601e-03   0.0000000e+00
   2.1500000e+02   3.8774432e-03   0.0000000e+00
   2.1450000e+02   3.8979863e-03   0.0000000e+00
   2.1400000e+02   3.9186910e-03   0.0000000e+00
   2.1350000e+02   3.9395590e-03   0.0000000e+00
   2.1300000e+02   3.9605919e-03   0.0000000e+00
   2.1250000e+02   3.9817914e-03   0.0000000e+00
   2.1200000e+02   4.0031592e-03   0.0000000e+00
   2.1150000e+02   4.0246969e-03   0.0000000e+00
   2.1100000e+02   4.0464064e-03   0.0000000e+00
   2.1050000e+02   4.0682893e-03   0.0000000e+00
   2.1000000e+02   4.0903474e-03   0.0000000e+00
   2.0950000e+02   4.1125825e-03   0.0000000e+00
   2.0900000e+02   4.1349963e-03   0.0000000e+00
   2.0850000e+02   4.1575907e-03   0.0000000e+00
   2.0800000e+02   4.1803675e-03   0.0000000e+00
   2.0750000e+02   4.2033285e-03   0.0000000e+00
   2.0700000e+02   4.2264757e-03   0.0000000e+00
   2.0650000e+02   4.2498108e-03   0.0000000e+00
   2.0600000e+02   4.2733358e-03   0.0000000e+00
   2.0550000e+02   4.2970526e-03   0.0000000e+00
   2.0500000e+02   4.3209631e-03   0.0000000e+00
   2.0450000e+02   4.3450692e-03   0.0000000e+00
   2.0400000e+02   4.3693730e-03   0.0000000e+00
   2.0350000e+02   4.3938763e-03   0.0000000e+00
   2.0300000e+02   4.4185812e-03   0.0000000e+00
   2.0250000e+02   4.4434897e-03   0.0000000e+00
   2.0200000e+02   4.4686037e-03   0.0000000e+00
   2.0150000e+02   4.4939254e-03   0.0000000e+00
   2.0100000e+02   4.5194567e-03   0.0000000e+00
   2.0050000e+02   4.5451997e-03   0.0000000e+00
   2.0000000e+02   4.5711564e-03   0.0000000e+00
   1.9950000e+02   4.5973289e-03   0.0000000e+00
   1.9900000e+02   4.6237193e-03   0.0000000e+00
   1.9850000e+02   4.6503296e-03   0.0000000e+00
   1.9800000e+02   4.6771620e-03   0.0000000e+00
   1.9750000e+02   4.7042185e-03   0.0000000e+00
   1.9700000e+02   4.7315011e-03   0.0000000e+00
   1.9650000e+02   4.7590120e-03   0.0000000e+00
   1.9600000e+02   4.7867533e-03   0.0000000e+00
   1.9550000e+02   4.8147269e-03   0.0000000e+00
   1.9500000e+02   4.8429350e-03   0.0000000e+00
   1.9450000e+02   4.8713797e-03   0.0000000e+00
   1.9400000e+02   4.9000628e-03   0.0000000e+00
   1.9350000e+02   4.9289865e-03   0.0000000e+00
   1.9300000e+02   4.9581527e-03   0.0000000e+00
   1.9250000e+02   4.9875634e-03   0.0000000e+00
   1.9200000e+02   5.0172205e-03   0.0000000e+00
   1.9150000e+02   5.0471259e-03   0.0000000e+00
   1.9100000e+02   5.0772815e-03   0.0000000e+00
   1.9050000e+02   5.1076889e-03   0.0000000e+00
   1.9000000e+02   5.1383500e-03   0.0000000e+00
   1.8950000e+02   5.1692663e-03   0.0000000e+00
   1.8900000e+02   5.2004396e-03   0.0000000e+00
   1.8850000e+02   5.2318712e-03   0.0000000e+00
   1.8800000e+02   5.2635626e-03   0.0000000e+00
   1.8750000e+02   5.2955151e-03   0.0000000e+00
   1.8700000e+02   5.3277299e-03   0.0000000e+00
   1.8650000e+02   5.3602080e-03   0.0000000e+00
   1.8600000e+02   5.3929502e-03   0.0000000e+00
   1.8550000e+02   5.4259573e-03   0.0000000e+00
   1.8500000e+02   5.4592299e-03   0.0000000e+00
   1.8450000e+02   5.4927683e-03   0.0000000e+00
   1.8400000e+02   5.5265724e-03   0.0000000e+00
   1.8350000e+02   5.5606422e-03   0.0000000e+00
   1.8300000e+02   5.5949773e-03   0.0000000e+00
   1.8250000e+02   5.6295767e-03   0.0000000e+00
   1.8200000e+02   5.6644393e-03   0.0000000e+00
   1.8150000e+02   5.6995637e-03   0.0000000e+00
   1.8100000e+02   5.7349477e-03   0.0000000e+00
   1.8050000e+02   5.7705889e-03   0.0000000e+00
   1.8000000e+02   5.8064841e-03   0.0000000e+00
   1.7950000e+02   5.8426298e-03   0.0000000e+00
   1.7900000e+02   5.8790214e-03   0.0000000e+00
   1.7850000e+02   5.9156539e-03   0.0000000e+00
   1.7800000e+02   5.9525211e-03   0.0000000e+00
   1.7750000e+02   5.9896160e-03   0.0000000e+00
   1.7700000e+02   6.0269305e-03   0.0000000e+00
   1.7650000e+02   6.0644551e-03   0.0000000e+00
   1.7600000e+02   6.1021792e-03   0.0000000e+00
   1.7550000e+02   6.1400904e-03   0.0000000e+00
   1.7500000e+02   6.1781746e-03   0.0000000e+00
   1.7450000e+02   6.2164157e-03   0.0000000e+00
   1.7400000e+02   6.2547953e-03   0.0000000e+00
   1.7350000e+02   6.2932926e-03   0.0000000e+00
   1.7300000e+02   6.3318837e-03   0.0000000e+00
   1.7250000e+02   6.3705416e-03   0.0000000e+00
   1.7200000e+02   6.4092355e-03   0.0000000e+00
   1.7150000e+02   6.4479304e-03   0.0000000e+00
   1.7100000e+02   6.4865863e-03   0.0000000e+00
   1.7050000e+02   6.5251579e-03   0.0000000e+00
   1.7000000e+02   6.5635933e-03   0.0000000e+00
   1.6950000e+02   6.6018337e-03   0.0000000e+00
   1.6900000e+02   6.6398118e-03   0.0000000e+00
   1.6850000e+02   6.6774507e-03   0.0000000e+00
   1.6800000e+02   6.7146629e-03   0.0000000e+00
   1.6750000e+02   6.7513481e-03   0.0000000e+00
   1.6700000e+02   6.7873920e-03   0.0000000e+00
   1.6650000e+02   6.8226636e-03   0.0000000e+00
   1.6600000e+02   6.8570134e-03   0.0000000e+00
   1.6550000e+02   6.8902707e-03   0.0000000e+00
   1.6500000e+02   6.9222406e-03   0.0000000e+00
   1.6450000e+02   6.9527013e-03   0.0000000e+00
   1.6400000e+02   6.9814014e-03   0.0000000e+00
   1.6350000e+02   7.0080565e-03   0.0000000e+00
   1.6300000e+02   7.0323478e-03   0.0000000e+00
   1.6250000e+02   7.0539210e-03   0.0000000e+00
   1.6200000e+02   7.0723870e-03   0.0000000e+00
   1.6150000e+02   7.0873270e-03   0.0000000e+00
   1.6100000e+02   7.0983015e-03   0.0000000e+00
   1.6050000e+02   7.1048666e-03   0.0000000e+00
   1.6000000e+02   7.1066011e-03   0.0000000e+00
   1.5950000e+02   7.1031443e-03   0.0000000e+00
   1.5900000e+02   7.0942497e-03   0.0000000e+00
   1.5850000e+02   7.0798529e-03   0.0000000e+00
   1.5800000e+02   7.0601496e-03   0.0000000e+00
   1.5750000e+02   7.0356737e-03   0.0000000e+00
   1.5700000e+02   7.0073575e-03   0.0000000e+00
   1.5650000e+02   6.9765448e-03   0.0000000e+00
   1.5600000e+02   6.9449303e-03   0.0000000e+00
   1.5550000e+02   6.9144041e-03   0.0000000e+00
   1.5500000e+02   6.8868065e-03   0.0000000e+00
   1.5450000e+02   6.8636335e-03   0.0000000e+00
   1.5400000e+02   6.8457649e-03   0.0000000e+00
   1.5350000e+02   6.8332947e-03   0.0000000e+00
   1.5300000e+02   6.8255194e-03   0.0000000e+00
   1.5250000e+02   6.8210920e-03   0.0000000e+00
   1.5200000e+02   6.8183038e-03   0.0000000e+00
   1.5150000e+02   6.8154293e-03   0.0000000e+00
   1.5100000e+02   6.8110720e-03   0.0000000e+00
   1.5050000e+02   6.8044649e-03   0.0000000e+00
   1.5000000e+02   6.7956918e-03   0.0000000e+00
   1.4950000e+02   6.7858002e-03   0.0000000e+00
   1.4900000e+02   6.7767672e-03   0.0000000e+00
   1.4850000e+02   6.7712817e-03   0.0000000e+00
   1.4800000e+02   6.7723228e-03   0.0000000e+00
   1.4750000e+02   6.7825753e-03   0.0000000e+00
   1.4700000e+02   6.8037979e-03   0.0000000e+00
   1.4650000e+02   6.8363230e-03   0.0000000e+00
   1.4600000e+02   6.8788585e-03   0.0000000e+00
   1.4550000e+02   6.9286717e-03   0.0000000e+00
   1.4500000e+02   6.9821031e-03   0.0000000e+00
   1.4450000e+02   7.0352521e-03   0.0000000e+00
   1.4400000e+02   7.0846606e-03   0.0000000e+00
   1.4350000e+02   7.1278606e-03   0.0000000e+00
   1.4300000e+02   7.1637280e-03   0.0000000e+00
   1.4250000e+02   7.1926254e-03   0.0000000e+00
   1.4200000e+02   7.2163331e-03   0.0000000e+00
   1.4150000e+02   7.2377570e-03   0.0000000e+00
   1.4100000e+02   7.2604091e-03   0.0000000e+00
   1.4050000e+02   7.2876965e-03   0.0000000e+00
   1.4000000e+02   7.3221358e-03   0.0000000e+00
   1.3950000e+02   7.3646892e-03   0.0000000e+00
   1.3900000e+02   7.4144385e-03   0.0000000e+00
   1.3850000e+02   7.4687257e-03   0.0000000e+00
   1.3800000e+02   7.5237282e-03   0.0000000e+00
   1.3750000e+02   7.5752793e-03   0.0000000e+00
   1.3700000e+02   7.6196858e-03   0.0000000e+00
   1.3650000e+02   7.6543480e-03   0.0000000e+00
   1.3600000e+02   7.6780948e-03   0.0000000e+00
   1.3550000e+02   7.6912457e-03   0.0000000e+00
   1.3500000e+02   7.6954602e-03   0.0000000e+00
   1.3450000e+02   7.6934398e-03   0.0000000e+00
   1.3400000e+02   7.6885394e-03   0.0000000e+00
   1.3350000e+02   7.6843468e-03   0.0000000e+00
   1.3300000e+02   7.6842911e-03   0.0000000e+00
   1.3250000e+02   7.6913501e-03   0.0000000e+00
   1.3200000e+02   7.7078989e-03   0.0000000e+00
   1.3150000e+02   7.7357036e-03   0.0000000e+00
   1.3100000e+02   7.7760077e-03   0.0000000e+00
   1.3050000e+02   7.8296343e-03   0.0000000e+00
   1.3000000e+02   7.8970298e-03   0.0000000e+00
   1.2950000e+02   7.9782204e-03   0.0000000e+00
   1.2900000e+02   8.0727093e-03   0.0000000e+00
   1.2850000e+02   8.1793794e-03   0.0000000e+00
   1.2800000e+02   8.2964744e-03   0.0000000e+00
   1.2750000e+02   8.4217002e-03   0.0000000e+00
   1.2700000e+02   8.5524431e-03   0.0000000e+00
   1.2650000e+02   8.6860664e-03   0.0000000e+00
   1.2600000e+02   8.8202295e-03   0.0000000e+00
   1.2550000e+02   8.9531764e-03   0.0000000e+00
   1.2500000e+02   9.0839528e-03   0.0000000e+00
   1.2450000e+02   9.2125199e-03   0.0000000e+00
   1.2400000e+02   9.3397424e-03   0.0000000e+00
   1.2350000e+02   9.4672319e-03   0.0000000e+00
   1.2300000e+02   9.5970472e-03   0.0000000e+00
   1.2250000e+02   9.7312765e-03   0.0000000e+00
   1.2200000e+02   9.8715704e-03   0.0000000e+00
   1.2150000e+02   1.0018722e-02   0.0000000e+00
   1.2100000e+02   1.0172402e-02   0.0000000e+00
   1.2050000e+02   1.0331127e-02   0.0000000e+00
   1.2000000e+02   1.0492476e-02   0.0000000e+00
   1.1950000e+02   1.0653509e-02   0.0000000e+00
   1.1900000e+02   1.0811296e-02   0.0000000e+00
   1.1850000e+02   1.0963442e-02   0.0000000e+00
   1.1800000e+02   1.1108508e-02   0.0000000e+00
   1.1750000e+02   1.1246265e-02   0.0000000e+00
   1.1700000e+02   1.1377744e-02   0.0000000e+00
   1.1650000e+02   1.1505077e-02   0.0000000e+00
   1.1600000e+02   1.1631187e-02   0.0000000e+00
   1.1550000e+02   1.1759366e-02   0.0000000e+00
   1.1500000e+02   1.1892846e-02   0.0000000e+00
   1.1450000e+02   1.2034428e-02   0.0000000e+00
   1.1400000e+02   1.2186236e-02   0.0000000e+00
   1.1350000e+02   1.2349602e-02   0.0000000e+00
   1.1300000e+02   1.2525082e-02   0.0000000e+00
   1.1250000e+02   1.2712567e-02   0.0000000e+00
   1.1200000e+02   1.2911441e-02   0.0000000e+00
   1.1150000e+02   1.3120749e-02   0.0000000e+00
   1.1100000e+02   1.3339357e-02   0.0000000e+00
   1.1050000e+02   1.3566069e-02   0.0000000e+00
   1.1000000e+02   1.3799728e-02   0.0000000e+00
   1.0950000e+02   1.4039267e-02   0.0000000e+00
   1.0900000e+02   1.4283745e-02   0.0000000e+00
   1.0850000e+02   1.4532361e-02   0.0000000e+00
   1.0800000e+02   1.4784452e-02   0.0000000e+00
   1.0750000e+02   1.5039486e-02   0.0000000e+00
   1.0700000e+02   1.5297048e-02   0.0000000e+00
   1.0650000e+02   1.5556825e-02   0.0000000e+00
   1.0600000e+02   1.5818593e-02   0.0000000e+00
   1.0550000e+02   1.6082201e-02   0.0000000e+00
   1.0500000e+02   1.6347559e-02   0.0000000e+00
   1.0450000e+02   1.6614625e-02   0.0000000e+00
   1.0400000e+02   1.6883401e-02   0.0000000e+00
   1.0350000e+02   1.7153917e-02   0.0000000e+00
   1.0300000e+02   1.7426232e-02   0.0000000e+00
   1.0250000e+02   1.7700424e-02   0.0000000e+00
   1.0200000e+02   1.7976586e-02   0.0000000e+00
   1.0150000e+02   1.8254825e-02   0.0000000e+00
   1.0100000e+02   1.8535256e-02   0.0000000e+00
   1.0050000e+02   1.8818002e-02   0.0000000e+00
   1.0000000e+02   1.9103192e-02   0.0000000e+00
   9.9500000e+01   1.9390957e-02   0.0000000e+00
   9.9000000e+01   1.9681433e-02   0.0000000e+00
   9.8500000e+01   1.9974758e-02   0.0000000e+00
   9.8000000e+01   2.0271070e-02   0.0000000e+00
   9.7500000e+01   2.0570509e-02   0.0000000e+00
   9.7000000e+01   2.0873217e-02   0.0000000e+00
   9.6500000e+01   2.1179334e-02   0.0000000e+00
   9.6000000e+01   2.1489002e-02   0.0000000e+00
   9.5500000e+01   2.1802364e-02   0.0000000e+00
   9.5000000e+01   2.2119562e-02   0.0000000e+00
   9.4500000e+01   2.2440738e-02   0.0000000e+00
   9.4000000e+01   2.2766036e-02   0.0000000e+00
   9.3500000e+01   2.3095599e-02   0.0000000e+00
   9.3000000e+01   2.3429571e-02   0.0000000e+00
   9.2500000e+01   2.3768096e-02   0.0000000e+00
   9.2000000e+01   2.4111320e-02   0.0000000e+00
   9.1500000e+01   2.4459388e-02   0.0000000e+00
   9.1000000e+01   2.4812448e-02   0.0000000e+00
   9.0500000e+01   2.5170647e-02   0.0000000e+00
   9.0000000e+01   2.5534134e-02   0.0000000e+00
   8.9500000e+01   2.5903059e-02   0.0000000e+00
   8.9000000e+01   2.6277574e-02   0.0000000e+00
   8.8500000e+01   2.6657831e-02   0.0000000e+00
   8.8000000e+01   2.7043985e-02   0.0000000e+00
   8.7500000e+01   2.7436191e-02   0.0000000e+00
   8.7000000e+01   2.7834607e-02   0.0000000e+00
   8.6500000e+01   2.8239393e-02   0.0000000e+00
   8.6000000e+01   2.8650710e-02   0.0000000e+00
   8.5500000e+01   2.9068721e-02   0.0000000e+00
   8.5000000e+01   2.9493591e-02   0.0000000e+00
   8.4500000e+01   2.9925487e-02   0.0000000e+00
   8.4000000e+01   3.0364580e-02   0.0000000e+00
   8.3500000e+01   3.0811040e-02   0.0000000e+00
   8.3000000e+01   3.1265041e-02   0.0000000e+00
   8.2500000e+01   3.1726760e-02   0.0000000e+00
   8.2000000e+01   3.2196375e-02   0.0000000e+00
   8.1500000e+01   3.2674066e-02   0.0000000e+00
   8.1000000e+01   3.3160018e-02   0.0000000e+00
   8.0500000e+01   3.3654414e-02   0.0000000e+00
   8.0000000e+01   3.4157443e-02   0.0000000e+00
   7.9500000e+01   3.4669295e-02   0.0000000e+00
   7.9000000e+01   3.5190162e-02   0.0000000e+00
   7.8500000e+01   3.5720239e-02   0.0000000e+00
   7.8000000e+01   3.6259723e-02   0.0000000e+00
   7.7500000e+01   3.6808813e-02   0.0000000e+00
   7.7000000e+01   3.7367710e-02   0.0000000e+00
   7.6500000e+01   3.7936616e-02   0.0000000e+00
   7.6000000e+01   3.8515737e-02   0.0000000e+00
   7.5500000e+01   3.9105280e-02   0.0000000e+00
   7.5000000e+01   3.9705452e-02   0.0000000e+00
   7.4500000e+01   4.0316463e-02   0.0000000e+00
   7.4000000e+01   4.0938525e-02   0.0000000e+00
   7.3500000e+01   4.1571849e-02   0.0000000e+00
   7.3000000e+01   4.2216647e-02   0.0000000e+00
   7.2500000e+01   4.2873134e-02   0.0000000e+00
   7.2000000e+01   4.3541522e-02   0.0000000e+00
   7.1500000e+01   4.4222025e-02   0.0000000e+00
   7.1000000e+01   4.4914856e-02   0.0000000e+00
   7.0500000e+01   4.5620227e-02   0.0000000e+00
   7.0000000e+01   4.6338348e-02   0.0000000e+00
   6.9500000e+01   4.7069430e-02   0.0000000e+00
   6.9000000e+01   4.7813679e-02   0.0000000e+00
   6.8500000e+01   4.8571299e-02   0.0000000e+00
   6.8000000e+01   4.9342491e-02   0.0000000e+00
   6.7500000e+01   5.0127453e-02   0.0000000e+00
   6.7000000e+01   5.0926375e-02   0.0000000e+00
   6.6500000e+01   5.1739444e-02   0.0000000e+00
   6.6000000e+01   5.2566842e-02   0.0000000e+00
   6.5500000e+01   5.3408742e-02   0.0000000e+00
   6.5000000e+01   5.4265308e-02   0.0000000e+00
   6.4500000e+01   5.5136697e-02   0.0000000e+00
   6.4000000e+01   5.6023056e-02   0.0000000e+00
   6.3500000e+01   5.6924518e-02   0.0000000e+00
   6.3000000e+01   5.7841208e-02   0.0000000e+00
   6.2500000e+01   5.8773232e-02   0.0000000e+00
   6.2000000e+01   5.9720685e-02   0.0000000e+00
   6.1500000e+01   6.0683644e-02   0.0000000e+00
   6.1000000e+01   6.1662168e-02   0.0000000e+00
   6.0500000e+01   6.2656297e-02   0.0000000e+00
   6.0000000e+01   6.3666048e-02   0.0000000e+00
   5.9500000e+01   6.4691416e-02   0.0000000e+00
   5.9000000e+01   6.5732372e-02   0.0000000e+00
   5.8500000e+01   6.6788857e-02   0.0000000e+00
   5.8000000e+01   6.7860786e-02   0.0000000e+00
   5.7500000e+01   6.8948042e-02   5.9874447e-02
   5.7000000e+01   7.0050475e-02   3.4643759e-02
   5.6500000e+01   7.1167898e-02   2.6893596e-02
   5.6000000e+01   7.2300087e-02   2.2779136e-02
   5.5500000e+01   7.3446779e-02   2.0133608e-02
   5.5000000e+01   7.4607668e-02   1.8251870e-02
   5.4500000e+01   7.5782402e-02   1.6826629e-02
   5.4000000e+01   7.6970582e-02   1.5699744e-02
   5.3500000e+01   7.8171759e-02   1.4780445e-02
   5.3000000e+01   7.9385432e-02   1.4012425e-02
   5.2500000e+01   8.0611045e-02   1.3358664e-02
   5.2000000e+01   8.1847985e-02   1.2793689e-02
   5.1500000e+01   8.3095581e-02   1.2299324e-02
   5.1000000e+01   8.4353097e-02   1.1862206e-02
   5.0500000e+01   8.5619738e-02   1.1472261e-02
   5.0000000e+01   8.6894640e-02   1.1121734e-02
   4.9500000e+01   8.8176875e-02   1.0804542e-02
   4.9000000e+01   8.9465445e-02   1.0515841e-02
   4.8500000e+01   9.0759282e-02   1.0251718e-02
   4.8000000e+01   9.2057251e-02   1.0008972e-02
   4.7500000e+01   9.3358143e-02   9.7849587e-03
   4.7000000e+01   9.4660680e-02   9.5774686e-03
   4.6500000e+01   9.5963515e-02   9.3846416e-03
   4.6000000e+01   9.7265230e-02   9.2048984e-03
   4.5500000e+01   9.8564341e-02   9.0368882e-03
   4.5000000e+01   9.9859295e-02   8.8794481e-03
   4.4500000e+01   1.0114848e-01   8.7315709e-03
   4.4000000e+01   1.0243022e-01   8.5923790e-03
   4.3500000e+01   1.0370278e-01   8.4611040e-03
   4.3000000e+01   1.0496437e-01   8.3370700e-03
   4.2500000e+01   1.0621317e-01   8.2196792e-03
   4.2000000e+01   1.0744729e-01   8.1084016e-03
   4.1500000e+01   1.0866481e-01   8.0027646e-03
   4.1000000e+01   1.0986380e-01   7.9023457e-03
   4.0500000e+01   1.1104226e-01   7.8067659e-03
   4.0000000e+01   1.1219821e-01   7.7156838e-03
   3.9500000e+01   1.1332964e-01   7.6287915e-03
   3.9000000e+01   1.1443454e-01   7.5458099e-03
   3.8500000e+01   1.1551088e-01   7.4664859e-03
   3.8000000e+01   1.1655667e-01   7.3905888e-03
   3.7500000e+01   1.1756991e-01   7.3179085e-03
   3.7000000e+01   1.1854862e-01   7.2482527e-03
   3.6500000e+01   1.1949088e-01   7.1814450e-03
   3.6000000e+01   1.2039475e-01   7.1173236e-03
   3.5500000e+01   1.2125838e-01   7.0557398e-03
   3.5000000e+01   1.2207995e-01   6.9965561e-03
   3.4500000e+01   1.2285767e-01   6.9396460e-03
   3.4000000e+01   1.2358986e-01   6.8848921e-03
   3.3500000e+01   1.2427485e-01   6.8321859e-03
   3.3000000e+01   1.2491109e-01   6.7814266e-03
   3.2500000e+01   1.2549706e-01   6.7325205e-03
   3.2000000e+01   1.2603138e-01   6.6853806e-03
   3.1500000e+01   1.2651271e-01   6.6399257e-03
   3.1000000e+01   1.2693984e-01   6.5960799e-03
   3.0500000e+01   1.2731165e-01   6.5537727e-03
   3.0000000e+01   1.2762715e-01   6.5129377e-03
   2.9500000e+01   1.2788545e-01   6.4735132e-03
   2.9000000e+01   1.2808579e-01   6.4354411e-03
   2.8500000e+01   1.2822755e-01   6.3986668e-03
   2.8000000e+01   1.2831025e-01   6.3631393e-03
   2.7500000e+01   1.2833354e-01   6.3288106e-03
   2.7000000e+01   1.2829723e-01   6.2956354e-03
   2.6500000e+01   1.2820130e-01   6.2635712e-03
   2.6000000e+01   1.2804586e-01   6.2325778e-03
   2.5500000e+01   1.2783119e-01   6.2026175e-03
   2.5000000e+01   1.2755774e-01   6.1736546e-03
   2.4500000e+01   1.2722610e-01   6.1456554e-03
   2.4000000e+01   1.2683704e-01   6.1185880e-03
   2.3500000e+01   1.2639148e-01   6.0924225e-03
   2.3000000e+01   1.2589048e-01   6.0671302e-03
   2.2500000e+01   1.2533526e-01   6.0426843e-03
   2.2000000e+01   1.2472716e-01   6.0190592e-03
   2.1500000e+01   1.2406767e-01   5.9962308e-03
   2.1000000e+01   1.2335840e-01   5.9741762e-03
   2.0500000e+01   1.2260106e-01   5.9528737e-03
   2.0000000e+01   1.2179747e-01   5.9323027e-03
   1.9500000e+01   1.2094954e-01   5.9124437e-03
   1.9000000e+01   1.2005926e-01   5.8932781e-03
   1.8500000e+01   1.1912868e-01   5.8747884e-03
   1.8000000e+01   1.1815991e-01   5.8569578e-03
   1.7500000e+01   1.1715512e-01   5.8397706e-03
   1.7000000e+01   1.1611648e-01   5.8232117e-03
   1.6500000e+01   1.1504620e-01   5.8072668e-03
   1.6000000e+01   1.1394650e-01   5.7919224e-03
   1.5500000e+01   1.1281961e-01   5.7771655e-03
   1.5000000e+01   1.1166771e-01   5.7629841e-03
   1.4500000e+01   1.1049301e-01   5.7493666e-03
   1.4000000e+01   1.0929766e-01   5.7363019e-03
   1.3500000e+01   1.0808379e-01   5.7237797e-03
   1.3000000e+01   1.0685346e-01   5.7117901e-03
   1.2500000e+01   1.0560871e-01   5.7003238e-03
   1.2000000e+01   1.0435152e-01   5.6893720e-03
   1.1500000e+01   1.0308379e-01   5.6789262e-03
   1.1000000e+01   1.0180738e-01   5.6689787e-03
   1.0500000e+01   1.0052407e-01   5.6595220e-03
   1.0000000e+01   9.9235555e-02   5.6505490e-03
   9.5000000e+00   9.7943485e-02   5.6420532e-03
   9.0000000e+00   9.6649417e-02   5.6340285e-03
   8.5000000e+00   9.5354837e-02   5.6264689e-03
   8.0000000e+00   9.4061155e-02   5.6193691e-03
   7.5000000e+00   9.2769701e-02   5.6127241e-03
   7.0000000e+00   9.1481733e-02   5.6065290e-03
   6.5000000e+00   9.0198432e-02   5.6007796e-03
   6.0000000e+00   8.8920904e-02   5.5954718e-03
   5.5000000e+00   8.7650183e-02   5.5906019e-03
   5.0000000e+00   8.6387230e-02   5.5861666e-03
   4.5000000e+00   8.5132938e-02   5.5821628e-03
   4.0000000e+00   8.3888131e-02   5.5785877e-03
   3.5000000e+00   8.2653570e-02   5.5754390e-03
   3.0000000e+00   8.1429950e-02   5.5727143e-03
   2.5000000e+00   8.0217907e-02   5.5704120e-03
   2.0000000e+00   7.9018019e-02   5.5685304e-03
   1.5000000e+00   7.7830808e-02   5.5670682e-03
   1.0000000e+00   7.6656741e-02   5.5660245e-03
   5.0000000e-01   7.5496239e-02   5.5653986e-03
  -0.0000000e+00   7.4349669e-02   5.5651900e-03
  -5.0000000e-01   7.3217358e-02   5.5653986e-03
  -1.0000000e+00   7.2099587e-02   5.5660245e-03
  -1.5000000e+00   7.0996597e-02   5.5670682e-03
  -2.0000000e+00   6.9908591e-02   5.5685304e-03
  -2.5000000e+00   6.8835736e-02   5.5704120e-03
  -3.0000000e+00   6.7778167e-02   5.5727143e-03
  -3.5000000e+00   6.6735984e-02   5.5754390e-03
  -4.0000000e+00   6.5709262e-02   5.5785877e-03
  -4.5000000e+00   6.4698046e-02   5.5821628e-03
  -5.0000000e+00   6.3702357e-02   5.5861666e-03
  -5.5000000e+00   6.2722191e-02   5.5906019e-03
  -6.0000000e+00   6.1757525e-02   5.5954718e-03
  -6.5000000e+00   6.0808313e-02   5.6007796e-03
  -7.0000000e+00   5.9874493e-02   5.6065290e-03
  -7.5000000e+00   5.8955984e-02   5.6127241e-03
  -8.0000000e+00   5.8052693e-02   5.6193691e-03
  -8.5000000e+00   5.7164509e-02   5.6264689e-03
  -9.0000000e+00   5.6291312e-02   5.6340285e-03
  -9.5000000e+00   5.5432967e-02   5.6420532e-03
  -1.0000000e+01   5.4589331e-02   5.6505490e-03
  -1.0500000e+01   5.3760250e-02   5.6595220e-03
  -1.1000000e+01   5.2945564e-02   5.6689787e-03
  -1.1500000e+01   5.2145104e-02   5.6789262e-03
  -1.2000000e+01   5.1358694e-02   5.6893720e-03
  -1.2500000e+01   5.0586154e-02   5.7003238e-03
  -1.3000000e+01   4.9827297e-02   5.7117901e-03
  -1.3500000e+01   4.9081934e-02   5.7237797e-03
  -1.4000000e+01   4.8349871e-02   5.7363019e-03
  -1.4500000e+01   4.7630911e-02   5.7493666e-03
  -1.5000000e+01   4.6924856e-02   5.7629841e-03
  -1.5500000e+01   4.6231505e-02   5.7771655e-03
  -1.6000000e+01   4.5550655e-02   5.7919224e-03
  -1.6500000e+01   4.4882104e-02   5.8072668e-03
  -1.7000000e+01   4.4225648e-02   5.8232117e-03
  -1.7500000e+01   4.3581083e-02   5.8397706e-03
  -1.8000000e+01   4.2948205e-02   5.8569578e-03
  -1.8500000e+01   4.2326812e-02   5.8747884e-03
  -1.9000000e+01   4.1716701e-02   5.8932781e-03
  -1.9500000e+01   4.1117672e-02   5.9124437e-03
  -2.0000000e+01   4.0529523e-02   5.9323027e-03
  -2.0500000e+01   3.9952057e-02   5.9528737e-03
  -2.1000000e+01   3.9385077e-02   5.9741762e-03
  -2.1500000e+01   3.8828387e-02   5.9962308e-03
  -2.2000000e+01   3.8281795e-02   6.0190592e-03
  -2.2500000e+01   3.7745111e-02   6.0426843e-03
  -2.3000000e+01   3.7218144e-02   6.0671302e-03
  -2.3500000e+01   3.6700710e-02   6.0924225e-03
  -2.4000000e+01   3.6192625e-02   6.1185880e-03
  -2.4500000e+01   3.5693707e-02   6.1456554e-03
  -2.5000000e+01   3.5203778e-02   6.1736546e-03
  -2.5500000e+01   3.4722661e-02   6.2026175e-03
  -2.6000000e+01   3.4250184e-02   6.2325778e-03
  -2.6500000e+01   3.3786177e-02   6.2635712e-03
  -2.7000000e+01   3.3330470e-02   6.2956354e-03
  -2.7500000e+01   3.2882900e-02   6.3288106e-03
  -2.8000000e+01   3.2443305e-02   6.3631393e-03
  -2.8500000e+01   3.2011525e-02   6.3986668e-03
  -2.9000000e+01   3.1587404e-02   6.4354411e-03
  -2.9500000e+01   3.1170787e-02   6.4735132e-03
  -3.0000000e+01   3.0761525e-02   6.5129377e-03
  -3.0500000e+01   3.0359470e-02   6.5537727e-03
  -3.1000000e+01   2.9964475e-02   6.5960799e-03
  -3.1500000e+01   2.9576400e-02   6.6399257e-03
  -3.2000000e+01   2.9195103e-02   6.6853806e-03
  -3.2500000e+01   2.8820449e-02   6.7325205e-03
  -3.3000000e+01   2.8452303e-02   6.7814266e-03
  -3.3500000e+01   2.8090533e-02   6.8321859e-03
  -3.4000000e+01   2.7735011e-02   6.8848921e-03
  -3.4500000e+01   2.7385610e-02   6.9396460e-03
  -3.5000000e+01   2.7042207e-02   6.9965561e-03
  -3.5500000e+01   2.6704681e-02   7.0557398e-03
  -3.6000000e+01   2.6372912e-02   7.1173236e-03
  -3.6500000e+01   2.6046785e-02   7.1814450e-03
  -3.7000000e+01   2.5726186e-02   7.2482527e-03
  -3.7500000e+01   2.5411004e-02   7.3179085e-03
  -3.8000000e+01   2.5101129e-02   7.3905888e-03
  -3.8500000e+01   2.4796455e-02   7.4664859e-03
  -3.9000000e+01   2.4496878e-02   7.5458099e-03
  -3.9500000e+01   2.4202295e-02   7.6287915e-03
  -4.0000000e+01   2.3912606e-02   7.7156838e-03
  -4.0500000e+01   2.3627714e-02   7.8067659e-03
  -4.1000000e+01   2.3347522e-02   7.9023457e-03
  -4.1500000e+01   2.3071937e-02   8.0027646e-03
  -4.2000000e+01   2.2800868e-02   8.1084016e-03
  -4.2500000e+01   2.2534224e-02   8.2196792e-03
  -4.3000000e+01   2.2271918e-02   8.3370700e-03
  -4.3500000e+01   2.2013864e-02   8.4611040e-03
  -4.4000000e+01   2.1759979e-02   8.5923790e-03
  -4.4500000e+01   2.1510179e-02   8.7315709e-03
  -4.5000000e+01   2.1264385e-02   8.8794481e-03
  -4.5500000e+01   2.1022518e-02   9.0368882e-03
  -4.6000000e+01   2.0784501e-02   9.2048984e-03
  -4.6500000e+01   2.0550260e-02   9.3846416e-03
  -4.7000000e+01   2.0319719e-02   9.5774686e-03
  -4.7500000e+01   2.0092808e-02   9.7849587e-03
  -4.8000000e+01   1.9869457e-02   1.0008972e-02
  -4.8500000e+01   1.9649595e-02   1.0251718e-02
  -4.9000000e+01   1.9433157e-02   1.0515841e-02
  -4.9500000e+01   1.9220075e-02   1.0804542e-02
  -5.0000000e+01   1.9010286e-02   1.1121734e-02
  -5.0500000e+01   1.8803727e-02   1.1472261e-02
  -5.1000000e+01   1.8600335e-02   1.1862206e-02
  -5.1500000e+01   1.8400051e-02   1.2299324e-02
  -5.2000000e+01   1.8202816e-02   1.2793689e-02
  -5.2500000e+01   1.8008571e-02   1.3358664e-02
  -5.3000000e+01   1.7817261e-02   1.4012425e-02
  -5.3500000e+01   1.7628830e-02   1.4780445e-02
  -5.4000000e+01   1.7443224e-02   1.5699744e-02
  -5.4500000e+01   1.7260390e-02   1.6826629e-02
  -5.5000000e+01   1.7080276e-02   1.8251870e-02
  -5.5500000e+01   1.6902832e-02   2.0133608e-02
  -5.6000000e+01   1.6728008e-02   2.2779136e-02
  -5.6500000e+01   1.6555756e-02   2.6893596e-02
  -5.7000000e+01   1.6386028e-02   3.4643759e-02
  -5.7500000e+01   1.6218778e-02   5.9874447e-02
  -5.8000000e+01   1.6053960e-02   0.0000000e+00
  -5.8500000e+01   1.5891529e-02   0.0000000e+00
  -5.9000000e+01   1.5731444e-02   0.0000000e+00
  -5.9500000e+01   1.5573659e-02   0.0000000e+00
  -6.0000000e+01   1.5418135e-02   0.0000000e+00
  -6.0500000e+01   1.5264830e-02   0.0000000e+00
  -6.1000000e+01   1.5113704e-02   0.0000000e+00
  -6.1500000e+01   1.4964719e-02   0.0000000e+00
  -6.2000000e+01   1.4817835e-02   0.0000000e+00
  -6.2500000e+01   1.4673015e-02   0.0000000e+00
  -6.3000000e+01   1.4530223e-02   0.0000000e+00
  -6.3500000e+01   1.4389422e-02   0.0000000e+00
  -6.4000000e+01   1.4250578e-02   0.0000000e+00
  -6.4500000e+01   1.4113656e-02   0.0000000e+00
  -6.5000000e+01   1.3978622e-02   0.0000000e+00
  -6.5500000e+01   1.3845444e-02   0.0000000e+00
  -6.6000000e+01   1.3714088e-02   0.0000000e+00
  -6.6500000e+01   1.3584523e-02   0.0000000e+00
  -6.7000000e+01   1.3456718e-02   0.0000000e+00
  -6.7500000e+01   1.3330643e-02   0.0000000e+00
  -6.8000000e+01   1.3206268e-02   0.0000000e+00
  -6.8500000e+01   1.3083563e-02   0.0000000e+00
  -6.9000000e+01   1.2962501e-02   0.0000000e+00
  -6.9500000e+01   1.2843052e-02   0.0000000e+00
  -7.0000000e+01   1.2725191e-02   0.0000000e+00
  -7.0500000e+01   1.2608888e-02   0.0000000e+00
  -7.1000000e+01   1.2494120e-02   0.0000000e+00
  -7.1500000e+01   1.2380859e-02   0.0000000e+00
  -7.2000000e+01   1.2269080e-02   0.0000000e+00
  -7.2500000e+01   1.2158758e-02   0.0000000e+00
  -7.3000000e+01   1.2049870e-02   0.0000000e+00
  -7.3500000e+01   1.1942391e-02   0.0000000e+00
  -7.4000000e+01   1.1836298e-02   0.0000000e+00
  -7.4500000e+01   1.1731568e-02   0.0000000e+00
  -7.5000000e+01   1.1628179e-02   0.0000000e+00
  -7.5500000e+01   1.1526108e-02   0.0000000e+00
  -7.6000000e+01   1.1425334e-02   0.0000000e+00
  -7.6500000e+01   1.1325837e-02   0.0000000e+00
  -7.7000000e+01   1.1227595e-02   0.0000000e+00
  -7.7500000e+01   1.1130587e-02   0.0000000e+00
  -7.8000000e+01   1.1034795e-02   0.0000000e+00
  -7.8500000e+01   1.0940198e-02   0.0000000e+00
  -7.9000000e+01   1.0846777e-02   0.0000000e+00
  -7.9500000e+01   1.0754513e-02   0.0000000e+00
  -8.0000000e+01   1.0663389e-02   0.0000000e+00
  -8.0500000e+01   1.0573386e-02   0.0000000e+00
  -8.1000000e+01   1.0484485e-02   0.0000000e+00
  -8.1500000e+01   1.0396671e-02   0.0000000e+00
  -8.2000000e+01   1.0309925e-02   0.0000000e+00
  -8.2500000e+01   1.0224231e-02   0.0000000e+00
  -8.3000000e+01   1.0139573e-02   0.0000000e+00
  -8.3500000e+01   1.0055934e-02   0.0000000e+00
  -8.4000000e+01   9.9732980e-03   0.0000000e+00
  -8.4500000e+01   9.8916505e-03   0.0000000e+00
  -8.5000000e+01   9.8109757e-03   0.0000000e+00
  -8.5500000e+01   9.7312588e-03   0.0000000e+00
  -8.6000000e+01   9.6524849e-03   0.0000000e+00
  -8.6500000e+01   9.5746398e-03   0.0000000e+00
  -8.7000000e+01   9.4977093e-03   0.0000000e+00
  -8.7500000e+01   9.4216795e-03   0.0000000e+00
  -8.8000000e+01   9.3465367e-03   0.0000000e+00
  -8.8500000e+01   9.2722676e-03   0.0000000e+00
  -8.9000000e+01   9.1988590e-03   0.0000000e+00
  -8.9500000e+01   9.1262981e-03   0.0000000e+00
  -9.0000000e+01   9.0545722e-03   0.0000000e+00
  -9.0500000e+01   8.9836688e-03   0.0000000e+00
  -9.1000000e+01   8.9135757e-03   0.0000000e+00
  -9.1500000e+01   8.8442810e-03   0.0000000e+00
  -9.2000000e+01   8.7757729e-03   0.0000000e+00
  -9.2500000e+01   8.7080398e-03   0.0000000e+00
  -9.3000000e+01   8.6410703e-03   0.0000000e+00
  -9.3500000e+01   8.5748532e-03   0.0000000e+00
  -9.4000000e+01   8.5093777e-03   0.0000000e+00
  -9.4500000e+01   8.4446330e-03   0.0000000e+00
  -9.5000000e+01   8.3806084e-03   0.0000000e+00
  -9.5500000e+01   8.3172936e-03   0.0000000e+00
  -9.6000000e+01   8.2546784e-03   0.0000000e+00
  -9.6500000e+01   8.1927527e-03   0.0000000e+00
  -9.7000000e+01   8.1315067e-03   0.0000000e+00
  -9.7500000e+01   8.0709307e-03   0.0000000e+00
  -9.8000000e+01   8.0110152e-03   0.0000000e+00
  -9.8500000e+01   7.9517508e-03   0.0000000e+00
  -9.9000000e+01   7.8931283e-03   0.0000000e+00
  -9.9500000e+01   7.8351387e-03   0.0000000e+00
  -1.0000000e+02   7.7777731e-03   0.0000000e+00
  -1.0050000e+02   7.7210228e-03   0.0000000e+00
  -1.0100000e+02   7.6648792e-03   0.0000000e+00
  -1.0150000e+02   7.6093339e-03   0.0000000e+00
  -1.0200000e+02   7.5543785e-03   0.0000000e+00
  -1.0250000e+02   7.5000049e-03   0.0000000e+00
  -1.0300000e+02   7.4462052e-03   0.0000000e+00
  -1.0350000e+02   7.3929713e-03   0.0000000e+00
  -1.0400000e+02   7.3402957e-03   0.0000000e+00
  -1.0450000e+02   7.2881706e-03   0.0000000e+00
  -1.0500000e+02   7.2365885e-03   0.0000000e+00
  -1.0550000e+02   7.1855422e-03   0.0000000e+00
  -1.0600000e+02   7.1350242e-03   0.0000000e+00
  -1.0650000e+02   7.0850276e-03   0.0000000e+00
  -1.0700000e+02   7.0355453e-03   0.0000000e+00
  -1.0750000e+02   6.9865704e-03   0.0000000e+00
  -1.0800000e+02   6.9380962e-03   0.0000000e+00
  -1.0850000e+02   6.8901158e-03   0.0000000e+00
  -1.0900000e+02   6.8426229e-03   0.0000000e+00
  -1.0950000e+02   6.7956109e-03   0.0000000e+00
  -1.1000000e+02   6.7490735e-03   0.0000000e+00
  -1.1050000e+02   6.7030044e-03   0.0000000e+00
  -1.1100000e+02   6.6573975e-03   0.0000000e+00
  -1.1150000e+02   6.6122467e-03   0.0000000e+00
  -1.1200000e+02   6.5675461e-03   0.0000000e+00
  -1.1250000e+02   6.5232898e-03   0.0000000e+00
  -1.1300000e+02   6.4794720e-03   0.0000000e+00
  -1.1350000e+02   6.4360871e-03   0.0000000e+00
  -1.1400000e+02   6.3931295e-03   0.0000000e+00
  -1.1450000e+02   6.3505937e-03   0.0000000e+00
  -1.1500000e+02   6.3084743e-03   0.0000000e+00
  -1.1550000e+02   6.2667660e-03   0.0000000e+00
  -1.1600000e+02   6.2254634e-03   0.0000000e+00
  -1.1650000e+02   6.1845615e-03   0.0000000e+00
  -1.1700000e+02   6.1440552e-03   0.0000000e+00
  -1.1750000e+02   6.1039395e-03   0.0000000e+00
  -1.1800000e+02   6.0642094e-03   0.0000000e+00
  -1.1850000e+02   6.0248601e-03   0.0000000e+00
  -1.1900000e+02   5.9858868e-03   0.0000000e+00
  -1.1950000e+02   5.9472848e-03   0.0000000e+00
  -1.2000000e+02   5.9090496e-03   0.0000000e+00
  -1.2050000e+02   5.8711765e-03   0.0000000e+00
  -1.2100000e+02   5.8336610e-03   0.0000000e+00
  -1.2150000e+02   5.7964988e-03   0.0000000e+00
  -1.2200000e+02   5.7596855e-03   0.0000000e+00
  -1.2250000e+02   5.7232168e-03   0.0000000e+00
  -1.2300000e+02   5.6870884e-03   0.0000000e+00
  -1.2350000e+02   5.6512962e-03   0.0000000e+00
  -1.2400000e+02   5.6158362e-03   0.0000000e+00
  -1.2450000e+02   5.5807042e-03   0.0000000e+00
  -1.2500000e+02   5.5458964e-03   0.0000000e+00
  -1.2550000e+02   5.5114087e-03   0.0000000e+00
  -1.2600000e+02   5.4772374e-03   0.0000000e+00
  -1.2650000e+02   5.4433786e-03   0.0000000e+00
  -1.2700000e+02   5.4098286e-03   0.0000000e+00
  -1.2750000e+02   5.3765836e-03   0.0000000e+00
  -1.2800000e+02   5.3436402e-03   0.0000000e+00
  -1.2850000e+02   5.3109946e-03   0.0000000e+00
  -1.2900000e+02   5.2786433e-03   0.0000000e+00
  -1.2950000e+02   5.2465829e-03   0.0000000e+00
  -1.3000000e+02   5.2148100e-03   0.0000000e+00
  -1.3050000e+02   5.1833211e-03   0.0000000e+00
  -1.3100000e+02   5.1521129e-03   0.0000000e+00
  -1.3150000e+02   5.1211822e-03   0.0000000e+00
  -1.3200000e+02   5.0905257e-03   0.0000000e+00
  -1.3250000e+02   5.0601402e-03   0.0000000e+00
  -1.3300000e+02   5.0300226e-03   0.0000000e+00
  -1.3350000e+02   5.0001698e-03   0.0000000e+00
  -1.3400000e+02   4.9705786e-03   0.0000000e+00
  -1.3450000e+02   4.9412462e-03   0.0000000e+00
  -1.3500000e+02   4.9121696e-03   0.0000000e+00
  -1.3550000e+02   4.8833458e-03   0.0000000e+00
  -1.3600000e+02   4.8547719e-03   0.0000000e+00
  -1.3650000e+02   4.8264450e-03   0.0000000e+00
  -1.3700000e+02   4.7983625e-03   0.0000000e+00
  -1.3750000e+02   4.7705215e-03   0.0000000e+00
  -1.3800000e+02   4.7429193e-03   0.0000000e+00
  -1.3850000e+02   4.7155532e-03   0.0000000e+00
  -1.3900000e+02   4.6884205e-03   0.0000000e+00
  -1.3950000e+02   4.6615186e-03   0.0000000e+00
  -1.4000000e+02   4.6348450e-03   0.0000000e+00
  -1.4050000e+02   4.6083971e-03   0.0000000e+00
  -1.4100000e+02   4.5821725e-03   0.0000000e+00
  -1.4150000e+02   4.5561685e-03   0.0000000e+00
  -1.4200000e+02   4.5303828e-03   0.0000000e+00
  -1.4250000e+02   4.5048130e-03   0.0000000e+00
  -1.4300000e+02   4.4794567e-03   0.0000000e+00
  -1.4350000e+02   4.4543116e-03   0.0000000e+00
  -1.4400000e+02   4.4293753e-03   0.0000000e+00
  -1.4450000e+02   4.4046455e-03   0.0000000e+00
  -1.4500000e+02   4.3801201e-03   0.0000000e+00
  -1.4550000e+02   4.3557968e-03   0.0000000e+00
  -1.4600000e+02   4.3316733e-03   0.0000000e+00
  -1.4650000e+02   4.3077477e-03   0.0000000e+00
  -1.4700000e+02   4.2840176e-03   0.0000000e+00
  -1.4750000e+02   4.2604811e-03   0.0000000e+00
  -1.4800000e+02   4.2371360e-03   0.0000000e+00
  -1.4850000e+02   4.2139802e-03   0.0000000e+00
  -1.4900000e+02   4.1910119e-03   0.0000000e+00
  -1.4950000e+02   4.1682289e-03   0.0000000e+00
  -1.5000000e+02   4.1456293e-03   0.0000000e+00
  -1.5050000e+02   4.1232112e-03   0.0000000e+00
  -1.5100000e+02   4.1009726e-03   0.0000000e+00
  -1.5150000e+02   4.0789117e-03   0.0000000e+00
  -1.5200000e+02   4.0570266e-03   0.0000000e+00
  -1.5250000e+02   4.0353154e-03   0.0000000e+00
  -1.5300000e+02   4.0137763e-03   0.0000000e+00
  -1.5350000e+02   3.9924076e-03   0.0000000e+00
  -1.5400000e+02   3.9712074e-03   0.0000000e+00
  -1.5450000e+02   3.9501740e-03   0.0000000e+00
  -1.5500000e+02   3.9293056e-03   0.0000000e+00
  -1.5550000e+02   3.9086007e-03   0.0000000e+00
  -1.5600000e+02   3.8880574e-03   0.0000000e+00
  -1.5650000e+02   3.8676742e-03   0.0000000e+00
  -1.5700000e+02   3.8474493e-03   0.0000000e+00
  -1.5750000e+02   3.8273812e-03   0.0000000e+00
  -1.5800000e+02   3.8074683e-03   0.0000000e+00
  -1.5850000e+02   3.7877089e-03   0.0000000e+00
  -1.5900000e+02   3.7681016e-03   0.0000000e+00
  -1.5950000e+02   3.7486447e-03   0.0000000e+00
  -1.6000000e+02   3.7293368e-03   0.0000000e+00
  -1.6050000e+02   3.7101764e-03   0.0000000e+00
  -1.6100000e+02   3.6911619e-03   0.0000000e+00
  -1.6150000e+02   3.6722919e-03   0.0000000e+00
  -1.6200000e+02   3.6535650e-03   0.0000000e+00
  -1.6250000e+02   3.6349797e-03   0.0000000e+00
  -1.6300000e+02   3.6165346e-03   0.0000000e+00
  -1.6350000e+02   3.5982284e-03   0.0000000e+00
  -1.6400000e+02   3.5800596e-03   0.0000000e+00
  -1.6450000e+02   3.5620269e-03   0.0000000e+00
  -1.6500000e+02   3.5441289e-03   0.0000000e+00
  -1.6550000e+02   3.5263644e-03   0.0000000e+00
  -1.6600000e+02   3.5087320e-03   0.0000000e+00
  -1.6650000e+02   3.4912303e-03   0.0000000e+00
  -1.6700000e+02   3.4738582e-03   0.0000000e+00
  -1.6750000e+02   3.4566144e-03   0.0000000e+00
  -1.6800000e+02   3.4394976e-03   0.0000000e+00
  -1.6850000e+02   3.4225065e-03   0.0000000e+00
  -1.6900000e+02   3.4056401e-03   0.0000000e+00
  -1.6950000e+02   3.3888970e-03   0.0000000e+00
  -1.7000000e+02   3.3722760e-03   0.0000000e+00
  -1.7050000e+02   3.3557761e-03   0.0000000e+00
  -1.7100000e+02   3.3393960e-03   0.0000000e+00
  -1.7150000e+02   3.3231346e-03   0.0000000e+00
  -1.7200000e+02   3.3069907e-03   0.0000000e+00
  -1.7250000e+02   3.2909633e-03   0.0000000e+00
  -1.7300000e+02   3.2750512e-03   0.0000000e+00
  -1.7350000e+02   3.2592533e-03   0.0000000e+00
  -1.7400000e+02   3.2435685e-03   0.0000000e+00
  -1.7450000e+02   3.2279959e-03   0.0000000e+00
  -1.7500000e+02   3.2125342e-03   0.0000000e+00
  -1.7550000e+02   3.1971826e-03   0.0000000e+00
  -1.7600000e+02   3.1819399e-03   0.0000000e+00
  -1.7650000e+02   3.1668051e-03   0.0000000e+00
  -1.7700000e+02   3.1517772e-03   0.0000000e+00
  -1.7750000e+02   3.1368552e-03   0.0000000e+00
  -1.7800000e+02   3.1220382e-03   0.0000000e+00
  -1.7850000e+02   3.1073251e-03   0.0000000e+00
  -1.7900000e+02   3.0927150e-03   0.0000000e+00
  -1.7950000e+02   3.0782070e-03   0.0000000e+00
  -1.8000000e+02   3.0638000e-03   0.0000000e+00
  -1.8050000e+02   3.0494933e-03   0.0000000e+00
  -1.8100000e+02   3.0352858e-03   0.0000000e+00
  -1.8150000e+02   3.0211766e-03   0.0000000e+00
  -1.8200000e+02   3.0071649e-03   0.0000000e+00
  -1.8250000e+02   2.9932498e-03   0.0000000e+00
  -1.8300000e+02   2.9794303e-03   0.0000000e+00
  -1.8350000e+02   2.9657056e-03   0.0000000e+00
  -1.8400000e+02   2.9520749e-03   0.0000000e+00
  -1.8450000e+02   2.9385373e-03   0.0000000e+00
  -1.8500000e+02   2.9250919e-03   0.0000000e+00
  -1.8550000e+02   2.9117380e-03   0.0000000e+00
  -1.8600000e+02   2.8984747e-03   0.0000000e+00
  -1.8650000e+02   2.8853012e-03   0.0000000e+00
  -1.8700000e+02   2.8722167e-03   0.0000000e+00
  -1.8750000e+02   2.8592203e-03   0.0000000e+00
  -1.8800000e+02   2.8463114e-03   0.0000000e+00
  -1.8850000e+02   2.8334892e-03   0.0000000e+00
  -1.8900000e+02   2.8207528e-03   0.0000000e+00
  -1.8950000e+02   2.8081015e-03   0.0000000e+00
  -1.9000000e+02   2.7955346e-03   0.0000000e+00
  -1.9050000e+02   2.7830513e-03   0.0000000e+00
  -1.9100000e+02   2.7706508e-03   0.0000000e+00
  -1.9150000e+02   2.7583326e-03   0.0000000e+00
  -1.9200000e+02   2.7460957e-03   0.0000000e+00
  -1.9250000e+02   2.7339396e-03   0.0000000e+00
  -1.9300000e+02   2.7218635e-03   0.0000000e+00
  -1.9350000e+02   2.7098668e-03   0.0000000e+00
  -1.9400000e+02   2.6979486e-03   0.0000000e+00
  -1.9450000e+02   2.6861084e-03   0.0000000e+00
  -1.9500000e+02   2.6743455e-03   0.0000000e+00
  -1.9550000e+02   2.6626593e-03   0.0000000e+00
  -1.9600000e+02   2.6510489e-03   0.0000000e+00
  -1.9650000e+02   2.6395139e-03   0.0000000e+00
  -1.9700000e+02   2.6280535e-03   0.0000000e+00
  -1.9750000e+02   2.6166671e-03   0.0000000e+00
  -1.9800000e+02   2.6053542e-03   0.0000000e+00
  -1.9850000e+02   2.5941140e-03   0.0000000e+00
  -1.9900000e+02   2.5829459e-03   0.0000000e+00
  -1.9950000e+02   2.5718493e-03   0.0000000e+00
  -2.0000000e+02   2.5608237e-03   0.0000000e+00
  -2.0050000e+02   2.5498684e-03   0.0000000e+00
  -2.0100000e+02   2.5389829e-03   0.0000000e+00
  -2.0150000e+02   2.5281664e-03   0.0000000e+00
  -2.0200000e+02   2.5174186e-03   0.0000000e+00
  -2.0250000e+02   2.5067387e-03   0.0000000e+00
  -2.0300000e+02   2.4961262e-03   0.0000000e+00
  -2.0350000e+02   2.4855807e-03   0.0000000e+00
  -2.0400000e+02   2.4751014e-03   0.0000000e+00
  -2.0450000e+02   2.4646878e-03   0.0000000e+00
  -2.0500000e+02   2.4543395e-03   0.0000000e+00
  -2.0550000e+02   2.4440558e-03   0.0000000e+00
  -2.0600000e+02   2.4338362e-03   0.0000000e+00
  -2.0650000e+02   2.4236803e-03   0.0000000e+00
  -2.0700000e+02   2.4135874e-03   0.0000000e+00
  -2.0750000e+02   2.4035571e-03   0.0000000e+00
  -2.0800000e+02   2.3935888e-03   0.0000000e+00
  -2.0850000e+02   2.3836821e-03   0.0000000e+00
  -2.0900000e+02   2.3738364e-03   0.0000000e+00
  -2.0950000e+02   2.3640512e-03   0.0000000e+00
  -2.1000000e+02   2.3543261e-03   0.0000000e+00
  -2.1050000e+02   2.3446605e-03   0.0000000e+00
  -2.1100000e+02   2.3350541e-03   0.0000000e+00
  -2.1150000e+02   2.3255062e-03   0.0000000e+00
  -2.1200000e+02   2.3160164e-03   0.0000000e+00
  -2.1250000e+02   2.3065843e-03   0.0000000e+00
  -2.1300000e+02   2.2972094e-03   0.0000000e+00
  -2.1350000e+02   2.2878912e-03   0.0000000e+00
  -2.1400000e+02   2.2786293e-03   0.0000000e+00
  -2.1450000e+02   2.2694232e-03   0.0000000e+00
  -2.1500000e+02   2.2602725e-03   0.0000000e+00
  -2.1550000e+02   2.2511768e-03   0.0000000e+00
  -2.1600000e+02   2.2421355e-03   0.0000000e+00
  -2.1650000e+02   2.2331484e-03   0.0000000e+00
  -2.1700000e+02   2.2242149e-03   0.0000000e+00
  -2.1750000e+02   2.2153346e-03   0.0000000e+00
  -2.1800000e+02   2.2065071e-03   0.0000000e+00
  -2.1850000e+02   2.1977320e-03   0.0000000e+00
  -2.1900000e+02   2.1890088e-03   0.0000000e+00
  -2.1950000e+02   2.1803373e-03   0.0000000e+00
  -2.2000000e+02   2.1717169e-03   0.0000000e+00
  -2.2050000e+02   2.1631472e-03   0.0000000e+00
  -2.2100000e+02   2.1546280e-03   0.0000000e+00
  -2.2150000e+02   2.1461587e-03   0.0000000e+00
  -2.2200000e+02   2.1377390e-03   0.0000000e+00
  -2.2250000e+02   2.1293685e-03   0.0000000e+00
  -2.2300000e+02   2.1210468e-03   0.0000000e+00
  -2.2350000e+02   2.1127736e-03   0.0000000e+00
  -2.2400000e+02   2.1045485e-03   0.0000000e+00
  -2.2450000e+02   2.0963710e-03   0.0000000e+00
  -2.2500000e+02   2.0882409e-03   0.0000000e+00
  -2.2550000e+02   2.0801578e-03   0.0000000e+00
  -2.2600000e+02   2.0721213e-03   0.0000000e+00
  -2.2650000e+02   2.0641310e-03   0.0000000e+00
  -2.2700000e+02   2.0561867e-03   0.0000000e+00
  -2.2750000e+02   2.0482879e-03   0.0000000e+00
  -2.2800000e+02   2.0404343e-03   0.0000000e+00
  -2.2850000e+02   2.0326256e-03   0.0000000e+00
  -2.2900000e+02   2.0248614e-03   0.0000000e+00
  -2.2950000e+02   2.0171414e-03   0.0000000e+00
  -2.3000000e+02   2.0094653e-03   0.0000000e+00
  -2.3050000e+02   2.0018327e-03   0.0000000e+00
  -2.3100000e+02   1.9942433e-03   0.0000000e+00
  -2.3150000e+02   1.9866968e-03   0.0000000e+00
  -2.3200000e+02   1.9791928e-03   0.0000000e+00
  -2.3250000e+02   1.9717311e-03   0.0000000e+00
  -2.3300000e+02   1.9643113e-03   0.0000000e+00
  -2.3350000e+02   1.9569331e-03   0.0000000e+00
  -2.3400000e+02   1.9495962e-03   0.0000000e+00
  -2.3450000e+02   1.9423004e-03   0.0000000e+00
  -2.3500000e+02   1.9350452e-03   0.0000000e+00
  -2.3550000e+02   1.9278304e-03   0.0000000e+00
  -2.3600000e+02   1.9206557e-03   0.0000000e+00
  -2.3650000e+02   1.9135208e-03   0.0000000e+00
  -2.3700000e+02   1.9064254e-03   0.0000000e+00
  -2.3750000e+02   1.8993693e-03   0.0000000e+00
  -2.3800000e+02   1.8923520e-03   0.0000000e+00
  -2.3850000e+02   1.8853734e-03   0.0000000e+00
  -2.3900000e+02   1.8784332e-03   0.0000000e+00
  -2.3950000e+02   1.8715311e-03   0.0000000e+00
  -2.4000000e+02   1.8646667e-03   0.0000000e+00
  -2.4050000e+02   1.8578399e-03   0.0000000e+00
  -2.4100000e+02   1.8510504e-03   0.0000000e+00
  -2.4150000e+02   1.8442979e-03   0.0000000e+00
  -2.4200000e+02   1.8375820e-03   0.0000000e+00
  -2.4250000e+02   1.8309027e-03   0.0000000e+00
  -2.4300000e+02   1.8242595e-03   0.0000000e+00
  -2.4350000e+02   1.8176523e-03   0.0000000e+00
  -2.4400000e+02   1.8110808e-03   0.0000000e+00
  -2.4450000e+02   1.8045447e-03   0.0000000e+00
  -2.4500000e+02   1.7980437e-03   0.0000000e+00
  -2.4550000e+02   1.7915777e-03   0.0000000e+00
  -2.4600000e+02   1.7851464e-03   0.0000000e+00
  -2.4650000e+02   1.7787494e-03   0.0000000e+00
  -2.4700000e+02   1.7723867e-03   0.0000000e+00
  -2.4750000e+02   1.7660579e-03   0.0000000e+00
  -2.4800000e+02   1.7597628e-03   0.0000000e+00
  -2.4850000e+02   1.7535012e-03   0.0000000e+00
  -2.4900000e+02   1.7472727e-03   0.0000000e+00
  -2.4950000e+02   1.7410773e-03   0.0000000e+00
  -2.5000000e+02   1.7349147e-03   0.0000000e+00
  -2.5050000e+02   1.7287846e-03   0.0000000e+00
  -2.5100000e+02   1.7226867e-03   0.0000000e+00
  -2.5150000e+02   1.7166210e-03   0.0000000e+00
  -2.5200000e+02   1.7105871e-03   0.0000000e+00
  -2.5250000e+02   1.7045849e-03   0.0000000e+00
  -2.5300000e+02   1.6986140e-03   0.0000000e+00
  -2.5350000e+02   1.6926744e-03   0.0000000e+00
  -2.5400000e+02   1.6867657e-03   0.0000000e+00
  -2.5450000e+02   1.6808878e-03   0.0000000e+00
  -2.5500000e+02   1.6750405e-03   0.0000000e+00
  -2.5550000e+02   1.6692234e-03   0.0000000e+00
  -2.5600000e+02   1.6634366e-03   0.0000000e+00
  -2.5650000e+02   1.6576796e-03   0.0000000e+00
  -2.5700000e+02   1.6519524e-03   0.0000000e+00
  -2.5750000e+02   1.6462547e-03   0.0000000e+00
  -2.5800000e+02   1.6405863e-03   0.0000000e+00
  -2.5850000e+02   1.6349470e-03   0.0000000e+00
  -2.5900000e+02   1.6293367e-03   0.0000000e+00
  -2.5950000e+02   1.6237550e-03   0.0000000e+00
  -2.6000000e+02   1.6182019e-03   0.0000000e+00
  -2.6050000e+02   1.6126771e-03   0.0000000e+00
  -2.6100000e+02   1.6071805e-03   0.0000000e+00
  -2.6150000e+02   1.6017118e-03   0.0000000e+00
  -2.6200000e+02   1.5962709e-03   0.0000000e+00
  -2.6250000e+02   1.5908575e-03   0.0000000e+00
  -2.6300000e+02   1.5854716e-03   0.0000000e+00
  -2.6350000e+02   1.5801128e-03   0.0000000e+00
  -2.6400000e+02   1.5747811e-03   0.0000000e+00
  -2.6450000e+02   1.5694762e-03   0.0000000e+00
  -2.6500000e+02   1.5641980e-03   0.0000000e+00
  -2.6550000e+02   1.5589463e-03   0.0000000e+00
  -2.6600000e+02   1.5537208e-03   0.0000000e+00
  -2.6650000e+02   1.5485215e-03   0.0000000e+00
  -2.6700000e+02   1.5433482e-03   0.0000000e+00
  -2.6750000e+02   1.5382007e-03   0.0000000e+00
  -2.6800000e+02   1.5330788e-03   0.0000000e+00
  -2.6850000e+02   1.5279823e-03   0.0000000e+00
  -2.6900000e+02   1.5229111e-03   0.0000000e+00
  -2.6950000e+02   1.5178651e-03   0.0000000e+00
  -2.7000000e+02   1.5128439e-03   0.0000000e+00
  -2.7050000e+02   1.5078476e-03   0.0000000e+00
  -2.7100000e+02   1.5028759e-03   0.0000000e+00
  -2.7150000e+02   1.4979287e-03   0.0000000e+00
  -2.7200000e+02   1.4930057e-03   0.0000000e+00
  -2.7250000e+02   1.4881070e-03   0.0000000e+00
  -2.7300000e+02   1.4832322e-03   0.0000000e+00
  -2.7350000e+02   1.4783812e-03   0.0000000e+00
  -2.7400000e+02   1.4735539e-03   0.0000000e+00
  -2.7450000e+02   1.4687502e-03   0.0000000e+00
  -2.7500000e+02   1.4639698e-03   0.0000000e+00
  -2.7550000e+02   1.4592126e-03   0.0000000e+00
  -2.7600000e+02   1.4544785e-03   0.0000000e+00
  -2.7650000e+02   1.4497674e-03   0.0000000e+00
  -2.7700000e+02   1.4450790e-03   0.0000000e+00
  -2.7750000e+02   1.4404132e-03   0.0000000e+00
  -2.7800000e+02   1.4357700e-03   0.0000000e+00
  -2.7850000e+02   1.4311490e-03   0.0000000e+00
  -2.7900000e+02   1.4265503e-03   0.0000000e+00
  -2.7950000e+02   1.4219736e-03   0.0000000e+00
  -2.8000000e+02   1.4174189e-03   0.0000000e+00
  -2.8050000e+02   1.4128859e-03   0.0000000e+00
  -2.8100000e+02   1.4083746e-03   0.0000000e+00
  -2.8150000e+02   1.4038848e-03   0.0000000e+00
  -2.8200000e+02   1.3994163e-03   0.0000000e+00
  -2.8250000e+02   1.3949691e-03   0.0000000e+00
  -2.8300000e+02   1.3905429e-03   0.0000000e+00
  -2.8350000e+02   1.3861378e-03   0.0000000e+00
  -2.8400000e+02   1.3817534e-03   0.0000000e+00
  -2.8450000e+02   1.3773898e-03   0.0000000e+00
  -2.8500000e+02   1.3730468e-03   0.0000000e+00
  -2.8550000e+02   1.3687242e-03   0.0000000e+00
  -2.8600000e+02   1.3644219e-03   0.0000000e+00
  -2.8650000e+02   1.3601398e-03   0.0000000e+00
  -2.8700000e+02   1.3558777e-03   0.0000000e+00
  -2.8750000e+02   1.3516356e-03   0.0000000e+00
  -2.8800000e+02   1.3474133e-03   0.0000000e+00
  -2.8850000e+02   1.3432108e-03   0.0000000e+00
  -2.8900000e+02   1.3390277e-03   0.0000000e+00
  -2.8950000e+02   1.3348642e-03   0.0000000e+00
  -2.9000000e+02   1.3307199e-03   0.0000000e+00
  -2.9050000e+02   1.3265949e-03   0.0000000e+00
  -2.9100000e+02   1.3224890e-03   0.0000000e+00
  -2.9150000e+02   1.3184020e-03   0.0000000e+00
  -2.9200000e+02   1.3143339e-03   0.0000000e+00
  -2.9250000e+02   1.3102846e-03   0.0000000e+00
  -2.9300000e+02   1.3062539e-03   0.0000000e+00
  -2.9350000e+02   1.3022417e-03   0.0000000e+00
  -2.9400000e+02   1.2982479e-03   0.0000000e+00
  -2.9450000e+02   1.2942724e-03   0.0000000e+00
  -2.9500000e+02   1.2903150e-03   0.0000000e+00
  -2.9550000e+02   1.2863758e-03   0.0000000e+00
  -2.9600000e+02   1.2824544e-03   0.0000000e+00
  -2.9650000e+02   1.2785510e-03   0.0000000e+00
  -2.9700000e+02   1.2746653e-03   0.0000000e+00
  -2.9750000e+02   1.2707972e-03   0.0000000e+00
  -2.9800000e+02   1.2669467e-03   0.0000000e+00
  -2.9850000e+02   1.2631135e-03   0.0000000e+00
  -2.9900000e+02   1.2592977e-03   0.0000000e+00
  -2.9950000e+02   1.2554992e-03   0.0000000e+00
  -3.0000000e+02   1.2517177e-03   0.0000000e+00
  -3.0050000e+02   1.2479532e-03   0.0000000e+00
  -3.0100000e+02   1.2442057e-03   0.0000000e+00
  -3.0150000e+02   1.2404749e-03   0.0000000e+00
  -3.0200000e+02   1.2367609e-03   0.0000000e+00
  -3.0250000e+02   1.2330635e-03   0.0000000e+00
  -3.0300000e+02   1.2293825e-03   0.0000000e+00
  -3.0350000e+02   1.2257180e-03   0.0000000e+00
  -3.0400000e+02   1.2220698e-03   0.0000000e+00
  -3.0450000e+02   1.2184379e-03   0.0000000e+00
  -3.0500000e+02   1.2148220e-03   0.0000000e+00
  -3.0550000e+02   1.2112222e-03   0.0000000e+00
  -3.0600000e+02   1.2076383e-03   0.0000000e+00
  -3.0650000e+02   1.2040702e-03   0.0000000e+00
  -3.0700000e+02   1.2005179e-03   0.0000000e+00
  -3.0750000e+02   1.1969813e-03   0.0000000e+00
  -3.0800000e+02   1.1934602e-03   0.0000000e+00
  -3.0850000e+02   1.1899546e-03   0.0000000e+00
  -3.0900000e+02   1.1864644e-03   0.0000000e+00
  -3.0950000e+02   1.1829894e-03   0.0000000e+00
  -3.1000000e+02   1.1795297e-03   0.0000000e+00
  -3.1050000e+02   1.1760851e-03   0.0000000e+00
  -3.1100000e+02   1.1726555e-03   0.0000000e+00
  -3.1150000e+02   1.1692408e-03   0.0000000e+00
  -3.1200000e+02   1.1658410e-03   0.0000000e+00
  -3.1250000e+02   1.1624560e-03   0.0000000e+00
  -3.1300000e+02   1.1590856e-03   0.0000000e+00
  -3.1350000e+02   1.1557299e-03   0.0000000e+00
  -3.1400000e+02   1.1523886e-03   0.0000000e+00
  -3.1450000e+02   1.1490618e-03   0.0000000e+00
  -3.1500000e+02   1.1457494e-03   0.0000000e+00
  -3.1550000e+02   1.1424512e-03   0.0000000e+00
  -3.1600000e+02   1.1391672e-03   0.0000000e+00
  -3.1650000e+02   1.1358973e-03   0.0000000e+00
  -3.1700000e+02   1.1326414e-03   0.0000000e+00
  -3.1750000e+02   1.1293995e-03   0.0000000e+00
  -3.1800000e+02   1.1261714e-03   0.0000000e+00
  -3.1850000e+02   1.1229571e-03   0.0000000e+00
  -3.1900000e+02   1.1197565e-03   0.0000000e+00
  -3.1950000e+02   1.1165696e-03   0.0000000e+00
  -3.2000000e+02   1.1133962e-03   0.0000000e+00
  -3.2050000e+02   1.1102362e-03   0.0000000e+00
  -3.2100000e+02   1.1070897e-03   0.0000000e+00
  -3.2150000e+02   1.1039565e-03   0.0000000e+00
  -3.2200000e+02   1.1008365e-03   0.0000000e+00
  -3.2250000e+02   1.0977298e-03   0.0000000e+00
  -3.2300000e+02   1.0946361e-03   0.0000000e+00
  -3.2350000e+02   1.0915554e-03   0.0000000e+00
  -3.2400000e+02   1.0884878e-03   0.0000000e+00
  -3.2450000e+02   1.0854329e-03   0.0000000e+00
  -3.2500000e+02   1.0823909e-03   0.0000000e+00
  -3.2550000e+02   1.0793617e-03   0.0000000e+00
  -3.2600000e+02   1.0763451e-03   0.0000000e+00
  -3.2650000e+02   1.0733411e-03   0.0000000e+00
  -3.2700000e+02   1.0703496e-03   0.0000000e+00
  -3.2750000e+02   1.0673706e-03   0.0000000e+00
  -3.2800000e+02   1.0644040e-03   0.0000000e+00
  -3.2850000e+02   1.0614497e-03   0.0000000e+00
  -3.2900000e+02   1.0585076e-03   0.0000000e+00
  -3.2950000e+02   1.0555778e-03   0.0000000e+00
  -3.3000000e+02   1.0526600e-03   0.0000000e+00
  -3.3050000e+02   1.0497544e-03   0.0000000e+00
  -3.3100000e+02   1.0468607e-03   0.0000000e+00
  -3.3150000e+02   1.0439789e-03   0.0000000e+00
  -3.3200000e+02   1.0411090e-03   0.0000000e+00
  -3.3250000e+02   1.0382508e-03   0.0000000e+00
  -3.3300000e+02   1.0354044e-03   0.0000000e+00
  -3.3350000e+02   1.0325697e-03   0.0000000e+00
  -3.3400000e+02   1.0297465e-03   0.0000000e+00
  -3.3450000e+02   1.0269349e-03   0.0000000e+00
  -3.3500000e+02   1.0241348e-03   0.0000000e+00
  -3.3550000e+02   1.0213460e-03   0.0000000e+00
  -3.3600000e+02   1.0185686e-03   0.0000000e+00
  -3.3650000e+02   1.0158026e-03   0.0000000e+00
  -3.3700000e+02   1.0130477e-03   0.0000000e+00
  -3.3750000e+02   1.0103040e-03   0.0000000e+00
  -3.3800000e+02   1.0075714e-03   0.0000000e+00
  -3.3850000e+02   1.0048499e-03   0.0000000e+00
  -3.3900000e+02   1.0021393e-03   0.0000000e+00
  -3.3950000e+02   9.9943966e-04   0.0000000e+00
  -3.4000000e+02   9.9675090e-04   0.0000000e+00
  -3.4050000e+02   9.9407295e-04   0.0000000e+00
  -3.4100000e+02   9.9140575e-04   0.0000000e+00
  -3.4150000e+02   9.8874925e-04   0.0000000e+00
  -3.4200000e+02   9.8610339e-04   0.0000000e+00
  -3.4250000e+02   9.8346811e-04   0.0000000e+00
  -3.4300000e+02   9.8084336e-04   0.0000000e+00
  -3.4350000e+02   9.7822908e-04   0.0000000e+00
  -3.4400000e+02   9.7562522e-04   0.0000000e+00
  -3.4450000e+02   9.7303171e-04   0.0000000e+00
  -3.4500000e+02   9.7044851e-04   0.0000000e+00
  -3.4550000e+02   9.6787556e-04   0.0000000e+00
  -3.4600000e+02   9.6531281e-04   0.0000000e+00
  -3.4650000e+02   9.6276020e-04   0.0000000e+00
  -3.4700000e+02   9.6021768e-04   0.0000000e+00
  -3.4750000e+02   9.5768520e-04   0.0000000e+00
  -3.4800000e+02   9.5516270e-04   0.0000000e+00
  -3.4850000e+02   9.5265013e-04   0.0000000e+00
  -3.4900000e+02   9.5014745e-04   0.0000000e+00
  -3.4950000e+02   9.4765459e-04   0.0000000e+00
  -3.5000000e+02   9.4517151e-04   0.0000000e+00
  -3.5050000e+02   9.4269815e-04   0.0000000e+00
  -3.5100000e+02   9.4023447e-04   0.0000000e+00
  -3.5150000e+02   9.3778042e-04   0.0000000e+00
  -3.5200000e+02   9.3533594e-04   0.0000000e+00
  -3.5250000e+02   9.3290098e-04   0.0000000e+00
  -3.5300000e+02   9.3047551e-04   0.0000000e+00
  -3.5350000e+02   9.2805946e-04   0.0000000e+00
  -3.5400000e+02   9.2565278e-04   0.0000000e+00
  -3.5450000e+02   9.2325544e-04   0.0000000e+00
  -3.5500000e+02   9.2086738e-04   0.0000000e+00
  -3.5550000e+02   9.1848856e-04   0.0000000e+00
  -3.5600000e+02   9.1611892e-04   0.0000000e+00
  -3.5650000e+02   9.1375842e-04   0.0000000e+00
  -3.5700000e+02   9.1140701e-04   0.0000000e+00
  -3.5750000e+02   9.0906465e-04   0.0000000e+00
  -3.5800000e+02   9.0673130e-04   0.0000000e+00
  -3.5850000e+02   9.0440689e-04   0.0000000e+00
  -3.5900000e+02   9.0209139e-04   0.0000000e+00
  -3.5950000e+02   8.9978476e-04   0.0000000e+00
  -3.6000000e+02   8.9748694e-04   0.0000000e+00
  -3.6050000e+02   8.9519790e-04   0.0000000e+00
  -3.6100000e+02   8.9291759e-04   0.0000000e+00
  -3.6150000e+02   8.9064596e-04   0.0000000e+00
  -3.6200000e+02   8.8838297e-04   0.0000000e+00
  -3.6250000e+02   8.8612858e-04   0.0000000e+00
  -3.6300000e+02   8.8388274e-04   0.0000000e+00
  -3.6350000e+02   8.8164541e-04   0.0000000e+00
  -3.6400000e+02   8.7941655e-04   0.0000000e+00
  -3.6450000e+02   8.7719612e-04   0.0000000e+00
  -3.6500000e+02   8.7498406e-04   0.0000000e+00
  -3.6550000e+02   8.7278035e-04   0.0000000e+00
  -3.6600000e+02   8.7058494e-04   0.0000000e+00
  -3.6650000e+02   8.6839778e-04   0.0000000e+00
  -3.6700000e+02   8.6621884e-04   0.0000000e+00
  -3.6750000e+02   8.6404807e-04   0.0000000e+00
  -3.6800000e+02   8.6188544e-04   0.0000000e+00
  -3.6850000e+02   8.5973090e-04   0.0000000e+00
  -3.6900000e+02   8.5758442e-04   0.0000000e+00
  -3.6950000e+02   8.5544595e-04   0.0000000e+00
  -3.7000000e+02   8.5331545e-04   0.0000000e+00
  -3.7050000e+02   8.5119289e-04   0.0000000e+00
  -3.7100000e+02   8.4907822e-04   0.0000000e+00
  -3.7150000e+02   8.4697140e-04   0.0000000e+00
  -3.7200000e+02   8.4487241e-04   0.0000000e+00
  -3.7250000e+02   8.4278119e-04   0.0000000e+00
  -3.7300000e+02   8.4069771e-04   0.0000000e+00
  -3.7350000e+02   8.3862194e-04   0.0000000e+00
  -3.7400000e+02   8.3655383e-04   0.0000000e+00
  -3.7450000e+02   8.3449334e-04   0.0000000e+00
  -3.7500000e+02   8.3244045e-04   0.0000000e+00
  -3.7550000e+02   8.3039510e-04   0.0000000e+00
  -3.7600000e+02   8.2835727e-04   0.0000000e+00
  -3.7650000e+02   8.2632692e-04   0.0000000e+00
  -3.7700000e+02   8.2430402e-04   0.0000000e+00
  -3.7750000e+02   8.2228851e-04   0.0000000e+00
  -3.7800000e+02   8.2028038e-04   0.0000000e+00
  -3.7850000e+02   8.1827958e-04   0.0000000e+00
  -3.7900000e+02   8.1628608e-04   0.0000000e+00
  -3.7950000e+02   8.1429984e-04   0.0000000e+00
  -3.8000000e+02   8.1232083e-04   0.0000000e+00
  -3.8050000e+02   8.1034902e-04   0.0000000e+00
  -3.8100000e+02   8.0838436e-04   0.0000000e+00
  -3.8150000e+02   8.0642682e-04   0.0000000e+00
  -3.8200000e+02   8.0447637e-04   0.0000000e+00
  -3.8250000e+02   8.0253298e-04   0.0000000e+00
  -3.8300000e+02   8.0059661e-04   0.0000000e+00
  -3.8350000e+02   7.9866723e-04   0.0000000e+00
  -3.8400000e+02   7.9674480e-04   0.0000000e+00
  -3.8450000e+02   7.9482929e-04   0.0000000e+00
  -3.8500000e+02   7.9292066e-04   0.0000000e+00
  -3.8550000e+02   7.9101890e-04   0.0000000e+00
  -3.8600000e+02   7.8912395e-04   0.0000000e+00
  -3.8650000e+02   7.8723579e-04   0.0000000e+00
  -3.8700000e+02   7.8535439e-04   0.0000000e+00
  -3.8750000e+02   7.8347972e-04   0.0000000e+00
  -3.8800000e+02   7.8161174e-04   0.0000000e+00
  -3.8850000e+02   7.7975042e-04   0.0000000e+00
  -3.8900000e+02   7.7789572e-04   0.0000000e+00
  -3.8950000e+02   7.7604763e-04   0.0000000e+00
  -3.9000000e+02   7.7420610e-04   0.0000000e+00
  -3.9050000e+02   7.7237111e-04   0.0000000e+00
  -3.9100000e+02   7.7054263e-04   0.0000000e+00
  -3.9150000e+02   7.6872061e-04   0.0000000e+00
  -3.9200000e+02   7.6690505e-04   0.0000000e+00
  -3.9250000e+02   7.6509589e-04   0.0000000e+00
  -3.9300000e+02   7.6329312e-04   0.0000000e+00
  -3.9350000e+02   7.6149670e-04   0.0000000e+00
  -3.9400000e+02   7.5970661e-04   0.0000000e+00
  -3.9450000e+02   7.5792281e-04   0.0000000e+00
  -3.9500000e+02   7.5614527e-04   0.0000000e+00
  -3.9550000e+02   7.5437397e-04   0.0000000e+00
  -3.9600000e+02   7.5260888e-04   0.0000000e+00
  -3.9650000e+02   7.5084997e-04   0.0000000e+00
  -3.9700000e+02   7.4909720e-04   0.0000000e+00
  -3.9750000e+02   7.4735055e-04   0.0000000e+00
  -3.9800000e+02   7.4561000e-04   0.0000000e+00
  -3.9850000e+02   7.4387550e-04   0.0000000e+00
  -3.9900000e+02   7.4214705e-04   0.0000000e+00
  -3.9950000e+02   7.4042460e-04   0.0000000e+00
  -4.0000000e+02   7.3870813e-04   0.0000000e+00
