   0.0000000e+00   0.0000000e+00
   8.0808081e+00   3.9283347e-01
   1.6161616e+01   7.8566694e-01
   2.4242424e+01   1.1785004e+00
   3.2323232e+01   1.5713339e+00
   4.0404040e+01   1.9641674e+00
   4.8484848e+01   2.3570008e+00
   5.6565657e+01   2.7498343e+00
   6.4646465e+01   3.1426678e+00
   7.2727273e+01   3.5355013e+00
   8.0808081e+01   3.9283347e+00
   8.8888889e+01   4.3211682e+00
   9.6969697e+01   4.7140017e+00
   1.0505051e+02   5.1068351e+00
   1.1313131e+02   5.4996686e+00
   1.2121212e+02   5.8925021e+00
   1.2929293e+02   6.2853356e+00
   1.3737374e+02   6.6781690e+00
   1.4545455e+02   7.0710025e+00
   1.5353535e+02   7.4638360e+00
   1.6161616e+02   7.8566694e+00
   1.6969697e+02   8.2495029e+00
   1.7777778e+02   8.6423364e+00
   1.8585859e+02   9.0351699e+00
   1.9393939e+02   9.4280033e+00
   2.0202020e+02   9.8208368e+00
   2.1010101e+02   1.0213670e+01
   2.1818182e+02   1.0606504e+01
   2.2626263e+02   1.0999337e+01
   2.3434343e+02   1.1392171e+01
   2.4242424e+02   1.1785004e+01
   2.5050505e+02   1.2177838e+01
   2.5858586e+02   1.2570671e+01
   2.6666667e+02   1.2963505e+01
   2.7474747e+02   1.3356338e+01
   2.8282828e+02   1.3749172e+01
   2.9090909e+02   1.4142005e+01
   2.9898990e+02   1.4534838e+01
   3.0707071e+02   1.4927672e+01
   3.1515152e+02   1.5320505e+01
   3.2323232e+02   1.5713339e+01
   3.3131313e+02   1.6106172e+01
   3.3939394e+02   1.6499006e+01
   3.4747475e+02   1.6891839e+01
   3.5555556e+02   1.7284673e+01
   3.6363636e+02   1.7677506e+01
   3.7171717e+02   1.8070340e+01
   3.7979798e+02   1.8463173e+01
   3.8787879e+02   1.8856007e+01
   3.9595960e+02   1.9248840e+01
   4.0404040e+02   1.9641674e+01
   4.1212121e+02   2.0034507e+01
   4.2020202e+02   2.0427341e+01
   4.2828283e+02   2.0820174e+01
   4.3636364e+02   2.1213008e+01
   4.4444444e+02   2.1605841e+01
   4.5252525e+02   2.1998674e+01
   4.6060606e+02   2.2391508e+01
   4.6868687e+02   2.2784341e+01
   4.7676768e+02   2.3177175e+01
   4.8484848e+02   2.3570008e+01
   4.9292929e+02   2.3962842e+01
   5.0101010e+02   2.4355675e+01
   5.0909091e+02   2.4748509e+01
   5.1717172e+02   2.5141342e+01
   5.2525253e+02   2.5534176e+01
   5.3333333e+02   2.5927009e+01
   5.4141414e+02   2.6319843e+01
   5.4949495e+02   2.6712676e+01
   5.5757576e+02   2.7105510e+01
   5.6565657e+02   2.7498343e+01
   5.7373737e+02   2.7891177e+01
   5.8181818e+02   2.8284010e+01
   5.8989899e+02   2.8676843e+01
   5.9797980e+02   2.9069677e+01
   6.0606061e+02   2.9462510e+01
   6.1414141e+02   2.9855344e+01
   6.2222222e+02   3.0248177e+01
   6.3030303e+02   3.0641011e+01
   6.3838384e+02   3.1033844e+01
   6.4646465e+02   3.1426678e+01
   6.5454545e+02   3.1819511e+01
   6.6262626e+02   3.2212345e+01
   6.7070707e+02   3.2605178e+01
   6.7878788e+02   3.2998012e+01
   6.8686869e+02   3.3390845e+01
   6.9494949e+02   3.3783679e+01
   7.0303030e+02   3.4176512e+01
   7.1111111e+02   3.4569346e+01
   7.1919192e+02   3.4962179e+01
   7.2727273e+02   3.5355013e+01
   7.3535354e+02   3.5747846e+01
   7.4343434e+02   3.6140679e+01
   7.5151515e+02   3.6533513e+01
   7.5959596e+02   3.6926346e+01
   7.6767677e+02   3.7319180e+01
   7.7575758e+02   3.7712013e+01
   7.8383838e+02   3.8104847e+01
   7.9191919e+02   3.8497680e+01
   8.0000000e+02   3.8890514e+01
