1	-1500	4	4	0	0.000	486	399	1433
2	-1494	4	0	0	0.000	496	370	1436
3	-1488	0	0	0	0.000	486	381	1438
4	-1483	0	4	0	0.000	486	389	1440
5	-1477	0	0	0	0.000	477	370	1443
6	-1471	0	0	0	0.000	465	365	1445
7	-1466	4	0	0	0.000	477	348	1447
8	-1460	4	0	0	0.000	476	360	1450
9	-1454	0	0	0	0.000	477	379	1452
10	-1448	4	0	0	0.000	467	403	1455
11	-1442	0	0	0	0.000	486	358	1457
12	-1437	0	0	0	0.000	477	342	1459
13	-1431	0	0	0	0.000	476	348	1462
14	-1425	0	8	0	0.000	476	389	1464
15	-1420	0	0	0	0.000	476	381	1466
16	-1414	0	0	0	0.000	477	351	1468
17	-1408	4	4	0	0.000	477	374	1471
18	-1402	0	0	0	0.000	476	383	1473
19	-1396	4	0	0	0.000	476	348	1476
20	-1391	0	0	0	0.000	476	362	1478
21	-1385	0	4	0	0.000	487	378	1480
22	-1379	4	0	0	0.000	476	375	1483
23	-1374	0	0	0	0.000	486	365	1485
24	-1368	4	0	0	0.000	477	350	1487
25	-1362	0	4	0	0.000	457	339	1490
26	-1356	0	8	0	0.000	486	357	1492
27	-1350	4	0	0	0.000	486	381	1495
28	-1345	4	0	0	0.000	476	372	1497
29	-1339	0	0	0	0.000	488	337	1499
30	-1333	0	4	0	0.000	477	356	1502
31	-1328	4	4	0	0.000	487	361	1504
32	-1322	0	0	0	0.000	465	331	1506
33	-1316	0	4	0	0.000	486	386	1509
34	-1310	0	4	0	0.000	477	348	1511
35	-1304	4	0	0	0.000	476	373	1514
36	-1299	0	0	0	0.000	476	361	1516
37	-1293	0	0	0	0.000	496	355	1518
38	-1287	0	4	0	0.000	487	354	1520
39	-1282	0	0	0	0.000	487	343	1523
40	-1276	4	4	0	0.000	496	326	1525
41	-1270	0	0	0	0.000	487	351	1527
42	-1264	4	4	0	0.000	486	333	1530
43	-1258	0	0	0	0.000	485	340	1532
44	-1253	0	0	0	0.000	486	347	1534
45	-1247	4	4	0	0.000	496	351	1537
46	-1241	0	0	0	0.000	477	325	1539
47	-1236	0	4	0	0.000	496	334	1541
48	-1230	0	8	0	0.000	496	335	1544
49	-1224	4	0	0	0.000	497	331	1546
50	-1218	0	0	0	0.000	497	304	1549
51	-1212	0	0	0	0.000	486	331	1551
52	-1207	4	0	0	0.000	486	324	1553
53	-1201	0	0	0	0.000	485	335	1556
54	-1195	0	0	0	0.000	496	319	1558
55	-1190	4	4	0	0.000	497	322	1560
56	-1184	0	0	0	0.000	497	337	1563
57	-1178	4	0	0	0.000	517	343	1565
58	-1172	0	0	0	0.000	516	307	1568
59	-1166	0	0	0	0.000	497	302	1570
60	-1161	4	0	0	0.000	506	349	1572
61	-1155	0	0	0	0.000	517	338	1575
62	-1149	0	0	0	0.000	516	291	1577
63	-1144	4	0	0	0.000	496	324	1579
64	-1138	0	0	0	0.000	517	322	1581
65	-1132	0	0	0	0.000	517	314	1584
66	-1126	4	4	0	0.000	507	299	1586
67	-1120	0	0	0	0.000	528	296	1589
68	-1115	0	0	0	0.000	517	325	1591
69	-1109	4	0	0	0.000	517	337	1593
70	-1103	0	4	0	0.000	506	302	1596
71	-1098	0	0	0	0.000	506	299	1598
72	-1092	0	0	0	0.000	517	299	1600
73	-1086	0	0	0	0.000	517	317	1603
74	-1080	0	0	0	0.000	517	292	1605
75	-1074	0	4	0	0.000	517	318	1608
76	-1069	4	0	0	0.000	527	302	1610
77	-1063	0	4	0	0.000	517	322	1612
78	-1057	0	4	0	0.000	527	323	1615
79	-1052	0	0	0	0.000	528	302	1617
80	-1046	0	4	0	0.000	537	287	1619
81	-1040	4	4	0	0.000	517	311	1622
82	-1034	0	0	0	0.000	537	296	1624
83	-1028	0	8	0	0.000	536	306	1627
84	-1023	0	8	0	0.000	547	308	1629
85	-1017	0	0	0	0.000	546	303	1631
86	-1011	0	0	0	0.000	547	312	1633
87	-1006	4	4	0	0.000	557	291	1636
88	-1000	4	0	0	0.000	557	292	1638
89	-994	4	0	0	0.000	566	299	1640
90	-988	4	0	0	0.000	556	291	1643
91	-982	4	0	0	0.000	556	325	1645
92	-977	0	0	0	0.000	587	323	1647
93	-971	4	0	0	0.000	576	277	1650
94	-965	0	0	0	0.000	577	307	1652
95	-960	0	4	0	0.000	587	287	1654
96	-954	0	4	0	0.000	587	309	1657
97	-948	0	0	0	0.000	587	314	1659
98	-942	4	0	0	0.000	587	273	1662
99	-936	0	0	0	0.000	586	303	1664
100	-931	0	4	0	0.000	587	269	1666
101	-925	0	0	0	0.000	596	290	1669
102	-919	4	0	0	0.000	607	280	1671
103	-914	0	0	0	0.000	624	321	1673
104	-908	4	0	0	0.000	616	299	1676
105	-902	0	4	0	0.000	617	296	1678
106	-896	4	0	0	0.000	625	313	1681
107	-891	0	0	0	0.000	624	294	1683
108	-885	0	8	0	0.000	624	285	1685
109	-879	4	0	0	0.000	624	300	1688
110	-873	0	0	0	0.000	624	292	1690
111	-868	0	0	0	0.000	644	299	1692
112	-862	4	0	0	0.000	634	305	1695
113	-856	0	0	0	0.000	634	275	1697
114	-850	0	0	0	0.000	645	290	1699
115	-844	0	4	0	0.000	665	263	1702
116	-839	4	0	0	0.000	645	289	1704
117	-833	4	0	0	0.000	645	275	1706
118	-827	4	0	0	0.000	674	273	1709
119	-822	4	0	0	0.000	674	292	1711
120	-816	0	0	0	0.000	675	292	1713
121	-810	0	4	0	0.000	675	289	1716
122	-804	4	0	0	0.000	685	294	1718
123	-798	0	4	0	0.000	684	263	1721
124	-793	4	4	0	0.000	704	281	1723
125	-787	0	0	0	0.000	705	259	1725
126	-781	0	4	0	0.000	715	260	1728
127	-776	4	0	0	0.000	694	262	1730
128	-770	0	0	0	0.000	735	262	1732
129	-764	0	0	0	0.000	725	295	1735
130	-758	0	0	0	0.000	726	296	1737
131	-752	4	4	0	0.000	735	304	1740
132	-747	0	0	0	0.000	755	269	1742
133	-741	0	0	0	0.000	766	268	1744
134	-735	0	4	0	0.000	745	271	1747
135	-730	4	8	0	0.000	766	290	1749
136	-724	0	0	0	0.000	765	291	1751
137	-718	0	0	0	0.000	775	291	1753
138	-712	4	4	0	0.000	766	259	1756
139	-706	0	4	0	0.000	745	294	1758
140	-701	0	12	0	0.000	765	295	1760
141	-695	0	0	0	0.000	796	282	1763
142	-689	4	0	0	0.000	766	291	1765
143	-684	0	0	0	0.000	774	288	1767
144	-678	4	0	0	0.000	796	294	1770
145	-672	4	0	0	0.000	795	273	1772
146	-666	0	0	0	0.000	796	288	1775
147	-660	0	4	0	0.000	795	278	1777
148	-655	0	0	0	0.000	785	263	1779
149	-649	0	0	0	0.000	805	285	1782
150	-643	0	0	0	0.000	807	291	1784
151	-638	0	4	0	0.000	815	268	1786
152	-632	0	0	0	0.000	806	281	1789
153	-626	4	4	0	0.000	825	248	1791
154	-620	0	0	0	0.000	815	281	1794
155	-614	0	0	0	0.000	826	279	1796
156	-609	0	0	0	0.000	826	281	1798
157	-603	0	0	0	0.000	805	300	1801
158	-597	0	0	0	0.000	816	256	1803
159	-592	0	0	0	0.000	836	258	1805
160	-586	0	0	0	0.000	816	254	1808
161	-580	0	0	0	0.000	837	272	1810
162	-574	0	4	0	0.000	826	286	1812
163	-568	0	4	0	0.000	806	259	1815
164	-563	0	4	0	0.000	807	275	1817
165	-557	4	0	0	0.000	765	291	1819
166	-551	0	4	0	0.000	786	270	1822
167	-546	0	4	0	0.000	765	256	1824
168	-540	8	0	0	0.000	775	254	1826
169	-534	0	0	0	0.000	774	265	1829
170	-528	0	4	0	0.000	775	284	1831
171	-522	4	0	0	0.000	766	265	1834
172	-517	0	4	0	0.000	765	272	1836
173	-511	0	0	0	0.000	755	287	1838
174	-505	4	4	0	0.000	765	258	1841
175	-500	4	4	0	0.000	755	258	1843
176	-494	4	0	0	0.000	724	290	1845
177	-488	0	4	0	0.000	744	282	1848
178	-482	0	8	0	0.000	745	293	1850
179	-476	4	0	0	0.000	745	259	1853
180	-471	0	0	0	0.000	744	287	1855
181	-465	0	0	0	0.000	766	280	1857
182	-459	4	4	0	0.000	764	265	1860
183	-454	4	0	0	0.000	785	290	1862
184	-448	0	0	0	0.000	786	270	1864
185	-442	4	0	0	0.000	745	267	1867
186	-436	0	4	0	0.000	755	254	1869
187	-430	4	8	0	0.000	764	281	1871
188	-425	4	4	0	0.000	774	279	1873
189	-419	4	0	0	0.000	785	283	1876
190	-413	0	8	0	0.000	785	297	1878
191	-408	4	4	0	0.000	795	253	1880
192	-402	4	0	0	0.000	765	256	1883
193	-396	0	4	0	0.000	795	257	1885
194	-390	0	0	0	0.000	775	259	1888
195	-384	4	0	0	0.000	775	272	1890
196	-379	8	4	0	0.000	785	268	1892
197	-373	0	0	0	0.000	785	285	1895
198	-367	0	0	0	0.000	775	273	1897
199	-362	0	0	0	0.000	766	258	1899
200	-356	0	4	0	0.000	785	253	1902
201	-1500	0	0	0	0.000	477	277	1433
202	-1494	4	4	0	0.000	466	266	1436
203	-1488	0	0	0	0.000	466	266	1438
204	-1483	4	0	0	0.000	476	284	1440
205	-1477	0	0	0	0.000	477	260	1443
206	-1471	0	4	0	0.000	466	283	1445
207	-1466	4	0	0	0.000	486	290	1447
208	-1460	0	0	0	0.000	476	281	1450
209	-1454	0	4	0	0.000	477	285	1452
210	-1448	0	4	0	0.000	476	269	1455
211	-1442	4	0	0	0.000	487	279	1457
212	-1437	0	0	0	0.000	487	264	1459
213	-1431	4	0	0	0.000	486	279	1462
214	-1425	4	0	0	0.000	476	286	1464
215	-1420	0	0	0	0.000	487	283	1466
216	-1414	4	0	0	0.000	497	293	1468
217	-1408	0	4	0	0.000	497	283	1471
218	-1402	4	4	0	0.000	477	264	1473
219	-1396	0	0	0	0.000	496	247	1476
220	-1391	0	0	0	0.000	466	284	1478
221	-1385	0	0	0	0.000	476	271	1480
222	-1379	0	0	0	0.000	487	253	1483
223	-1374	0	4	0	0.000	496	281	1485
224	-1368	0	0	0	0.000	477	282	1487
225	-1362	4	0	0	0.000	496	267	1490
226	-1356	0	0	0	0.000	487	288	1492
227	-1350	0	8	0	0.000	477	276	1495
228	-1345	4	0	0	0.000	477	257	1497
229	-1339	0	4	0	0.000	476	259	1499
230	-1333	0	4	0	0.000	476	254	1502
231	-1328	0	0	0	0.000	497	273	1504
232	-1322	4	0	0	0.000	496	278	1506
233	-1316	0	0	0	0.000	487	275	1509
234	-1310	0	0	0	0.000	486	257	1511
235	-1304	0	8	0	0.000	487	285	1514
236	-1299	0	0	0	0.000	498	256	1516
237	-1293	0	0	0	0.000	496	265	1518
238	-1287	4	0	0	0.000	476	260	1520
239	-1282	0	0	0	0.000	486	271	1523
240	-1276	0	0	0	0.000	497	266	1525
241	-1270	8	0	0	0.000	496	265	1527
242	-1264	0	0	0	0.000	506	267	1530
243	-1258	0	0	0	0.000	506	279	1532
244	-1253	0	4	0	0.000	506	285	1534
245	-1247	8	0	0	0.000	507	265	1537
246	-1241	0	0	0	0.000	497	259	1539
247	-1236	0	4	0	0.000	496	258	1541
248	-1230	0	4	0	0.000	497	284	1544
249	-1224	0	0	0	0.000	487	293	1546
250	-1218	0	4	0	0.000	486	267	1549
251	-1212	4	0	0	0.000	486	286	1551
252	-1207	0	0	0	0.000	497	285	1553
253	-1201	4	0	0	0.000	506	295	1556
254	-1195	0	0	0	0.000	506	272	1558
255	-1190	4	0	0	0.000	507	253	1560
256	-1184	8	0	0	0.000	506	255	1563
257	-1178	0	4	0	0.000	487	257	1565
258	-1172	0	4	0	0.000	506	271	1568
259	-1166	0	0	0	0.000	508	284	1570
260	-1161	0	0	0	0.000	496	275	1572
261	-1155	0	4	0	0.000	506	261	1575
262	-1149	0	0	0	0.000	477	286	1577
263	-1144	4	0	0	0.000	506	273	1579
264	-1138	4	0	0	0.000	527	257	1581
265	-1132	0	0	0	0.000	506	265	1584
266	-1126	0	0	0	0.000	507	276	1586
267	-1120	0	0	0	0.000	516	288	1589
268	-1115	0	0	0	0.000	537	264	1591
269	-1109	0	0	0	0.000	527	274	1593
270	-1103	4	0	0	0.000	517	250	1596
271	-1098	0	0	0	0.000	517	247	1598
272	-1092	0	0	0	0.000	497	280	1600
273	-1086	12	0	0	0.000	506	274	1603
274	-1080	4	4	0	0.000	506	280	1605
275	-1074	0	8	0	0.000	527	255	1608
276	-1069	4	4	0	0.000	516	271	1610
277	-1063	4	0	0	0.000	527	280	1612
278	-1057	0	4	0	0.000	528	266	1615
279	-1052	4	0	0	0.000	537	255	1617
280	-1046	0	4	0	0.000	536	276	1619
281	-1040	0	0	0	0.000	537	257	1622
282	-1034	0	4	0	0.000	538	266	1624
283	-1028	4	0	0	0.000	527	280	1627
284	-1023	0	4	0	0.000	547	246	1629
285	-1017	0	4	0	0.000	537	253	1631
286	-1011	0	4	0	0.000	546	269	1633
287	-1006	0	0	0	0.000	558	259	1636
288	-1000	0	0	0	0.000	567	263	1638
289	-994	0	0	0	0.000	558	267	1640
290	-988	0	4	0	0.000	547	283	1643
291	-982	0	4	0	0.000	557	281	1645
292	-977	0	4	0	0.000	566	275	1647
293	-971	0	0	0	0.000	568	260	1650
294	-965	0	4	0	0.000	568	268	1652
295	-960	4	0	0	0.000	576	277	1654
296	-954	0	0	0	0.000	587	272	1657
297	-948	0	0	0	0.000	607	245	1659
298	-942	4	0	0	0.000	607	269	1662
299	-936	0	0	0	0.000	587	263	1664
300	-931	0	0	0	0.000	588	271	1666
301	-925	0	4	0	0.000	596	254	1669
302	-919	0	0	0	0.000	597	253	1671
303	-914	4	4	0	0.000	598	251	1673
304	-908	0	0	0	0.000	587	245	1676
305	-902	0	0	0	0.000	623	278	1678
306	-896	0	4	0	0.000	608	266	1681
307	-891	4	0	0	0.000	617	272	1683
308	-885	0	0	0	0.000	607	270	1685
309	-879	0	0	0	0.000	617	267	1688
310	-873	0	0	0	0.000	625	242	1690
311	-868	0	0	0	0.000	607	265	1692
312	-862	0	0	0	0.000	617	248	1695
313	-856	0	4	0	0.000	635	244	1697
314	-850	0	4	0	0.000	634	260	1699
315	-844	0	4	0	0.000	655	246	1702
316	-839	0	0	0	0.000	655	247	1704
317	-833	0	0	0	0.000	645	260	1706
318	-827	0	0	0	0.000	655	262	1709
319	-822	8	0	0	0.000	645	271	1711
320	-816	0	4	0	0.000	685	261	1713
321	-810	4	0	0	0.000	675	241	1716
322	-804	0	0	0	0.000	674	250	1718
323	-798	0	0	0	0.000	694	288	1721
324	-793	0	0	0	0.000	694	274	1723
325	-787	4	0	0	0.000	714	240	1725
326	-781	0	0	0	0.000	715	257	1728
327	-776	0	4	0	0.000	705	245	1730
328	-770	8	0	0	0.000	734	263	1732
329	-764	0	0	0	0.000	724	283	1735
330	-758	0	0	0	0.000	735	271	1737
331	-752	4	0	0	0.000	726	246	1740
332	-747	0	8	0	0.000	744	263	1742
333	-741	0	4	0	0.000	755	272	1744
334	-735	0	0	0	0.000	766	268	1747
335	-730	4	0	0	0.000	774	243	1749
336	-724	0	12	0	0.000	755	270	1751
337	-718	4	0	0	0.000	766	279	1753
338	-712	0	0	0	0.000	764	267	1756
339	-706	4	4	0	0.000	755	246	1758
340	-701	0	0	0	0.000	785	273	1760
341	-695	4	0	0	0.000	775	283	1763
342	-689	0	0	0	0.000	785	258	1765
343	-684	0	4	0	0.000	773	274	1767
344	-678	0	0	0	0.000	755	248	1770
345	-672	0	0	0	0.000	795	273	1772
346	-666	4	0	0	0.000	806	245	1775
347	-660	4	0	0	0.000	785	265	1777
348	-655	0	4	0	0.000	805	268	1779
349	-649	8	0	0	0.000	795	264	1782
350	-643	0	0	0	0.000	796	254	1784
351	-638	0	4	0	0.000	785	257	1786
352	-632	0	0	0	0.000	795	283	1789
353	-626	8	0	0	0.000	826	252	1791
354	-620	0	0	0	0.000	816	276	1794
355	-614	0	4	0	0.000	826	252	1796
356	-609	0	0	0	0.000	847	270	1798
357	-603	0	4	0	0.000	836	280	1801
358	-597	0	4	0	0.000	826	253	1803
359	-592	0	0	0	0.000	825	261	1805
360	-586	4	0	0	0.000	816	250	1808
361	-580	0	0	0	0.000	836	240	1810
362	-574	0	4	0	0.000	815	249	1812
363	-568	0	4	0	0.000	815	268	1815
364	-563	8	0	0	0.000	815	273	1817
365	-557	0	4	0	0.000	815	274	1819
366	-551	0	4	0	0.000	816	239	1822
367	-546	0	0	0	0.000	795	284	1824
368	-540	0	0	0	0.000	805	250	1826
369	-534	0	0	0	0.000	795	270	1829
370	-528	0	0	0	0.000	795	268	1831
371	-522	0	0	0	0.000	815	262	1834
372	-517	0	4	0	0.000	795	262	1836
373	-511	0	0	0	0.000	785	273	1838
374	-505	0	0	0	0.000	775	255	1841
375	-500	4	0	0	0.000	785	272	1843
376	-494	4	0	0	0.000	755	269	1845
377	-488	0	4	0	0.000	746	274	1848
378	-482	0	4	0	0.000	765	273	1850
379	-476	4	4	0	0.000	775	254	1853
380	-471	0	0	0	0.000	744	272	1855
381	-465	4	0	0	0.000	745	278	1857
382	-459	0	0	0	0.000	775	270	1860
383	-454	4	0	0	0.000	766	247	1862
384	-448	0	0	0	0.000	755	256	1864
385	-442	0	8	0	0.000	765	254	1867
386	-436	4	0	0	0.000	774	280	1869
387	-430	0	4	0	0.000	785	279	1871
388	-425	0	0	0	0.000	774	278	1873
389	-419	0	4	0	0.000	775	277	1876
390	-413	4	0	0	0.000	765	278	1878
391	-408	4	0	0	0.000	755	271	1880
392	-402	0	0	0	0.000	745	267	1883
393	-396	4	4	0	0.000	765	278	1885
394	-390	0	0	0	0.000	746	242	1888
395	-384	0	0	0	0.000	785	258	1890
396	-379	4	0	0	0.000	785	251	1892
397	-373	0	4	0	0.000	785	266	1895
398	-367	0	4	0	0.000	774	278	1897
399	-362	0	8	0	0.000	765	265	1899
400	-356	0	4	0	0.000	745	249	1902
401	-1500	0	0	0	0.000	456	246	1433
402	-1494	4	4	0	0.000	466	273	1436
403	-1488	0	8	0	0.000	476	260	1438
404	-1483	0	0	0	0.000	466	259	1440
405	-1477	4	0	0	0.000	477	256	1443
406	-1471	4	0	0	0.000	487	269	1445
407	-1466	0	0	0	0.000	466	262	1447
408	-1460	0	0	0	0.000	476	273	1450
409	-1454	0	0	0	0.000	477	255	1452
410	-1448	0	4	0	0.000	477	255	1455
411	-1442	4	0	0	0.000	466	265	1457
412	-1437	0	0	0	0.000	467	255	1459
413	-1431	4	0	0	0.000	476	269	1462
414	-1425	0	0	0	0.000	476	273	1464
415	-1420	0	8	0	0.000	476	251	1466
416	-1414	0	4	0	0.000	476	266	1468
417	-1408	4	0	0	0.000	466	251	1471
418	-1402	4	0	0	0.000	466	258	1473
419	-1396	4	0	0	0.000	476	257	1476
420	-1391	4	0	0	0.000	487	262	1478
421	-1385	4	0	0	0.000	486	245	1480
422	-1379	0	8	0	0.000	487	268	1483
423	-1374	0	4	0	0.000	486	258	1485
424	-1368	4	4	0	0.000	482	279	1487
425	-1362	4	0	0	0.000	476	247	1490
426	-1356	4	4	0	0.000	497	242	1492
427	-1350	0	0	0	0.000	476	248	1495
428	-1345	4	4	0	0.000	487	265	1497
429	-1339	8	0	0	0.000	477	256	1499
430	-1333	4	0	0	0.000	477	279	1502
431	-1328	0	0	0	0.000	466	275	1504
432	-1322	0	0	0	0.000	477	254	1506
433	-1316	4	0	0	0.000	486	252	1509
434	-1310	4	0	0	0.000	476	261	1511
435	-1304	0	0	0	0.000	477	288	1514
436	-1299	0	4	0	0.000	476	249	1516
437	-1293	0	0	0	0.000	487	267	1518
438	-1287	0	0	0	0.000	456	266	1520
439	-1282	4	0	0	0.000	467	265	1523
440	-1276	0	0	0	0.000	466	267	1525
441	-1270	0	4	0	0.000	487	250	1527
442	-1264	4	0	0	0.000	466	252	1530
443	-1258	4	4	0	0.000	476	280	1532
444	-1253	0	4	0	0.000	487	272	1534
445	-1247	4	0	0	0.000	477	241	1537
446	-1241	0	0	0	0.000	476	267	1539
447	-1236	0	0	0	0.000	476	257	1541
448	-1230	8	0	0	0.000	497	248	1544
449	-1224	0	4	0	0.000	487	248	1546
450	-1218	0	0	0	0.000	496	256	1549
451	-1212	4	0	0	0.000	476	265	1551
452	-1207	0	0	0	0.000	476	270	1553
453	-1201	0	4	0	0.000	486	251	1556
454	-1195	0	0	0	0.000	496	274	1558
455	-1190	0	4	0	0.000	486	273	1560
456	-1184	4	0	0	0.000	487	259	1563
457	-1178	0	4	0	0.000	487	243	1565
458	-1172	0	0	0	0.000	476	270	1568
459	-1166	4	0	0	0.000	496	262	1570
460	-1161	0	4	0	0.000	487	253	1572
461	-1155	4	4	0	0.000	465	278	1575
462	-1149	4	0	0	0.000	476	257	1577
463	-1144	0	0	0	0.000	476	246	1579
464	-1138	12	0	0	0.000	486	275	1581
465	-1132	0	0	0	0.000	487	248	1584
466	-1126	0	0	0	0.000	487	261	1586
467	-1120	0	0	0	0.000	486	268	1589
468	-1115	4	4	0	0.000	476	271	1591
469	-1109	4	0	0	0.000	496	257	1593
470	-1103	0	0	0	0.000	506	255	1596
471	-1098	0	4	0	0.000	496	245	1598
472	-1092	0	0	0	0.000	506	258	1600
473	-1086	0	0	0	0.000	497	274	1603
474	-1080	0	0	0	0.000	486	265	1605
475	-1074	0	0	0	0.000	516	253	1608
476	-1069	0	0	0	0.000	507	259	1610
477	-1063	0	4	0	0.000	506	240	1612
478	-1057	0	4	0	0.000	527	261	1615
479	-1052	0	0	0	0.000	506	247	1617
480	-1046	4	0	0	0.000	517	243	1619
481	-1040	0	0	0	0.000	507	252	1622
482	-1034	0	0	0	0.000	528	269	1624
483	-1028	0	0	0	0.000	507	253	1627
484	-1023	4	0	0	0.000	517	275	1629
485	-1017	4	0	0	0.000	496	257	1631
486	-1011	0	0	0	0.000	516	284	1633
487	-1006	0	4	0	0.000	507	241	1636
488	-1000	0	0	0	0.000	517	270	1638
489	-994	0	0	0	0.000	537	266	1640
490	-988	4	0	0	0.000	537	246	1643
491	-982	8	0	0	0.000	507	270	1645
492	-977	0	0	0	0.000	517	254	1647
493	-971	4	0	0	0.000	517	263	1650
494	-965	0	0	0	0.000	507	253	1652
495	-960	4	0	0	0.000	496	276	1654
496	-954	0	0	0	0.000	507	277	1657
497	-948	0	0	0	0.000	506	263	1659
498	-942	12	4	0	0.000	507	244	1662
499	-936	0	0	0	0.000	526	247	1664
500	-931	0	0	0	0.000	517	259	1666
501	-925	0	0	0	0.000	527	261	1669
502	-919	0	4	0	0.000	517	249	1671
503	-914	4	0	0	0.000	526	254	1673
504	-908	0	4	0	0.000	527	264	1676
505	-902	4	4	0	0.000	517	263	1678
506	-896	0	0	0	0.000	537	277	1681
507	-891	0	0	0	0.000	547	270	1683
508	-885	0	0	0	0.000	537	273	1685
509	-879	0	4	0	0.000	547	247	1688
510	-873	0	8	0	0.000	527	270	1690
511	-868	4	0	0	0.000	537	245	1692
512	-862	4	0	0	0.000	536	260	1695
513	-856	0	0	0	0.000	537	275	1697
514	-850	0	0	0	0.000	547	241	1699
515	-844	0	0	0	0.000	537	254	1702
516	-839	0	4	0	0.000	557	250	1704
517	-833	8	0	0	0.000	547	255	1706
518	-827	0	4	0	0.000	567	248	1709
519	-822	0	4	0	0.000	567	264	1711
520	-816	0	4	0	0.000	577	235	1713
521	-810	4	0	0	0.000	576	255	1716
522	-804	0	4	0	0.000	557	249	1718
523	-798	0	4	0	0.000	593	237	1721
524	-793	0	0	0	0.000	588	253	1723
525	-787	0	0	0	0.000	587	256	1725
526	-781	4	4	0	0.000	577	254	1728
527	-776	4	0	0	0.000	586	263	1730
528	-770	0	0	0	0.000	577	233	1732
529	-764	4	0	0	0.000	598	231	1735
530	-758	0	0	0	0.000	606	245	1737
531	-752	0	0	0	0.000	597	258	1740
532	-747	0	4	0	0.000	608	257	1742
533	-741	0	0	0	0.000	607	266	1744
534	-735	4	0	0	0.000	624	261	1747
535	-730	8	0	0	0.000	616	261	1749
536	-724	8	0	0	0.000	634	257	1751
537	-718	0	8	0	0.000	630	262	1753
538	-712	4	4	0	0.000	624	254	1756
539	-706	4	0	0	0.000	635	255	1758
540	-701	4	0	0	0.000	635	238	1760
541	-695	0	0	0	0.000	618	266	1763
542	-689	4	4	0	0.000	624	265	1765
543	-684	4	0	0	0.000	655	252	1767
544	-678	4	0	0	0.000	655	250	1770
545	-672	0	0	0	0.000	645	276	1772
546	-666	0	4	0	0.000	665	243	1775
547	-660	0	4	0	0.000	685	256	1777
548	-655	0	0	0	0.000	685	261	1779
549	-649	0	0	0	0.000	694	246	1782
550	-643	0	4	0	0.000	695	247	1784
551	-638	4	0	0	0.000	685	260	1786
552	-632	4	0	0	0.000	685	233	1789
553	-626	0	0	0	0.000	705	246	1791
554	-620	4	0	0	0.000	715	249	1794
555	-614	4	0	0	0.000	704	238	1796
556	-609	0	0	0	0.000	725	254	1798
557	-603	4	0	0	0.000	734	267	1801
558	-597	8	4	0	0.000	735	248	1803
559	-592	4	0	0	0.000	745	272	1805
560	-586	0	4	0	0.000	766	271	1808
561	-580	4	0	0	0.000	785	247	1810
562	-574	4	0	0	0.000	775	258	1812
563	-568	4	0	0	0.000	765	248	1815
564	-563	4	0	0	0.000	775	250	1817
565	-557	0	0	0	0.000	775	261	1819
566	-551	0	0	0	0.000	806	240	1822
567	-546	0	0	0	0.000	796	270	1824
568	-540	0	4	0	0.000	806	253	1826
569	-534	0	0	0	0.000	796	245	1829
570	-528	0	4	0	0.000	796	259	1831
571	-522	0	0	0	0.000	816	255	1834
572	-517	0	4	0	0.000	785	263	1836
573	-511	4	0	0	0.000	815	242	1838
574	-505	0	0	0	0.000	825	275	1841
575	-500	0	4	0	0.000	836	249	1843
576	-494	4	0	0	0.000	825	272	1845
577	-488	0	4	0	0.000	825	258	1848
578	-482	4	4	0	0.000	816	240	1850
579	-476	0	0	0	0.000	846	260	1853
580	-471	0	0	0	0.000	825	262	1855
581	-465	0	8	0	0.000	856	246	1857
582	-459	4	0	0	0.000	836	266	1860
583	-454	0	4	0	0.000	836	261	1862
584	-448	4	0	0	0.000	847	248	1864
585	-442	0	0	0	0.000	846	272	1867
586	-436	0	0	0	0.000	865	249	1869
587	-430	0	0	0	0.000	865	276	1871
588	-425	0	4	0	0.000	856	247	1873
589	-419	0	0	0	0.000	866	246	1876
590	-413	0	0	0	0.000	845	266	1878
591	-408	0	4	0	0.000	856	262	1880
592	-402	0	0	0	0.000	876	251	1883
593	-396	0	0	0	0.000	876	248	1885
594	-390	4	4	0	0.000	855	270	1888
595	-384	0	0	0	0.000	856	255	1890
596	-379	0	0	0	0.000	865	273	1892
597	-373	0	0	0	0.000	866	255	1895
598	-367	0	0	0	0.000	835	265	1897
599	-362	0	4	0	0.000	836	274	1899
600	-356	0	4	0	0.000	836	263	1902
601	-1500	0	0	0	0.000	465	271	1433
602	-1494	4	0	0	0.000	476	278	1436
603	-1488	0	0	0	0.000	477	246	1438
604	-1483	0	4	0	0.000	476	264	1440
605	-1477	0	0	0	0.000	466	249	1443
606	-1471	4	0	0	0.000	476	248	1445
607	-1466	0	0	0	0.000	476	275	1447
608	-1460	0	0	0	0.000	466	252	1450
609	-1454	0	0	0	0.000	466	252	1452
610	-1448	0	4	0	0.000	466	256	1455
611	-1442	4	0	0	0.000	466	263	1457
612	-1437	0	4	0	0.000	487	253	1459
613	-1431	0	0	0	0.000	497	265	1462
614	-1425	0	0	0	0.000	466	238	1464
615	-1420	4	0	0	0.000	487	250	1466
616	-1414	4	8	0	0.000	476	262	1468
617	-1408	0	0	0	0.000	466	236	1471
618	-1402	4	4	0	0.000	465	248	1473
619	-1396	4	0	0	0.000	466	249	1476
620	-1391	4	4	0	0.000	477	244	1478
621	-1385	0	0	0	0.000	476	254	1480
622	-1379	4	0	0	0.000	477	258	1483
623	-1374	4	0	0	0.000	466	239	1485
624	-1368	0	0	0	0.000	466	258	1487
625	-1362	0	0	0	0.000	476	255	1490
626	-1356	0	0	0	0.000	476	237	1492
627	-1350	0	4	0	0.000	466	262	1495
628	-1345	4	0	0	0.000	487	237	1497
629	-1339	0	4	0	0.000	477	266	1499
630	-1333	0	0	0	0.000	466	264	1502
631	-1328	0	4	0	0.000	487	252	1504
632	-1322	8	8	0	0.000	486	263	1506
633	-1316	0	0	0	0.000	486	248	1509
634	-1310	0	0	0	0.000	476	264	1511
635	-1304	0	8	0	0.000	486	252	1514
636	-1299	0	0	0	0.000	476	247	1516
637	-1293	0	0	0	0.000	466	252	1518
638	-1287	0	0	0	0.000	497	255	1520
639	-1282	0	4	0	0.000	496	262	1523
640	-1276	0	4	0	0.000	476	258	1525
641	-1270	8	0	0	0.000	486	249	1527
642	-1264	0	0	0	0.000	496	259	1530
643	-1258	0	4	0	0.000	487	245	1532
644	-1253	0	0	0	0.000	476	234	1534
645	-1247	0	8	0	0.000	487	243	1537
646	-1241	0	0	0	0.000	486	251	1539
647	-1236	0	0	0	0.000	476	240	1541
648	-1230	0	0	0	0.000	466	246	1544
649	-1224	4	0	0	0.000	487	249	1546
650	-1218	4	0	0	0.000	466	239	1549
651	-1212	0	0	0	0.000	476	238	1551
652	-1207	0	0	0	0.000	477	250	1553
653	-1201	0	0	0	0.000	486	247	1556
654	-1195	0	0	0	0.000	477	261	1558
655	-1190	0	4	0	0.000	486	257	1560
656	-1184	4	0	0	0.000	486	245	1563
657	-1178	0	0	0	0.000	476	252	1565
658	-1172	0	0	0	0.000	487	238	1568
659	-1166	4	0	0	0.000	497	250	1570
660	-1161	4	0	0	0.000	487	255	1572
661	-1155	0	4	0	0.000	486	238	1575
662	-1149	0	4	0	0.000	486	255	1577
663	-1144	0	0	0	0.000	487	252	1579
664	-1138	4	0	0	0.000	487	248	1581
665	-1132	4	0	0	0.000	507	243	1584
666	-1126	0	0	0	0.000	477	254	1586
667	-1120	0	4	0	0.000	487	257	1589
668	-1115	0	4	0	0.000	476	256	1591
669	-1109	0	0	0	0.000	497	253	1593
670	-1103	4	4	0	0.000	487	245	1596
671	-1098	0	0	0	0.000	486	238	1598
672	-1092	4	0	0	0.000	496	260	1600
673	-1086	0	4	0	0.000	497	233	1603
674	-1080	0	0	0	0.000	496	272	1605
675	-1074	0	0	0	0.000	477	244	1608
676	-1069	0	0	0	0.000	497	262	1610
677	-1063	0	0	0	0.000	496	271	1612
678	-1057	0	0	0	0.000	507	265	1615
679	-1052	0	0	0	0.000	517	248	1617
680	-1046	0	0	0	0.000	496	255	1619
681	-1040	0	0	0	0.000	517	257	1622
682	-1034	4	0	0	0.000	517	270	1624
683	-1028	0	0	0	0.000	496	255	1627
684	-1023	0	8	0	0.000	507	256	1629
685	-1017	0	0	0	0.000	517	239	1631
686	-1011	0	0	0	0.000	527	247	1633
687	-1006	0	0	0	0.000	497	270	1636
688	-1000	0	4	0	0.000	507	261	1638
689	-994	0	0	0	0.000	506	256	1640
690	-988	4	0	0	0.000	517	248	1643
691	-982	0	0	0	0.000	507	230	1645
692	-977	0	0	0	0.000	496	252	1647
693	-971	4	0	0	0.000	506	245	1650
694	-965	4	8	0	0.000	516	246	1652
695	-960	0	0	0	0.000	507	262	1654
696	-954	4	0	0	0.000	506	250	1657
697	-948	0	0	0	0.000	518	251	1659
698	-942	0	4	0	0.000	527	242	1662
699	-936	0	0	0	0.000	507	255	1664
700	-931	0	0	0	0.000	527	259	1666
701	-925	0	0	0	0.000	517	253	1669
702	-919	0	0	0	0.000	526	249	1671
703	-914	4	0	0	0.000	527	263	1673
704	-908	0	0	0	0.000	527	274	1676
705	-902	0	4	0	0.000	517	263	1678
706	-896	0	0	0	0.000	537	272	1681
707	-891	0	0	0	0.000	537	241	1683
708	-885	0	0	0	0.000	517	245	1685
709	-879	0	0	0	0.000	538	245	1688
710	-873	4	4	0	0.000	526	256	1690
711	-868	4	4	0	0.000	527	241	1692
712	-862	0	0	0	0.000	546	243	1695
713	-856	0	0	0	0.000	537	252	1697
714	-850	0	0	0	0.000	536	254	1699
715	-844	4	0	0	0.000	527	243	1702
716	-839	0	0	0	0.000	557	256	1704
717	-833	0	0	0	0.000	547	262	1706
718	-827	4	0	0	0.000	537	260	1709
719	-822	0	0	0	0.000	547	241	1711
720	-816	0	0	0	0.000	547	275	1713
721	-810	0	4	0	0.000	547	249	1716
722	-804	0	0	0	0.000	547	257	1718
723	-798	0	0	0	0.000	567	247	1721
724	-793	0	0	0	0.000	576	246	1723
725	-787	4	0	0	0.000	567	266	1725
726	-781	0	0	0	0.000	577	257	1728
727	-776	0	0	0	0.000	567	275	1730
728	-770	4	0	0	0.000	557	261	1732
729	-764	0	0	0	0.000	577	236	1735
730	-758	0	8	0	0.000	577	251	1737
731	-752	4	0	0	0.000	587	255	1740
732	-747	0	0	0	0.000	577	240	1742
733	-741	4	4	0	0.000	577	244	1744
734	-735	0	0	0	0.000	587	243	1747
735	-730	0	4	0	0.000	597	245	1749
736	-724	0	0	0	0.000	607	252	1751
737	-718	4	0	0	0.000	597	267	1753
738	-712	0	4	0	0.000	617	248	1756
739	-706	0	0	0	0.000	607	236	1758
740	-701	4	0	0	0.000	618	267	1760
741	-695	0	0	0	0.000	625	239	1763
742	-689	4	0	0	0.000	624	270	1765
743	-684	0	0	0	0.000	617	239	1767
744	-678	0	4	0	0.000	624	247	1770
745	-672	0	4	0	0.000	634	262	1772
746	-666	0	0	0	0.000	635	238	1775
747	-660	8	0	0	0.000	655	240	1777
748	-655	0	0	0	0.000	655	252	1779
749	-649	0	0	0	0.000	655	240	1782
750	-643	4	0	0	0.000	655	271	1784
751	-638	0	0	0	0.000	665	249	1786
752	-632	0	0	0	0.000	645	242	1789
753	-626	0	8	0	0.000	664	260	1791
754	-620	0	0	0	0.000	664	249	1794
755	-614	4	0	0	0.000	694	242	1796
756	-609	0	0	0	0.000	704	255	1798
757	-603	4	0	0	0.000	705	264	1801
758	-597	0	0	0	0.000	725	250	1803
759	-592	0	8	0	0.000	715	253	1805
760	-586	4	0	0	0.000	715	242	1808
761	-580	0	0	0	0.000	734	256	1810
762	-574	8	0	0	0.000	745	259	1812
763	-568	0	0	0	0.000	755	248	1815
764	-563	0	0	0	0.000	755	232	1817
765	-557	4	0	0	0.000	745	252	1819
766	-551	0	4	0	0.000	754	238	1822
767	-546	0	0	0	0.000	765	254	1824
768	-540	8	8	0	0.000	766	237	1826
769	-534	0	0	0	0.000	755	248	1829
770	-528	0	0	0	0.000	795	260	1831
771	-522	0	0	0	0.000	766	253	1834
772	-517	0	4	0	0.000	796	264	1836
773	-511	0	0	0	0.000	805	252	1838
774	-505	0	4	0	0.000	806	248	1841
775	-500	0	4	0	0.000	826	262	1843
776	-494	4	0	0	0.000	806	244	1845
777	-488	0	0	0	0.000	806	243	1848
778	-482	0	4	0	0.000	806	247	1850
779	-476	0	0	0	0.000	836	262	1853
780	-471	0	0	0	0.000	815	247	1855
781	-465	4	0	0	0.000	835	237	1857
782	-459	4	0	0	0.000	826	243	1860
783	-454	4	4	0	0.000	865	237	1862
784	-448	0	8	0	0.000	846	258	1864
785	-442	0	0	0	0.000	836	259	1867
786	-436	4	0	0	0.000	855	269	1869
787	-430	0	0	0	0.000	866	230	1871
788	-425	0	4	0	0.000	847	235	1873
789	-419	0	0	0	0.000	847	244	1876
790	-413	8	4	0	0.000	846	249	1878
791	-408	4	0	0	0.000	856	239	1880
792	-402	4	0	0	0.000	866	258	1883
793	-396	4	0	0	0.000	866	255	1885
794	-390	4	0	0	0.000	856	260	1888
795	-384	0	0	0	0.000	856	248	1890
796	-379	0	0	0	0.000	866	262	1892
797	-373	0	4	0	0.000	866	248	1895
798	-367	0	4	0	0.000	856	254	1897
799	-362	0	4	0	0.000	866	250	1899
800	-356	4	4	0	0.000	836	259	1902
801	-1500	0	0	0	0.000	486	243	1433
802	-1494	4	0	0	0.000	466	238	1436
803	-1488	0	0	0	0.000	466	272	1438
804	-1483	0	0	0	0.000	477	243	1440
805	-1477	0	12	0	0.000	476	261	1443
806	-1471	0	0	0	0.000	476	246	1445
807	-1466	4	0	0	0.000	466	255	1447
808	-1460	4	0	0	0.000	486	254	1450
809	-1454	4	0	0	0.000	477	253	1452
810	-1448	4	4	0	0.000	476	258	1455
811	-1442	0	0	0	0.000	476	240	1457
812	-1437	4	4	0	0.000	477	255	1459
813	-1431	0	0	0	0.000	476	259	1462
814	-1425	4	0	0	0.000	476	271	1464
815	-1420	0	4	0	0.000	476	243	1466
816	-1414	0	0	0	0.000	486	243	1468
817	-1408	4	0	0	0.000	487	249	1471
818	-1402	0	0	0	0.000	476	271	1473
819	-1396	0	0	0	0.000	476	254	1476
820	-1391	0	4	0	0.000	466	267	1478
821	-1385	0	0	0	0.000	497	270	1480
822	-1379	0	0	0	0.000	477	238	1483
823	-1374	0	0	0	0.000	487	261	1485
824	-1368	0	4	0	0.000	476	251	1487
825	-1362	4	0	0	0.000	476	260	1490
826	-1356	0	0	0	0.000	476	246	1492
827	-1350	0	4	0	0.000	477	249	1495
828	-1345	0	0	0	0.000	476	261	1497
829	-1339	4	0	0	0.000	476	259	1499
830	-1333	0	0	0	0.000	476	256	1502
831	-1328	0	0	0	0.000	476	257	1504
832	-1322	4	0	0	0.000	455	243	1506
833	-1316	0	0	0	0.000	476	251	1509
834	-1310	0	4	0	0.000	476	262	1511
835	-1304	0	0	0	0.000	456	246	1514
836	-1299	0	0	0	0.000	466	255	1516
837	-1293	0	0	0	0.000	486	242	1518
838	-1287	4	0	0	0.000	477	239	1520
839	-1282	0	0	0	0.000	476	239	1523
840	-1276	4	0	0	0.000	476	259	1525
841	-1270	8	0	0	0.000	486	259	1527
842	-1264	0	0	0	0.000	476	255	1530
843	-1258	4	0	0	0.000	487	245	1532
844	-1253	0	4	0	0.000	476	250	1534
845	-1247	4	0	0	0.000	477	251	1537
846	-1241	0	0	0	0.000	476	239	1539
847	-1236	0	0	0	0.000	487	244	1541
848	-1230	0	0	0	0.000	477	255	1544
849	-1224	0	4	0	0.000	486	249	1546
850	-1218	4	0	0	0.000	486	245	1549
851	-1212	0	0	0	0.000	496	245	1551
852	-1207	4	4	0	0.000	487	266	1553
853	-1201	0	0	0	0.000	496	260	1556
854	-1195	0	4	0	0.000	496	249	1558
855	-1190	0	0	0	0.000	496	247	1560
856	-1184	0	4	0	0.000	486	248	1563
857	-1178	4	0	0	0.000	496	252	1565
858	-1172	0	0	0	0.000	496	254	1568
859	-1166	0	0	0	0.000	497	242	1570
860	-1161	0	0	0	0.000	487	237	1572
861	-1155	0	4	0	0.000	486	249	1575
862	-1149	0	0	0	0.000	486	258	1577
863	-1144	0	4	0	0.000	497	239	1579
864	-1138	0	0	0	0.000	506	240	1581
865	-1132	4	4	0	0.000	496	243	1584
866	-1126	0	4	0	0.000	487	261	1586
867	-1120	0	0	0	0.000	487	265	1589
868	-1115	0	0	0	0.000	476	246	1591
869	-1109	0	4	0	0.000	486	251	1593
870	-1103	0	0	0	0.000	486	238	1596
871	-1098	4	0	0	0.000	487	256	1598
872	-1092	4	0	0	0.000	501	246	1600
873	-1086	4	4	0	0.000	487	263	1603
874	-1080	0	0	0	0.000	486	266	1605
875	-1074	0	8	0	0.000	496	247	1608
876	-1069	0	0	0	0.000	496	264	1610
877	-1063	0	0	0	0.000	496	237	1612
878	-1057	0	4	0	0.000	496	254	1615
879	-1052	0	4	0	0.000	507	243	1617
880	-1046	0	0	0	0.000	517	241	1619
881	-1040	0	8	0	0.000	506	240	1622
882	-1034	4	0	0	0.000	496	245	1624
883	-1028	0	0	0	0.000	507	260	1627
884	-1023	0	0	0	0.000	486	242	1629
885	-1017	0	0	0	0.000	496	270	1631
886	-1011	4	0	0	0.000	506	256	1633
887	-1006	0	0	0	0.000	487	264	1636
888	-1000	4	0	0	0.000	496	254	1638
889	-994	4	0	0	0.000	507	254	1640
890	-988	0	0	0	0.000	507	245	1643
891	-982	0	0	0	0.000	526	241	1645
892	-977	0	0	0	0.000	496	260	1647
893	-971	0	0	0	0.000	527	257	1650
894	-965	8	0	0	0.000	516	239	1652
895	-960	0	0	0	0.000	527	256	1654
896	-954	0	0	0	0.000	526	266	1657
897	-948	0	4	0	0.000	517	261	1659
898	-942	0	0	0	0.000	516	274	1662
899	-936	0	4	0	0.000	527	251	1664
900	-931	8	0	0	0.000	506	236	1666
901	-925	0	0	0	0.000	526	234	1669
902	-919	0	0	0	0.000	516	250	1671
903	-914	0	4	0	0.000	516	255	1673
904	-908	0	0	0	0.000	507	255	1676
905	-902	8	0	0	0.000	516	268	1678
906	-896	0	0	0	0.000	527	247	1681
907	-891	4	0	0	0.000	527	251	1683
908	-885	0	0	0	0.000	527	257	1685
909	-879	4	0	0	0.000	528	256	1688
910	-873	0	0	0	0.000	537	248	1690
911	-868	0	0	0	0.000	567	246	1692
912	-862	4	8	0	0.000	536	267	1695
913	-856	0	0	0	0.000	537	241	1697
914	-850	4	0	0	0.000	527	248	1699
915	-844	4	8	0	0.000	536	281	1702
916	-839	0	0	0	0.000	557	252	1704
917	-833	0	4	0	0.000	547	268	1706
918	-827	0	0	0	0.000	547	247	1709
919	-822	0	0	0	0.000	556	234	1711
920	-816	4	0	0	0.000	557	237	1713
921	-810	0	0	0	0.000	557	254	1716
922	-804	0	4	0	0.000	537	271	1718
923	-798	0	4	0	0.000	556	252	1721
924	-793	0	0	0	0.000	557	250	1723
925	-787	0	0	0	0.000	557	264	1725
926	-781	0	0	0	0.000	568	257	1728
927	-776	0	0	0	0.000	557	267	1730
928	-770	0	0	0	0.000	567	254	1732
929	-764	0	0	0	0.000	557	243	1735
930	-758	4	0	0	0.000	547	252	1737
931	-752	0	0	0	0.000	557	273	1740
932	-747	4	0	0	0.000	577	260	1742
933	-741	4	0	0	0.000	557	244	1744
934	-735	4	0	0	0.000	557	256	1747
935	-730	0	0	0	0.000	557	262	1749
936	-724	4	0	0	0.000	577	259	1751
937	-718	0	0	0	0.000	577	254	1753
938	-712	0	0	0	0.000	586	258	1756
939	-706	0	4	0	0.000	577	259	1758
940	-701	4	4	0	0.000	598	259	1760
941	-695	0	0	0	0.000	587	251	1763
942	-689	0	0	0	0.000	597	255	1765
943	-684	0	0	0	0.000	587	253	1767
944	-678	0	0	0	0.000	587	260	1770
945	-672	4	0	0	0.000	624	254	1772
946	-666	0	0	0	0.000	617	250	1775
947	-660	0	0	0	0.000	597	260	1777
948	-655	0	0	0	0.000	624	236	1779
949	-649	0	0	0	0.000	617	248	1782
950	-643	4	0	0	0.000	624	246	1784
951	-638	0	0	0	0.000	655	246	1786
952	-632	0	0	0	0.000	634	243	1789
953	-626	0	0	0	0.000	644	242	1791
954	-620	4	0	0	0.000	635	251	1794
955	-614	4	0	0	0.000	634	255	1796
956	-609	0	8	0	0.000	645	254	1798
957	-603	4	0	0	0.000	645	258	1801
958	-597	4	0	0	0.000	665	241	1803
959	-592	0	8	0	0.000	674	241	1805
960	-586	0	4	0	0.000	694	261	1808
961	-580	4	0	0	0.000	685	246	1810
962	-574	0	0	0	0.000	715	248	1812
963	-568	4	0	0	0.000	695	253	1815
964	-563	0	0	0	0.000	705	248	1817
965	-557	8	0	0	0.000	704	255	1819
966	-551	0	4	0	0.000	714	242	1822
967	-546	0	4	0	0.000	734	251	1824
968	-540	0	0	0	0.000	745	252	1826
969	-534	0	0	0	0.000	765	252	1829
970	-528	4	0	0	0.000	745	256	1831
971	-522	4	4	0	0.000	745	267	1834
972	-517	0	0	0	0.000	765	267	1836
973	-511	4	0	0	0.000	774	267	1838
974	-505	4	0	0	0.000	754	254	1841
975	-500	0	0	0	0.000	765	252	1843
976	-494	0	0	0	0.000	785	242	1845
977	-488	0	0	0	0.000	785	251	1848
978	-482	4	0	0	0.000	806	256	1850
979	-476	0	4	0	0.000	815	256	1853
980	-471	0	4	0	0.000	795	260	1855
981	-465	0	0	0	0.000	815	238	1857
982	-459	0	0	0	0.000	826	255	1860
983	-454	0	0	0	0.000	815	273	1862
984	-448	0	0	0	0.000	816	243	1864
985	-442	4	0	0	0.000	825	261	1867
986	-436	0	0	0	0.000	836	244	1869
987	-430	4	0	0	0.000	826	254	1871
988	-425	4	0	0	0.000	826	258	1873
989	-419	0	0	0	0.000	847	269	1876
990	-413	0	0	0	0.000	846	243	1878
991	-408	0	4	0	0.000	846	251	1880
992	-402	0	0	0	0.000	856	257	1883
993	-396	0	4	0	0.000	836	253	1885
994	-390	0	0	0	0.000	856	261	1888
995	-384	4	0	0	0.000	856	250	1890
996	-379	0	0	0	0.000	866	240	1892
997	-373	4	4	0	0.000	856	245	1895
998	-367	4	0	0	0.000	846	256	1897
999	-362	0	0	0	0.000	866	249	1899
1000	-356	0	0	0	0.000	865	254	1902
