   2.0000000e+00   3.1000000e+01   2.7000000e+01   4.0000000e+01   9.8000000e+01   3.6000000e+01   4.3000000e+01   4.5000000e+01   8.9000000e+01
   4.0000000e+00   1.1100000e+02   9.5000000e+01   1.1700000e+02   2.1500000e+02   1.2000000e+02   1.4200000e+02   1.4800000e+02   2.0800000e+02
   6.0000000e+00   2.1100000e+02   1.8800000e+02   2.1000000e+02   3.6300000e+02   2.0600000e+02   2.3900000e+02   2.5400000e+02   3.9700000e+02
   8.0000000e+00   3.3600000e+02   3.5500000e+02   3.6000000e+02   5.6600000e+02   3.4700000e+02   3.6400000e+02   4.3100000e+02   5.9600000e+02
   1.0000000e+01   5.8800000e+02   5.3600000e+02   5.8000000e+02   8.1400000e+02   4.8900000e+02   5.3500000e+02   6.3200000e+02   8.5300000e+02
   1.2000000e+01   8.4100000e+02   8.2400000e+02   8.6000000e+02   1.1370000e+03   7.0500000e+02   7.2500000e+02   9.1300000e+02   1.1710000e+03
   1.4000000e+01   1.1420000e+03   1.1570000e+03   1.1670000e+03   1.4550000e+03   9.5600000e+02   1.0270000e+03   1.1510000e+03   1.6400000e+03
   1.6000000e+01   1.4900000e+03   1.5860000e+03   1.4940000e+03   1.7700000e+03   1.2460000e+03   1.4040000e+03   1.4920000e+03   2.0470000e+03
   1.8000000e+01   1.8900000e+03   2.0040000e+03   1.8660000e+03   2.1590000e+03   1.6810000e+03   1.7910000e+03   1.9570000e+03   2.4590000e+03
   2.0000000e+01   2.3590000e+03   2.3960000e+03   2.3440000e+03   2.6960000e+03   2.1160000e+03   2.2440000e+03   2.4790000e+03   3.0350000e+03
