   2.0000000e+00   1.0000000e+02   1.0000000e+02   1.0000000e+02   1.0000000e+02   4.7222222e+01   0.0000000e+00   0.0000000e+00   0.0000000e+00
   4.0000000e+00   1.0000000e+02   1.0000000e+02   1.0000000e+02   1.0000000e+02   6.6666667e+01   4.2253521e+00   0.0000000e+00   0.0000000e+00
   6.0000000e+00   1.0000000e+02   1.0000000e+02   1.0000000e+02   9.5316804e+01   6.0679612e+01   1.8828452e+01   3.9370079e-01   0.0000000e+00
   8.0000000e+00   1.0000000e+02   1.0000000e+02   9.8611111e+01   9.0282686e+01   5.2161383e+01   2.1428571e+01   4.1763341e+00   1.6778523e-01
   1.0000000e+01   1.0000000e+02   1.0000000e+02   9.4827586e+01   8.7223587e+01   5.0102249e+01   2.6355140e+01   7.9113924e+00   7.0339977e-01
   1.2000000e+01   1.0000000e+02   1.0000000e+02   9.1395349e+01   8.3905013e+01   4.8226950e+01   2.6896552e+01   1.1171961e+01   3.9282664e+00
   1.4000000e+01   1.0000000e+02   9.9913570e+01   8.8517566e+01   7.9518900e+01   4.9372385e+01   2.6290166e+01   1.3379670e+01   6.0975610e+00
   1.6000000e+01   1.0000000e+02   9.6090794e+01   8.4270415e+01   7.5932203e+01   4.7592295e+01   2.5925926e+01   1.4343164e+01   7.1812408e+00
   1.8000000e+01   1.0000000e+02   9.4361277e+01   8.1350482e+01   7.3320982e+01   4.2712671e+01   2.6298157e+01   1.5891671e+01   8.7433916e+00
   2.0000000e+01   1.0000000e+02   9.1694491e+01   7.8370307e+01   6.7804154e+01   4.1776938e+01   2.6737968e+01   1.8233159e+01   9.3904448e+00
