 -7.4304150e-006  1.5791549e-006
  1.6025281e-005 -9.5041767e-006
  1.4839008e-005  6.6033673e-006
 -1.2720681e-005  5.7405806e-006
  1.4122827e-005  2.5490977e-006
  8.0345791e-006 -7.6117100e-006
  1.3893071e-005  6.0053246e-006
  1.4109387e-005  3.7442122e-006
  1.3209137e-005 -1.3914090e-005
  1.4839008e-005  6.6033673e-006
 -1.2720681e-005  5.7405806e-006
  1.4122827e-005  2.5490977e-006
  8.0345791e-006 -7.6117100e-006
  1.3893071e-005  6.0053246e-006
  1.4109387e-005  3.7442122e-006
  1.3209137e-005 -1.3914090e-005
 -1.4180836e-005  1.0551274e-005
 -1.0241707e-005 -6.7263301e-006
  1.4839008e-005  6.6033673e-006
 -1.2720681e-005  5.7405806e-006
  1.4122827e-005  2.5490977e-006
  8.0345791e-006 -7.6117100e-006
  1.3893071e-005  6.0053246e-006
  1.4109387e-005  3.7442122e-006
  1.3209137e-005 -1.3914090e-005
 -1.2830728e-005 -4.2391849e-006
 -1.5801595e-005  5.5170463e-006
  1.8430834e-005  9.5950431e-007
 -1.6742401e-005  7.2421889e-006
 -3.4084424e-006  2.5121770e-006
  4.9209240e-006 -1.4434730e-005
 -9.6934567e-006 -3.1207970e-006
  7.2842855e-008  1.1473822e-005
 -1.1713848e-005  7.5415951e-006
  1.2521146e-005 -8.0555317e-006
 -1.3104557e-005  1.7337624e-006
 -2.9927071e-006  1.1987862e-005
 -1.7404789e-006  6.0975467e-006
  1.6347203e-005 -8.5018711e-006
 -1.5841811e-005 -2.6771324e-006
  7.8674204e-006 -8.5500154e-006
 -1.6272420e-005 -7.2258022e-006
  2.5386879e-006 -1.1079336e-005
 -4.3161914e-006  3.8760782e-006
  5.0835864e-006 -1.6573684e-005
 -1.7879138e-005 -4.0843247e-006
 -6.6509648e-006  1.8605641e-006
 -6.2476071e-006  9.4495463e-008
 -8.2094649e-006  1.3256374e-005
 -1.1344415e-005  1.3951473e-005
  7.6267216e-006 -1.3985341e-005
 -1.2125513e-005  6.4182210e-006
 -1.0502502e-005  2.7276192e-006
  1.1761914e-005 -3.7648948e-006
 -2.4451269e-006  1.5648558e-005
 -8.7549372e-006  1.4281315e-005
  6.7729725e-006  5.4506445e-006
 -3.9833677e-006  6.9777034e-006
  1.8463341e-005 -1.1591063e-006
  1.7383873e-005 -9.3009154e-006
  8.2305399e-006 -1.1308697e-005
  6.9960223e-006 -1.5742511e-006
  1.5053305e-006  1.0294757e-005
 -1.1393053e-005 -4.5620682e-006
 -1.1880976e-005 -3.1584072e-006
  8.5505339e-006  8.3618256e-006
 -1.3810914e-005 -4.3082734e-006
 -1.6669019e-005  1.0998200e-005
  3.4434230e-006 -8.2527368e-006
  8.0793708e-006 -1.4464169e-006
  8.0233283e-006  6.0015443e-006
 -1.5770927e-005 -1.2088373e-005
 -1.9582682e-005 -3.8909907e-006
  1.3744106e-005  1.0715360e-005
  1.2014696e-005  1.0690427e-005
  4.8003984e-006 -1.5901758e-005
 -1.8483278e-005 -1.4073638e-006
 -9.3112834e-006 -7.2742658e-006
 -5.1762336e-006  1.7313742e-005
 -1.4999888e-005  6.2479866e-006
  1.5762558e-005 -7.7215676e-006
 -3.0861404e-006  1.2157309e-005
  1.3727927e-005 -8.9878073e-006
 -7.5971819e-006  1.7972246e-005
  1.6638666e-005  4.0462351e-006
  5.4592687e-006 -1.2444427e-005
 -2.9946333e-006  1.7911574e-005
 -2.6342238e-006  1.2948107e-005
 -1.4830587e-005  5.6120475e-006
 -1.4925400e-005 -1.0439683e-005
  1.2295713e-005  4.0687762e-006
  1.1958666e-005  9.4408741e-006
  1.3838241e-005  2.2883329e-006
  1.6751540e-005 -7.1965411e-006
  1.5862166e-007  1.1103637e-005
  1.6085413e-005 -3.8750632e-006
 -1.8842282e-005  5.0373817e-006
  1.9353164e-005  3.6274577e-006
 -8.4488410e-006 -2.3198842e-006
 -1.1335209e-005  8.6313546e-006
 -1.9138498e-005  2.8733819e-006
  1.6926308e-006 -1.5345301e-005
  1.5342587e-005  1.0150971e-005
 -3.4720436e-006  1.7244047e-005
 -1.0542355e-005  4.4299584e-006
 -2.9606025e-006  9.3659593e-006
  1.4763017e-005  8.1536214e-006
 -1.4463892e-005 -4.9987075e-007
  1.6004975e-005  1.0135302e-005
 -8.8364244e-006 -5.1807035e-006
  4.8572300e-006 -2.8327145e-006
 -1.1538073e-005 -7.3211354e-006
 -8.0351202e-006  1.1756389e-005
 -4.4829004e-006  6.2629260e-007
  1.0427285e-005 -7.6607392e-006
 -1.9250637e-005  4.9284110e-006
 -4.8691427e-006  1.5483190e-005
 -6.6421925e-006 -2.2743538e-006
  8.6183907e-006  1.9782373e-006
  1.7739632e-005 -6.2932470e-006
  4.4600611e-006 -1.1612934e-005
 -1.0843626e-005  1.1087789e-006
  9.7893514e-006 -1.4429101e-005
  9.2676170e-007 -1.3487678e-005
 -1.0367991e-005  1.1656585e-006
 -1.0943870e-005  1.5879520e-005
 -7.8502787e-006 -1.1884037e-006
  1.8257548e-005  1.7771922e-006
 -1.2056607e-005  2.5623400e-006
  1.6603315e-005 -9.8469933e-006
 -1.2720681e-005  5.7405806e-006
 -4.7294863e-006  7.7153371e-006
 -1.9044821e-005 -4.3343706e-006
 -1.4180836e-005  1.0551274e-005
 -2.9225800e-006  7.1612615e-006
  1.1640336e-005  1.1858419e-006
  5.0122072e-006 -1.7901946e-005
  1.2177281e-005 -5.9510557e-006
 -4.9946896e-006  1.2525147e-007
  1.1417372e-005  4.7048371e-006
 -8.8792965e-006 -1.7148237e-006
 -1.8913698e-006  8.9839007e-006
  5.5131549e-006 -1.3357476e-005
  1.4366562e-005 -5.8958657e-006
 -1.9211499e-005  2.5191494e-006
  1.0173732e-005 -1.4371314e-005
  1.4363516e-005  2.2019565e-006
  2.2565913e-006 -5.1011191e-006
  1.7569453e-005  1.4503151e-006
 -9.3754220e-007 -1.0127623e-005
  1.0848465e-005  4.6360498e-006
 -1.3512785e-005  5.7119909e-006
 -1.7560958e-005 -7.7377265e-006
  1.6903129e-005 -6.4680755e-006
 -5.9918249e-006  1.5250910e-005
  1.1966354e-005 -1.4923479e-005
  7.3151463e-006 -4.0900679e-006
 -3.6162575e-006  1.9451219e-005
  1.8516398e-005  2.5912140e-006
  6.6720455e-007  1.8169233e-005
 -1.5445420e-005  1.2214276e-005
  7.3207063e-006 -1.3386725e-005
  1.4486982e-005 -2.3574005e-006
 -1.1724393e-005  1.5607598e-005
 -7.0612947e-006  1.3876307e-007
 -1.5905382e-005 -5.9105620e-006
 -1.8158945e-005 -6.5500573e-006
 -2.5919348e-006  1.1505499e-005
  3.6733938e-006 -3.1395583e-006
 -1.7904230e-005 -4.3483457e-006
 -9.7414556e-006  4.2607484e-006
 -9.9620488e-006  7.8262772e-006
 -1.0903233e-005 -5.8858605e-006
  4.8008313e-006 -1.3491029e-005
  1.7807377e-005 -4.0451037e-006
  1.2671205e-005  6.0146484e-006
 -1.5547459e-006  9.8544765e-006
  1.4026826e-006  1.8499074e-005
 -6.7595111e-006  1.6215057e-005
  7.3604408e-006 -1.5854970e-005
  1.4380679e-005  5.4922535e-006
 -2.3639361e-006  4.5705519e-006
 -1.0401031e-006 -1.7326081e-005
  1.6386916e-005 -3.8759962e-008
 -1.3962353e-005  9.2145051e-006
 -1.7005377e-005 -2.4928605e-006
  1.5210477e-005  1.2680670e-005
  9.4718067e-006 -4.6663396e-006
  1.0128945e-005 -1.5047551e-005
 -9.2401526e-006 -7.5542014e-006
  1.2909322e-005  2.2638940e-006
 -1.3670595e-005  1.2496313e-005
  1.2900554e-005  4.8544068e-007
 -1.6500196e-005  6.2409300e-006
  1.3309769e-005  1.0698203e-005
  4.0315654e-006 -3.2853316e-006
  1.1704851e-005 -1.0075466e-005
  1.5801353e-005 -3.8016292e-006
  1.5873062e-005  5.7671880e-006
 -1.4385169e-005  7.1469881e-006
  3.8909326e-006 -9.6828138e-006
 -1.7702579e-008 -1.1554896e-005
  7.1434445e-006 -8.7996096e-006
 -6.8104853e-006 -4.3130471e-006
  1.7587518e-005  3.7176227e-006
 -1.8932715e-005  6.0226535e-006
 -1.5771265e-005 -3.3588271e-006
  2.1215039e-006 -1.7004473e-005
 -1.2039418e-005  8.6054218e-006
  1.5400319e-005  6.5135012e-006
  1.4852674e-005  1.0452221e-005
 -1.8502228e-005 -6.8972294e-006
 -1.3209279e-005  1.4701754e-005
  1.5687257e-005 -7.9826049e-006
 -1.6763943e-005  8.1815066e-006
 -6.8988606e-006 -3.4642346e-007
 -8.6205352e-006  4.7640021e-006
 -7.4304150e-006  1.5791549e-006
  1.6025281e-005 -9.5041767e-006
 -8.8764928e-006  4.0057778e-006
 -2.1399876e-006  3.4910188e-006
 -1.8599000e-005 -4.2329072e-006
 -1.2532713e-005  9.3249851e-006
 -1.1302598e-006  2.7695002e-006
  4.6589396e-006 -1.6640191e-005
  8.2523259e-006 -4.0329242e-006
  7.0495196e-006  2.9049453e-006
 -4.0149378e-006 -7.7538921e-007
  5.5131549e-006 -1.3357476e-005
  1.4366562e-005 -5.8958657e-006
 -1.9211499e-005  2.5191494e-006
  1.0173732e-005 -1.4371314e-005
  1.4363516e-005  2.2019565e-006
  2.2565913e-006 -5.1011191e-006
  1.7569453e-005  1.4503151e-006
 -9.3754220e-007 -1.0127623e-005
  8.3319988e-006  3.5606476e-006
 -1.1573151e-005  4.8920881e-006
 -1.7201714e-005 -7.5794363e-006
  1.6079483e-005 -6.1529030e-006
 -5.4234675e-006  1.3804277e-005
  1.1702768e-005 -1.4594756e-005
  4.7353729e-006 -2.6476567e-006
 -3.5967239e-006  1.9346151e-005
  1.7902986e-005  2.5053721e-006
  6.3614864e-007  1.7323522e-005
 -1.5325778e-005  1.2119663e-005
  6.3941438e-006 -1.1692403e-005
  1.2410505e-005 -2.0195048e-006
 -1.1583059e-005  1.5419454e-005
 -4.1961734e-006  8.2459935e-008
 -1.4650266e-005 -5.4441515e-006
 -1.7840255e-005 -6.4351036e-006
 -1.9903831e-006  8.8352340e-006
 -1.7184657e-005 -4.1735852e-006
 -7.1027485e-006  3.1066224e-006
 -7.9286220e-006  6.2287984e-006
 -8.5819164e-006 -4.6327507e-006
  4.0622766e-006 -1.1415583e-005
  1.7015616e-005 -3.8652483e-006
  1.0611422e-005  5.0369298e-006
 -1.0980717e-006  6.9599291e-006
  1.3509580e-006  1.7816911e-005
 -6.3351364e-006  1.5197046e-005
  6.8811590e-006 -1.4822559e-005
  1.2616450e-005  4.8184612e-006
 -9.6895166e-007 -1.6140838e-005
  1.4833084e-005 -3.5084684e-008
 -1.2769581e-005  8.4273310e-006
 -1.5764234e-005 -2.3109182e-006
  1.5135372e-005  1.2618056e-005
  6.8821900e-006 -3.3905502e-006
  9.6461985e-006 -1.4330384e-005
 -7.1380075e-006 -5.8356121e-006
 -7.4304150e-006  1.5791549e-006
  1.6025281e-005 -9.5041767e-006
 -8.8764928e-006  4.0057778e-006
 -2.1399876e-006  3.4910188e-006
 -1.8599000e-005 -4.2329072e-006
 -1.2532713e-005  9.3249851e-006
 -1.1302598e-006  2.7695002e-006
  4.6589396e-006 -1.6640191e-005
  8.2523259e-006 -4.0329242e-006
  7.0495196e-006  2.9049453e-006
 -8.8792965e-006 -1.7148237e-006
 -1.8913698e-006  8.9839007e-006
  5.5131549e-006 -1.3357476e-005
  1.4366562e-005 -5.8958657e-006
 -1.9211499e-005  2.5191494e-006
  1.0173732e-005 -1.4371314e-005
  1.4363516e-005  2.2019565e-006
  2.2565913e-006 -5.1011191e-006
  1.7569453e-005  1.4503151e-006
 -9.3754220e-007 -1.0127623e-005
  8.3319988e-006  3.5606476e-006
 -1.1573151e-005  4.8920881e-006
 -1.7201714e-005 -7.5794363e-006
  1.6079483e-005 -6.1529030e-006
 -5.4234675e-006  1.3804277e-005
  1.1702768e-005 -1.4594756e-005
  4.7353729e-006 -2.6476567e-006
 -3.5967239e-006  1.9346151e-005
  1.7902986e-005  2.5053721e-006
  6.3614864e-007  1.7323522e-005
 -1.5325778e-005  1.2119663e-005
  6.3941438e-006 -1.1692403e-005
  1.2410505e-005 -2.0195048e-006
 -1.1583059e-005  1.5419454e-005
 -4.1961734e-006  8.2459935e-008
 -1.4650266e-005 -5.4441515e-006
 -1.7840255e-005 -6.4351036e-006
 -1.9903831e-006  8.8352340e-006
 -1.7184657e-005 -4.1735852e-006
 -7.1027485e-006  3.1066224e-006
 -7.9286220e-006  6.2287984e-006
 -8.5819164e-006 -4.6327507e-006
  4.0622766e-006 -1.1415583e-005
  1.7015616e-005 -3.8652483e-006
  1.0611422e-005  5.0369298e-006
 -1.0980717e-006  6.9599291e-006
  1.3509580e-006  1.7816911e-005
 -7.4304150e-006  1.5791549e-006
  1.6025281e-005 -9.5041767e-006
 -8.8764928e-006  4.0057778e-006
 -2.1399876e-006  3.4910188e-006
 -1.8599000e-005 -4.2329072e-006
 -1.2532713e-005  9.3249851e-006
 -1.1302598e-006  2.7695002e-006
  4.6589396e-006 -1.6640191e-005
  1.2177281e-005 -5.9510557e-006
 -4.9946896e-006  1.2525147e-007
  1.1417372e-005  4.7048371e-006
 -8.8792965e-006 -1.7148237e-006
 -1.8913698e-006  8.9839007e-006
  5.5131549e-006 -1.3357476e-005
  1.4366562e-005 -5.8958657e-006
 -1.9211499e-005  2.5191494e-006
 -5.8568522e-006  8.5814890e-006
  4.5710475e-006 -8.5086744e-006
 -1.5618225e-005 -1.0636394e-005
  8.3357259e-006 -7.5416217e-006
  8.3319988e-006  3.5606476e-006
 -1.1573151e-005  4.8920881e-006
 -1.7201714e-005 -7.5794363e-006
  1.6079483e-005 -6.1529030e-006
 -5.4234675e-006  1.3804277e-005
  1.1702768e-005 -1.4594756e-005
  4.7353729e-006 -2.6476567e-006
 -3.5967239e-006  1.9346151e-005
  1.7902986e-005  2.5053721e-006
  6.3614864e-007  1.7323522e-005
 -1.5325778e-005  1.2119663e-005
 -7.4304150e-006  1.5791549e-006
  1.6025281e-005 -9.5041767e-006
 -8.8764928e-006  4.0057778e-006
 -2.1399876e-006  3.4910188e-006
 -1.8599000e-005 -4.2329072e-006
 -1.2532713e-005  9.3249851e-006
 -1.1302598e-006  2.7695002e-006
  1.1640336e-005  1.1858419e-006
  5.0122072e-006 -1.7901946e-005
  1.2177281e-005 -5.9510557e-006
 -4.9946896e-006  1.2525147e-007
  1.1417372e-005  4.7048371e-006
 -8.8792965e-006 -1.7148237e-006
 -1.8913698e-006  8.9839007e-006
  5.5131549e-006 -1.3357476e-005
  1.4366562e-005 -5.8958657e-006
 -1.9211499e-005  2.5191494e-006
 -2.7361446e-007  8.1813311e-006
 -5.8568522e-006  8.5814890e-006
  4.5710475e-006 -8.5086744e-006
 -1.5618225e-005 -1.0636394e-005
  8.3357259e-006 -7.5416217e-006
  8.3319988e-006  3.5606476e-006
 -1.1573151e-005  4.8920881e-006
 -1.7201714e-005 -7.5794363e-006
  1.6079483e-005 -6.1529030e-006
 -5.4234675e-006  1.3804277e-005
  1.1702768e-005 -1.4594756e-005
  4.7353729e-006 -2.6476567e-006
 -1.2056607e-005  2.5623400e-006
  1.6603315e-005 -9.8469933e-006
 -1.2720681e-005  5.7405806e-006
 -4.7294863e-006  7.7153371e-006
 -1.9044821e-005 -4.3343706e-006
 -1.4180836e-005  1.0551274e-005
 -2.9225800e-006  7.1612615e-006
  1.1640336e-005  1.1858419e-006
  5.0122072e-006 -1.7901946e-005
  1.2177281e-005 -5.9510557e-006
 -4.9946896e-006  1.2525147e-007
  1.1417372e-005  4.7048371e-006
 -8.8792965e-006 -1.7148237e-006
 -1.8913698e-006  8.9839007e-006
  5.5131549e-006 -1.3357476e-005
  1.4366562e-005 -5.8958657e-006
 -1.9211499e-005  2.5191494e-006
  1.0173732e-005 -1.4371314e-005
  1.4363516e-005  2.2019565e-006
  2.2565913e-006 -5.1011191e-006
  1.7569453e-005  1.4503151e-006
 -9.3754220e-007 -1.0127623e-005
  8.3319988e-006  3.5606476e-006
 -1.1573151e-005  4.8920881e-006
 -1.7201714e-005 -7.5794363e-006
  1.6079483e-005 -6.1529030e-006
 -5.4234675e-006  1.3804277e-005
  1.1702768e-005 -1.4594756e-005
  4.7353729e-006 -2.6476567e-006
 -3.5967239e-006  1.9346151e-005
  1.7902986e-005  2.5053721e-006
  6.3614864e-007  1.7323522e-005
 -1.5325778e-005  1.2119663e-005
  6.3941438e-006 -1.1692403e-005
  1.2410505e-005 -2.0195048e-006
 -1.1583059e-005  1.5419454e-005
 -4.1961734e-006  8.2459935e-008
 -1.4650266e-005 -5.4441515e-006
 -1.7840255e-005 -6.4351036e-006
 -1.9903831e-006  8.8352340e-006
 -1.7184657e-005 -4.1735852e-006
 -7.1027485e-006  3.1066224e-006
 -7.9286220e-006  6.2287984e-006
 -8.5819164e-006 -4.6327507e-006
  4.0622766e-006 -1.1415583e-005
  1.7015616e-005 -3.8652483e-006
  1.0611422e-005  5.0369298e-006
 -1.0980717e-006  6.9599291e-006
  1.3509580e-006  1.7816911e-005
 -6.3351364e-006  1.5197046e-005
  6.8811590e-006 -1.4822559e-005
  1.2616450e-005  4.8184612e-006
 -9.6895166e-007 -1.6140838e-005
  1.4833084e-005 -3.5084684e-008
 -1.2769581e-005  8.4273310e-006
 -1.5764234e-005 -2.3109182e-006
  1.5135372e-005  1.2618056e-005
  6.8821900e-006 -3.3905502e-006
  9.6461985e-006 -1.4330384e-005
 -7.1380075e-006 -5.8356121e-006
  1.0450305e-005  1.8326587e-006
 -1.3155567e-005  1.2025525e-005
  1.0364567e-005  3.9001290e-007
 -1.5496584e-005  5.8613301e-006
  1.2298523e-005  9.8853774e-006
  2.0558347e-006 -1.6753042e-006
  1.0285642e-005 -8.8538203e-006
  1.4244127e-005 -3.4269779e-006
  1.4586082e-005  5.2995870e-006
 -1.2891700e-005  6.4049872e-006
  2.8105540e-006 -6.9942283e-006
 -1.3455655e-008 -8.7828267e-006
  5.3775727e-006 -6.6243309e-006
 -4.3238088e-006 -2.7382471e-006
  1.6673921e-005  3.5245080e-006
 -1.8869926e-005  6.0026798e-006
 -1.4161229e-005 -3.0159355e-006
  1.9637555e-006 -1.5740074e-005
 -1.0356236e-005  7.4023331e-006
  1.4081446e-005  5.9556895e-006
  1.4153669e-005  9.9603128e-006
 -1.8384359e-005 -6.8532906e-006
 -1.3131204e-005  1.4614858e-005
 -1.2056607e-005  2.5623400e-006
  1.6603315e-005 -9.8469933e-006
 -1.2720681e-005  5.7405806e-006
 -4.7294863e-006  7.7153371e-006
 -1.9044821e-005 -4.3343706e-006
 -1.4180836e-005  1.0551274e-005
 -2.9225800e-006  7.1612615e-006
  1.1640336e-005  1.1858419e-006
  5.0122072e-006 -1.7901946e-005
  1.2177281e-005 -5.9510557e-006
 -4.9946896e-006  1.2525147e-007
  1.1417372e-005  4.7048371e-006
 -8.8792965e-006 -1.7148237e-006
 -1.8913698e-006  8.9839007e-006
  5.5131549e-006 -1.3357476e-005
  1.4366562e-005 -5.8958657e-006
 -1.9211499e-005  2.5191494e-006
  1.0173732e-005 -1.4371314e-005
  1.4363516e-005  2.2019565e-006
  2.2565913e-006 -5.1011191e-006
  1.7569453e-005  1.4503151e-006
 -9.3754220e-007 -1.0127623e-005
  8.3319988e-006  3.5606476e-006
 -1.1573151e-005  4.8920881e-006
 -1.7201714e-005 -7.5794363e-006
  1.6079483e-005 -6.1529030e-006
 -5.4234675e-006  1.3804277e-005
  1.1702768e-005 -1.4594756e-005
  4.7353729e-006 -2.6476567e-006
 -3.5967239e-006  1.9346151e-005
  1.7902986e-005  2.5053721e-006
  6.3614864e-007  1.7323522e-005
 -1.5325778e-005  1.2119663e-005
  6.3941438e-006 -1.1692403e-005
  1.2410505e-005 -2.0195048e-006
 -1.1583059e-005  1.5419454e-005
 -4.1961734e-006  8.2459935e-008
 -1.4650266e-005 -5.4441515e-006
 -1.7840255e-005 -6.4351036e-006
 -1.9903831e-006  8.8352340e-006
 -1.7184657e-005 -4.1735852e-006
 -7.1027485e-006  3.1066224e-006
 -7.9286220e-006  6.2287984e-006
 -8.5819164e-006 -4.6327507e-006
  4.0622766e-006 -1.1415583e-005
  1.7015616e-005 -3.8652483e-006
  1.0611422e-005  5.0369298e-006
 -1.0980717e-006  6.9599291e-006
  1.3509580e-006  1.7816911e-005
 -6.3351364e-006  1.5197046e-005
  6.8811590e-006 -1.4822559e-005
  1.2616450e-005  4.8184612e-006
 -9.6895166e-007 -1.6140838e-005
  1.4833084e-005 -3.5084684e-008
 -1.2769581e-005  8.4273310e-006
 -1.5764234e-005 -2.3109182e-006
  1.5135372e-005  1.2618056e-005
  6.8821900e-006 -3.3905502e-006
  9.6461985e-006 -1.4330384e-005
 -7.1380075e-006 -5.8356121e-006
  1.0450305e-005  1.8326587e-006
 -1.3155567e-005  1.2025525e-005
  1.0364567e-005  3.9001290e-007
 -1.5496584e-005  5.8613301e-006
  1.2298523e-005  9.8853774e-006
  2.0558347e-006 -1.6753042e-006
  1.0285642e-005 -8.8538203e-006
  1.4244127e-005 -3.4269779e-006
  1.4586082e-005  5.2995870e-006
 -1.2891700e-005  6.4049872e-006
  2.8105540e-006 -6.9942283e-006
 -1.3455655e-008 -8.7828267e-006
  5.3775727e-006 -6.6243309e-006
 -4.3238088e-006 -2.7382471e-006
  1.6673921e-005  3.5245080e-006
 -1.8869926e-005  6.0026798e-006
 -1.4161229e-005 -3.0159355e-006
  1.9637555e-006 -1.5740074e-005
 -1.0356236e-005  7.4023331e-006
  1.4081446e-005  5.9556895e-006
  1.4153669e-005  9.9603128e-006
 -1.8384359e-005 -6.8532906e-006
 -1.2056607e-005  2.5623400e-006
  1.6603315e-005 -9.8469933e-006
 -1.2720681e-005  5.7405806e-006
 -4.7294863e-006  7.7153371e-006
 -1.9044821e-005 -4.3343706e-006
 -1.4180836e-005  1.0551274e-005
 -2.9225800e-006  7.1612615e-006
  1.1640336e-005  1.1858419e-006
  5.0122072e-006 -1.7901946e-005
  1.2177281e-005 -5.9510557e-006
 -4.9946896e-006  1.2525147e-007
  1.1417372e-005  4.7048371e-006
 -8.8792965e-006 -1.7148237e-006
 -1.8913698e-006  8.9839007e-006
  5.5131549e-006 -1.3357476e-005
  1.4366562e-005 -5.8958657e-006
 -1.9211499e-005  2.5191494e-006
  1.0173732e-005 -1.4371314e-005
  1.4363516e-005  2.2019565e-006
  2.2565913e-006 -5.1011191e-006
  1.7569453e-005  1.4503151e-006
 -9.3754220e-007 -1.0127623e-005
  8.3319988e-006  3.5606476e-006
 -1.1573151e-005  4.8920881e-006
 -1.7201714e-005 -7.5794363e-006
  1.6079483e-005 -6.1529030e-006
 -5.4234675e-006  1.3804277e-005
 -1.2056607e-005  2.5623400e-006
  1.6603315e-005 -9.8469933e-006
 -1.2720681e-005  5.7405806e-006
 -4.7294863e-006  7.7153371e-006
 -1.9044821e-005 -4.3343706e-006
 -1.4180836e-005  1.0551274e-005
 -2.9225800e-006  7.1612615e-006
  1.1640336e-005  1.1858419e-006
  5.0122072e-006 -1.7901946e-005
  1.2177281e-005 -5.9510557e-006
 -4.9946896e-006  1.2525147e-007
  1.1417372e-005  4.7048371e-006
 -8.8792965e-006 -1.7148237e-006
 -1.8913698e-006  8.9839007e-006
  5.5131549e-006 -1.3357476e-005
  1.4366562e-005 -5.8958657e-006
 -1.9211499e-005  2.5191494e-006
  1.0173732e-005 -1.4371314e-005
  1.4363516e-005  2.2019565e-006
  2.2565913e-006 -5.1011191e-006
  1.7569453e-005  1.4503151e-006
 -9.3754220e-007 -1.0127623e-005
 -1.7201714e-005 -7.5794363e-006
  1.6079483e-005 -6.1529030e-006
 -5.4234675e-006  1.3804277e-005
  1.1702768e-005 -1.4594756e-005
  4.7353729e-006 -2.6476567e-006
