1	-700	244	215	0	0.000	163	154	1761
2	-694	252	232	0	0.000	162	146	1763
3	-687	240	219	0	0.000	171	147	1766
4	-680	269	214	0	0.000	167	151	1769
5	-674	225	256	0	0.000	166	161	1771
6	-668	253	237	0	0.000	167	164	1774
7	-661	271	227	0	0.000	164	157	1777
8	-654	240	243	0	0.000	149	154	1780
9	-648	254	248	0	0.000	140	173	1782
10	-642	212	241	0	0.000	140	162	1785
11	-635	247	265	0	0.000	149	157	1787
12	-628	269	259	0	0.000	157	161	1790
13	-622	274	258	0	0.000	158	158	1793
14	-616	290	270	0	0.000	154	157	1795
15	-609	253	295	0	0.000	160	169	1798
16	-602	277	230	0	0.000	166	169	1801
17	-596	282	290	0	0.000	162	162	1803
18	-590	310	315	0	0.000	154	171	1806
19	-583	304	281	0	0.000	158	160	1809
20	-576	298	327	0	0.000	162	164	1812
21	-570	318	269	0	0.000	166	157	1814
22	-564	288	311	0	0.000	170	174	1817
23	-557	320	289	0	0.000	175	171	1819
24	-550	299	346	0	0.000	170	168	1822
25	-544	285	338	0	0.000	163	162	1825
26	-538	354	348	0	0.000	159	164	1827
27	-531	357	355	0	0.000	152	153	1830
28	-524	346	388	0	0.000	148	164	1833
29	-518	388	373	0	0.000	159	159	1835
30	-512	370	368	0	0.000	163	154	1838
31	-505	378	413	0	0.000	167	162	1841
32	-498	380	368	0	0.000	159	163	1844
33	-492	388	387	0	0.000	170	160	1846
34	-486	366	394	0	0.000	171	155	1848
35	-479	358	350	0	0.000	173	160	1851
36	-472	353	333	0	0.000	166	155	1854
37	-466	339	317	0	0.000	155	167	1857
38	-460	358	348	0	0.000	154	165	1859
39	-453	360	337	0	0.000	151	166	1862
40	-446	331	368	0	0.000	156	160	1865
41	-440	339	317	0	0.000	167	157	1867
42	-434	287	297	0	0.000	167	157	1870
43	-427	335	309	0	0.000	169	155	1873
44	-420	316	316	0	0.000	175	176	1876
45	-414	293	312	0	0.000	168	155	1878
46	-408	332	307	0	0.000	171	151	1880
47	-401	322	265	0	0.000	171	154	1883
48	-394	298	296	0	0.000	170	156	1886
49	-388	317	293	0	0.000	172	165	1889
50	-382	293	292	0	0.000	169	168	1891
51	-375	323	307	0	0.000	174	165	1894
52	-368	350	350	0	0.000	176	153	1897
53	-362	343	377	0	0.000	172	155	1899
54	-356	358	392	0	0.000	169	155	1902
55	-349	430	429	0	0.000	167	158	1905
56	-342	463	483	0	0.000	168	157	1907
57	-336	513	524	0	0.000	169	156	1910
58	-330	496	537	0	0.000	169	160	1912
59	-323	514	592	0	0.000	164	168	1915
60	-317	563	605	0	0.000	162	155	1918
61	-310	633	659	0	0.000	161	165	1921
62	-304	625	616	0	0.000	164	156	1923
63	-297	711	654	0	0.000	174	156	1926
64	-290	732	749	0	0.000	178	167	1929
65	-284	707	698	0	0.000	169	154	1931
66	-278	765	789	0	0.000	177	161	1934
67	-271	760	801	0	0.000	175	166	1937
68	-264	825	856	0	0.000	180	160	1939
69	-258	871	853	0	0.000	171	165	1942
70	-252	944	862	0	0.000	176	152	1944
71	-245	952	963	0	0.000	169	152	1947
72	-238	963	947	0	0.000	168	163	1950
73	-232	987	1032	0	0.000	167	159	1952
74	-226	1080	1012	0	0.000	175	147	1955
75	-219	1126	1101	0	0.000	175	154	1958
76	-212	1150	1129	0	0.000	175	157	1961
77	-206	1167	1167	0	0.000	162	152	1963
78	-200	1153	1164	0	0.000	164	166	1966
79	-193	1209	1168	0	0.000	171	161	1968
80	-186	1226	1159	0	0.000	169	156	1971
81	-180	1267	1243	0	0.000	169	155	1974
82	-174	1262	1244	0	0.000	162	162	1976
83	-167	1224	1265	0	0.000	166	157	1979
84	-160	1264	1248	0	0.000	162	157	1982
85	-154	1325	1277	0	0.000	166	171	1984
86	-148	1230	1304	0	0.000	166	158	1987
87	-141	1079	1103	0	0.000	164	160	1990
88	-134	699	785	0	0.000	169	166	1993
89	-128	461	475	0	0.000	169	160	1995
90	-122	325	353	0	0.000	168	161	1998
91	-115	285	289	0	0.000	165	153	2000
92	-108	248	306	0	0.000	179	161	2003
93	-102	290	259	0	0.000	170	164	2006
94	-96	231	209	0	0.000	172	159	2008
95	-89	205	199	0	0.000	168	164	2011
96	-82	122	125	0	0.000	172	162	2014
97	-76	113	146	0	0.000	175	154	2016
98	-70	128	109	0	0.000	168	161	2019
99	-63	121	98	0	0.000	171	161	2022
100	-56	95	130	0	0.000	172	138	2025
101	-700	114	120	0	0.000	177	158	1761
102	-694	92	119	0	0.000	174	157	1763
103	-687	103	136	0	0.000	173	162	1766
104	-680	136	122	0	0.000	171	166	1769
105	-674	129	114	0	0.000	167	157	1771
106	-668	130	110	0	0.000	167	146	1774
107	-661	121	127	0	0.000	171	154	1777
108	-654	111	125	0	0.000	177	163	1780
109	-648	111	131	0	0.000	174	162	1782
110	-642	123	124	0	0.000	171	156	1785
111	-635	110	118	0	0.000	172	152	1787
112	-628	114	107	0	0.000	183	156	1790
113	-622	121	120	0	0.000	182	160	1793
114	-616	115	140	0	0.000	188	161	1795
115	-609	117	115	0	0.000	185	161	1798
116	-602	116	132	0	0.000	180	166	1801
117	-596	116	117	0	0.000	177	158	1803
118	-590	127	120	0	0.000	169	170	1806
119	-583	131	148	0	0.000	174	158	1809
120	-576	109	108	0	0.000	179	154	1812
121	-570	126	123	0	0.000	176	148	1814
122	-564	109	107	0	0.000	169	161	1817
123	-557	115	98	0	0.000	178	159	1819
124	-550	122	104	0	0.000	177	164	1822
125	-544	98	105	0	0.000	179	162	1825
126	-538	113	108	0	0.000	183	161	1827
127	-531	118	128	0	0.000	179	161	1830
128	-524	128	114	0	0.000	178	153	1833
129	-518	121	125	0	0.000	178	171	1835
130	-512	131	112	0	0.000	176	159	1838
131	-505	116	117	0	0.000	173	155	1841
132	-498	124	119	0	0.000	171	156	1844
133	-492	120	106	0	0.000	169	172	1846
134	-486	131	109	0	0.000	167	159	1848
135	-479	121	114	0	0.000	165	159	1851
136	-472	130	126	0	0.000	164	164	1854
137	-466	112	121	0	0.000	154	154	1857
138	-460	122	113	0	0.000	157	161	1859
139	-453	131	136	0	0.000	169	162	1862
140	-446	130	102	0	0.000	169	155	1865
141	-440	129	135	0	0.000	161	149	1867
142	-434	127	132	0	0.000	168	160	1870
143	-427	125	135	0	0.000	165	153	1873
144	-420	135	138	0	0.000	163	168	1876
145	-414	131	133	0	0.000	165	155	1878
146	-408	114	135	0	0.000	165	170	1880
147	-401	129	123	0	0.000	162	159	1883
148	-394	131	141	0	0.000	148	161	1886
149	-388	125	107	0	0.000	154	157	1889
150	-382	128	136	0	0.000	155	159	1891
151	-375	114	126	0	0.000	152	153	1894
152	-368	119	98	0	0.000	160	168	1897
153	-362	131	137	0	0.000	167	159	1899
154	-356	123	128	0	0.000	173	166	1902
155	-349	141	109	0	0.000	171	154	1905
156	-342	111	148	0	0.000	173	161	1907
157	-336	134	125	0	0.000	168	159	1910
158	-330	128	122	0	0.000	167	157	1912
159	-323	137	116	0	0.000	169	161	1915
160	-317	99	136	0	0.000	169	164	1918
161	-310	129	107	0	0.000	165	163	1921
162	-304	127	124	0	0.000	165	154	1923
163	-297	113	129	0	0.000	175	158	1926
164	-290	123	130	0	0.000	171	168	1929
165	-284	133	127	0	0.000	169	157	1931
166	-278	136	133	0	0.000	163	162	1934
167	-271	122	125	0	0.000	164	167	1937
168	-264	130	111	0	0.000	162	155	1939
169	-258	114	128	0	0.000	159	157	1942
170	-252	132	113	0	0.000	163	151	1944
171	-245	130	105	0	0.000	167	158	1947
172	-238	142	120	0	0.000	166	176	1950
173	-232	121	114	0	0.000	172	166	1952
174	-226	117	134	0	0.000	163	152	1955
175	-219	103	117	0	0.000	161	162	1958
176	-212	140	124	0	0.000	166	159	1961
177	-206	114	115	0	0.000	166	159	1963
178	-200	125	119	0	0.000	166	163	1966
179	-193	121	124	0	0.000	152	152	1968
180	-186	113	125	0	0.000	159	162	1971
181	-180	111	124	0	0.000	168	161	1974
182	-174	126	120	0	0.000	164	157	1976
183	-167	122	122	0	0.000	163	150	1979
184	-160	125	130	0	0.000	165	160	1982
185	-154	108	130	0	0.000	168	159	1984
186	-148	120	119	0	0.000	161	164	1987
187	-141	121	113	0	0.000	169	155	1990
188	-134	140	108	0	0.000	168	165	1993
189	-128	131	125	0	0.000	159	171	1995
190	-122	128	131	0	0.000	161	166	1998
191	-115	119	134	0	0.000	169	167	2000
192	-108	97	130	0	0.000	174	154	2003
193	-102	119	126	0	0.000	185	163	2006
194	-96	114	108	0	0.000	178	162	2008
195	-89	115	123	0	0.000	181	167	2011
196	-82	146	109	0	0.000	179	154	2014
197	-76	119	125	0	0.000	172	166	2016
198	-70	112	125	0	0.000	172	162	2019
199	-63	121	141	0	0.000	173	161	2022
200	-56	125	128	0	0.000	166	170	2025
201	-700	118	143	0	0.000	167	150	1761
