1	-700	88	86	0	0.000	226	232	1761
2	-693	80	102	0	0.000	231	224	1764
3	-686	108	71	0	0.000	226	230	1767
4	-679	101	105	0	0.000	230	226	1769
5	-672	101	70	0	0.000	235	233	1772
6	-665	85	75	0	0.000	235	229	1775
7	-658	79	91	0	0.000	237	236	1778
8	-651	87	95	0	0.000	241	240	1781
9	-644	94	103	0	0.000	246	228	1784
10	-637	97	95	0	0.000	238	241	1787
11	-630	94	106	0	0.000	242	246	1790
12	-623	104	121	0	0.000	244	234	1792
13	-616	102	104	0	0.000	245	243	1795
14	-609	112	98	0	0.000	241	227	1798
15	-602	98	88	0	0.000	238	226	1801
16	-595	103	100	0	0.000	246	230	1804
17	-588	109	112	0	0.000	244	233	1807
18	-581	128	120	0	0.000	242	248	1810
19	-574	108	110	0	0.000	240	225	1812
20	-567	127	135	0	0.000	241	235	1815
21	-560	151	114	0	0.000	240	243	1818
22	-553	141	124	0	0.000	241	235	1821
23	-546	148	142	0	0.000	235	225	1824
24	-539	159	155	0	0.000	232	234	1827
25	-532	151	154	0	0.000	237	232	1830
26	-525	164	165	0	0.000	240	232	1833
27	-518	177	167	0	0.000	240	218	1835
28	-511	180	187	0	0.000	251	223	1838
29	-504	142	144	0	0.000	246	224	1841
30	-497	173	162	0	0.000	238	229	1844
31	-490	160	161	0	0.000	241	232	1847
32	-483	157	165	0	0.000	243	239	1850
33	-476	157	170	0	0.000	262	231	1853
34	-469	164	157	0	0.000	249	241	1855
35	-462	167	163	0	0.000	250	234	1858
36	-455	161	132	0	0.000	242	226	1861
37	-448	149	153	0	0.000	236	232	1864
38	-441	155	150	0	0.000	238	237	1867
39	-434	165	134	0	0.000	238	218	1870
40	-427	152	131	0	0.000	234	232	1873
41	-420	138	132	0	0.000	243	241	1876
42	-413	136	122	0	0.000	252	231	1878
43	-406	142	138	0	0.000	251	237	1881
44	-399	154	142	0	0.000	246	221	1884
45	-392	162	141	0	0.000	241	225	1887
46	-385	152	169	0	0.000	242	229	1890
47	-378	167	180	0	0.000	243	226	1893
48	-371	188	198	0	0.000	243	231	1896
49	-364	205	192	0	0.000	249	232	1898
50	-357	175	206	0	0.000	257	225	1901
51	-350	227	192	0	0.000	245	227	1904
52	-343	209	240	0	0.000	245	239	1907
53	-336	241	233	0	0.000	245	225	1910
54	-329	285	230	0	0.000	232	215	1913
55	-322	299	290	0	0.000	229	231	1916
56	-315	285	295	0	0.000	233	231	1919
57	-308	288	314	0	0.000	236	228	1921
58	-301	305	304	0	0.000	243	248	1924
59	-294	307	332	0	0.000	245	230	1927
60	-287	340	319	0	0.000	244	239	1930
61	-280	406	358	0	0.000	240	236	1933
62	-273	390	390	0	0.000	239	230	1936
63	-266	436	421	0	0.000	234	227	1939
64	-259	458	433	0	0.000	240	239	1941
65	-252	486	491	0	0.000	239	236	1944
66	-245	521	518	0	0.000	241	230	1947
67	-238	560	542	0	0.000	241	218	1950
68	-231	568	651	0	0.000	239	245	1953
69	-224	570	649	0	0.000	239	236	1956
70	-217	689	670	0	0.000	240	235	1959
71	-210	687	748	0	0.000	239	228	1962
72	-203	793	744	0	0.000	238	229	1964
73	-196	762	762	0	0.000	242	218	1967
74	-189	839	829	0	0.000	233	232	1970
75	-182	779	801	0	0.000	234	229	1973
76	-175	819	862	0	0.000	233	232	1976
77	-168	594	592	0	0.000	233	241	1979
78	-161	499	508	0	0.000	243	231	1982
79	-154	271	329	0	0.000	231	229	1984
80	-147	117	129	0	0.000	229	223	1987
81	-140	87	89	0	0.000	226	222	1990
82	-133	91	70	0	0.000	227	232	1993
83	-126	83	76	0	0.000	248	242	1996
84	-119	83	96	0	0.000	248	232	1999
85	-112	61	59	0	0.000	244	230	2002
86	-105	72	79	0	0.000	247	232	2005
87	-98	81	80	0	0.000	249	237	2007
88	-91	49	54	0	0.000	246	240	2010
89	-84	65	53	0	0.000	234	238	2013
90	-77	96	102	0	0.000	234	234	2016
91	-70	87	104	0	0.000	242	236	2019
92	-63	77	70	0	0.000	242	222	2022
93	-56	77	70	0	0.000	235	239	2025
94	-49	72	56	0	0.000	245	233	2027
95	-42	66	77	0	0.000	233	223	2030
96	-35	67	58	0	0.000	237	229	2033
97	-28	69	69	0	0.000	242	234	2036
98	-21	65	60	0	0.000	242	232	2039
99	-14	47	39	0	0.000	247	229	2042
100	-7	54	33	0	0.000	245	226	2045
101	-700	49	37	0	0.000	250	237	1761
102	-693	33	33	0	0.000	251	230	1764
103	-686	56	40	0	0.000	250	231	1767
104	-679	30	26	0	0.000	240	227	1769
105	-672	48	55	0	0.000	236	240	1772
106	-665	33	44	0	0.000	254	229	1775
107	-658	49	41	0	0.000	259	235	1778
108	-651	46	51	0	0.000	249	229	1781
109	-644	44	32	0	0.000	247	232	1784
110	-637	51	40	0	0.000	247	222	1787
111	-630	28	32	0	0.000	243	234	1790
112	-623	40	28	0	0.000	244	235	1792
113	-616	41	51	0	0.000	243	228	1795
114	-609	26	52	0	0.000	238	239	1798
115	-602	38	43	0	0.000	243	230	1801
116	-595	45	55	0	0.000	241	233	1804
117	-588	46	34	0	0.000	237	230	1807
118	-581	47	29	0	0.000	242	232	1810
119	-574	40	39	0	0.000	244	233	1812
120	-567	44	37	0	0.000	245	235	1815
121	-560	48	40	0	0.000	241	225	1818
122	-553	43	37	0	0.000	242	228	1821
123	-546	37	44	0	0.000	241	230	1824
124	-539	34	31	0	0.000	243	239	1827
125	-532	53	48	0	0.000	248	242	1830
126	-525	44	45	0	0.000	245	247	1833
127	-518	41	47	0	0.000	239	229	1835
128	-511	41	35	0	0.000	240	233	1838
129	-504	42	34	0	0.000	243	239	1841
130	-497	43	45	0	0.000	244	228	1844
131	-490	34	51	0	0.000	237	234	1847
132	-483	48	44	0	0.000	242	233	1850
133	-476	38	31	0	0.000	237	236	1853
134	-469	60	40	0	0.000	237	229	1855
135	-462	41	36	0	0.000	240	237	1858
136	-455	37	33	0	0.000	242	229	1861
137	-448	36	49	0	0.000	246	230	1864
138	-441	35	38	0	0.000	244	231	1867
139	-434	45	31	0	0.000	244	241	1870
140	-427	40	22	0	0.000	237	233	1873
141	-420	40	35	0	0.000	231	224	1876
142	-413	30	42	0	0.000	245	241	1878
143	-406	34	39	0	0.000	249	242	1881
144	-399	39	41	0	0.000	253	243	1884
145	-392	39	48	0	0.000	263	228	1887
146	-385	45	40	0	0.000	248	236	1890
147	-378	38	38	0	0.000	238	225	1893
148	-371	36	42	0	0.000	242	241	1896
149	-364	49	36	0	0.000	241	222	1898
150	-357	50	40	0	0.000	242	235	1901
151	-350	32	45	0	0.000	243	234	1904
152	-343	41	42	0	0.000	239	224	1907
153	-336	41	44	0	0.000	241	232	1910
154	-329	36	38	0	0.000	242	235	1913
155	-322	43	36	0	0.000	238	232	1916
156	-315	42	36	0	0.000	239	232	1919
157	-308	58	29	0	0.000	248	232	1921
158	-301	35	50	0	0.000	245	229	1924
159	-294	51	42	0	0.000	238	236	1927
160	-287	43	46	0	0.000	235	228	1930
161	-280	43	37	0	0.000	235	228	1933
162	-273	31	38	0	0.000	239	223	1936
163	-266	33	38	0	0.000	241	227	1939
164	-259	44	39	0	0.000	239	230	1941
165	-252	42	39	0	0.000	237	236	1944
166	-245	43	45	0	0.000	239	242	1947
167	-238	48	28	0	0.000	238	241	1950
168	-231	34	49	0	0.000	238	235	1953
169	-224	33	33	0	0.000	239	233	1956
170	-217	45	40	0	0.000	240	222	1959
171	-210	30	42	0	0.000	240	234	1962
172	-203	43	31	0	0.000	237	236	1964
173	-196	42	33	0	0.000	228	228	1967
174	-189	38	40	0	0.000	235	232	1970
175	-182	50	36	0	0.000	228	222	1973
176	-175	39	41	0	0.000	242	224	1976
177	-168	49	53	0	0.000	241	229	1979
178	-161	40	34	0	0.000	242	222	1982
179	-154	30	35	0	0.000	238	229	1984
180	-147	22	40	0	0.000	247	229	1987
181	-140	41	32	0	0.000	243	230	1990
182	-133	35	37	0	0.000	250	226	1993
183	-126	35	48	0	0.000	249	226	1996
184	-119	31	49	0	0.000	245	222	1999
185	-112	37	46	0	0.000	236	239	2002
186	-105	48	33	0	0.000	247	234	2005
187	-98	43	42	0	0.000	248	225	2007
188	-91	45	29	0	0.000	248	229	2010
189	-84	41	25	0	0.000	236	241	2013
190	-77	45	47	0	0.000	240	231	2016
191	-70	40	35	0	0.000	241	238	2019
192	-63	47	38	0	0.000	241	231	2022
193	-56	37	44	0	0.000	233	234	2025
194	-49	38	49	0	0.000	236	230	2027
195	-42	53	38	0	0.000	224	239	2030
196	-35	29	43	0	0.000	230	229	2033
197	-28	43	36	0	0.000	234	241	2036
198	-21	41	37	0	0.000	235	241	2039
199	-14	37	29	0	0.000	232	234	2042
200	-7	44	42	0	0.000	223	237	2045
201	-700	36	44	0	0.000	224	241	1761
202	-693	34	41	0	0.000	231	227	1764
