1	-700	459	445	0	0.000	255	233	1761
2	-694	461	447	0	0.000	248	235	1763
3	-687	466	444	0	0.000	253	244	1766
4	-680	476	492	0	0.000	249	231	1769
5	-674	522	441	0	0.000	244	228	1771
6	-668	500	452	0	0.000	240	225	1774
7	-661	470	475	0	0.000	247	235	1777
8	-654	467	493	0	0.000	254	228	1780
9	-648	481	502	0	0.000	253	232	1782
10	-642	494	523	0	0.000	252	223	1785
11	-635	447	547	0	0.000	249	240	1787
12	-628	471	463	0	0.000	258	230	1790
13	-622	504	500	0	0.000	256	221	1793
14	-616	491	509	0	0.000	254	235	1795
15	-609	526	493	0	0.000	253	228	1798
16	-602	485	513	0	0.000	254	235	1801
17	-596	540	555	0	0.000	245	224	1803
18	-590	502	497	0	0.000	241	241	1806
19	-583	549	532	0	0.000	237	231	1809
20	-576	500	561	0	0.000	238	231	1812
21	-570	549	546	0	0.000	239	229	1814
22	-564	544	536	0	0.000	223	232	1817
23	-557	584	520	0	0.000	222	224	1819
24	-550	558	590	0	0.000	233	230	1822
25	-544	559	559	0	0.000	215	234	1825
26	-538	542	542	0	0.000	217	244	1827
27	-531	581	545	0	0.000	220	233	1830
28	-524	547	544	0	0.000	228	227	1833
29	-518	571	582	0	0.000	232	235	1835
30	-512	576	572	0	0.000	224	233	1838
31	-505	546	579	0	0.000	228	240	1841
32	-498	500	580	0	0.000	228	229	1844
33	-492	557	530	0	0.000	232	230	1846
34	-486	554	527	0	0.000	233	230	1848
35	-479	533	535	0	0.000	240	224	1851
36	-472	522	502	0	0.000	238	234	1854
37	-466	519	516	0	0.000	239	242	1857
38	-460	500	497	0	0.000	247	225	1859
39	-453	562	517	0	0.000	246	233	1862
40	-446	532	510	0	0.000	257	251	1865
41	-440	589	542	0	0.000	251	218	1867
42	-434	578	544	0	0.000	250	225	1870
43	-427	566	579	0	0.000	237	235	1873
44	-420	610	574	0	0.000	237	234	1876
45	-414	634	577	0	0.000	241	235	1878
46	-408	577	543	0	0.000	246	250	1880
47	-401	583	593	0	0.000	245	224	1883
48	-394	669	580	0	0.000	250	221	1886
49	-388	663	617	0	0.000	243	225	1889
50	-382	707	694	0	0.000	242	233	1891
51	-375	742	651	0	0.000	244	232	1894
52	-368	697	715	0	0.000	242	233	1897
53	-362	739	777	0	0.000	245	224	1899
54	-356	757	797	0	0.000	241	235	1902
55	-349	807	833	0	0.000	243	232	1905
56	-342	881	859	0	0.000	246	231	1907
57	-336	867	903	0	0.000	231	228	1910
58	-330	922	994	0	0.000	232	226	1912
59	-323	963	943	0	0.000	235	228	1915
60	-317	1056	1069	0	0.000	237	229	1918
61	-310	1118	1022	0	0.000	232	232	1921
62	-304	1128	1054	0	0.000	232	231	1923
63	-297	1135	1121	0	0.000	238	227	1926
64	-290	1147	1182	0	0.000	240	231	1929
65	-284	1145	1173	0	0.000	239	224	1931
66	-278	1184	1196	0	0.000	236	219	1934
67	-271	1231	1340	0	0.000	232	216	1937
68	-264	1286	1250	0	0.000	232	242	1939
69	-258	1312	1265	0	0.000	234	238	1942
70	-252	1332	1320	0	0.000	231	232	1944
71	-245	1330	1343	0	0.000	230	229	1947
72	-238	1391	1414	0	0.000	230	228	1950
73	-232	1415	1359	0	0.000	233	219	1952
74	-226	1433	1457	0	0.000	242	226	1955
75	-219	1430	1447	0	0.000	239	231	1958
76	-212	1428	1446	0	0.000	239	230	1961
77	-206	1520	1444	0	0.000	242	222	1963
78	-200	1547	1471	0	0.000	233	231	1966
79	-193	1490	1563	0	0.000	228	224	1968
80	-186	1506	1516	0	0.000	231	223	1971
81	-180	1559	1528	0	0.000	234	230	1974
82	-174	1462	1493	0	0.000	231	240	1976
83	-167	1416	1479	0	0.000	238	239	1979
84	-160	1385	1449	0	0.000	240	253	1982
85	-154	1422	1397	0	0.000	243	228	1984
86	-148	1294	1344	0	0.000	245	225	1987
87	-141	1173	1296	0	0.000	249	231	1990
88	-134	982	1016	0	0.000	237	232	1993
89	-128	835	972	0	0.000	236	229	1995
90	-122	587	623	0	0.000	237	234	1998
91	-115	545	569	0	0.000	236	233	2000
92	-108	569	561	0	0.000	234	234	2003
93	-102	483	460	0	0.000	236	222	2006
94	-96	502	475	0	0.000	245	223	2008
95	-89	409	403	0	0.000	238	232	2011
96	-82	396	413	0	0.000	231	239	2014
97	-76	346	373	0	0.000	231	232	2016
98	-70	376	363	0	0.000	237	226	2019
99	-63	332	298	0	0.000	237	240	2022
100	-56	219	238	0	0.000	242	217	2025
101	-700	234	239	0	0.000	240	246	1761
102	-694	242	232	0	0.000	239	229	1763
103	-687	217	240	0	0.000	239	225	1766
104	-680	220	223	0	0.000	236	226	1769
105	-674	249	246	0	0.000	235	233	1771
106	-668	243	234	0	0.000	237	237	1774
107	-661	242	226	0	0.000	242	233	1777
108	-654	237	203	0	0.000	240	225	1780
109	-648	217	216	0	0.000	237	240	1782
110	-642	226	249	0	0.000	233	230	1785
111	-635	202	227	0	0.000	230	239	1787
112	-628	223	266	0	0.000	227	235	1790
113	-622	216	231	0	0.000	221	236	1793
114	-616	251	238	0	0.000	224	232	1795
115	-609	220	233	0	0.000	224	216	1798
116	-602	217	231	0	0.000	231	224	1801
117	-596	195	239	0	0.000	221	232	1803
118	-590	200	212	0	0.000	224	224	1806
119	-583	255	263	0	0.000	225	226	1809
120	-576	219	247	0	0.000	225	234	1812
121	-570	212	223	0	0.000	234	233	1814
122	-564	225	220	0	0.000	240	224	1817
123	-557	247	205	0	0.000	239	230	1819
124	-550	249	229	0	0.000	238	225	1822
125	-544	242	228	0	0.000	244	228	1825
126	-538	220	210	0	0.000	245	227	1827
127	-531	192	213	0	0.000	246	237	1830
128	-524	214	215	0	0.000	244	239	1833
129	-518	225	220	0	0.000	242	225	1835
130	-512	239	216	0	0.000	232	228	1838
131	-505	200	246	0	0.000	234	244	1841
132	-498	212	214	0	0.000	244	229	1844
133	-492	228	227	0	0.000	242	237	1846
134	-486	227	208	0	0.000	241	233	1848
135	-479	206	221	0	0.000	247	231	1851
136	-472	222	216	0	0.000	245	233	1854
137	-466	218	256	0	0.000	251	235	1857
138	-460	211	235	0	0.000	238	235	1859
139	-453	242	237	0	0.000	240	225	1862
140	-446	231	206	0	0.000	237	222	1865
141	-440	236	217	0	0.000	239	223	1867
142	-434	216	218	0	0.000	237	228	1870
143	-427	216	218	0	0.000	237	240	1873
144	-420	238	221	0	0.000	233	224	1876
145	-414	248	234	0	0.000	238	224	1878
146	-408	223	225	0	0.000	239	233	1880
147	-401	233	191	0	0.000	230	229	1883
148	-394	218	224	0	0.000	230	233	1886
149	-388	218	247	0	0.000	233	227	1889
150	-382	226	248	0	0.000	236	220	1891
151	-375	239	217	0	0.000	238	222	1894
152	-368	223	208	0	0.000	239	227	1897
153	-362	229	222	0	0.000	237	228	1899
154	-356	227	256	0	0.000	239	237	1902
155	-349	240	233	0	0.000	247	227	1905
156	-342	219	254	0	0.000	242	225	1907
157	-336	226	224	0	0.000	234	251	1910
158	-330	196	196	0	0.000	243	238	1912
159	-323	228	220	0	0.000	246	235	1915
160	-317	232	218	0	0.000	243	238	1918
161	-310	219	255	0	0.000	237	233	1921
162	-304	191	240	0	0.000	236	222	1923
163	-297	234	253	0	0.000	236	225	1926
164	-290	217	212	0	0.000	233	221	1929
165	-284	243	226	0	0.000	240	226	1931
166	-278	229	227	0	0.000	241	221	1934
167	-271	215	238	0	0.000	235	246	1937
168	-264	186	210	0	0.000	234	239	1939
169	-258	234	241	0	0.000	236	223	1942
170	-252	205	245	0	0.000	238	243	1944
171	-245	214	228	0	0.000	239	230	1947
172	-238	246	213	0	0.000	238	232	1950
173	-232	238	228	0	0.000	239	249	1952
174	-226	241	232	0	0.000	231	233	1955
175	-219	216	218	0	0.000	229	237	1958
176	-212	210	221	0	0.000	233	235	1961
177	-206	228	240	0	0.000	243	231	1963
178	-200	226	207	0	0.000	239	237	1966
179	-193	229	220	0	0.000	240	235	1968
180	-186	233	190	0	0.000	240	237	1971
181	-180	189	201	0	0.000	245	223	1974
182	-174	211	225	0	0.000	238	228	1976
183	-167	228	252	0	0.000	252	234	1979
184	-160	210	213	0	0.000	245	217	1982
185	-154	213	239	0	0.000	241	221	1984
186	-148	226	217	0	0.000	246	228	1987
187	-141	215	210	0	0.000	247	237	1990
188	-134	217	237	0	0.000	242	229	1993
189	-128	235	210	0	0.000	240	229	1995
190	-122	218	234	0	0.000	235	224	1998
191	-115	228	215	0	0.000	235	245	2000
192	-108	220	243	0	0.000	240	229	2003
193	-102	237	206	0	0.000	240	222	2006
194	-96	221	179	0	0.000	241	230	2008
195	-89	235	226	0	0.000	243	224	2011
196	-82	238	209	0	0.000	239	233	2014
197	-76	241	198	0	0.000	230	228	2016
198	-70	220	224	0	0.000	237	238	2019
199	-63	240	219	0	0.000	240	229	2022
200	-56	210	197	0	0.000	237	228	2025
201	-700	215	204	0	0.000	235	232	1761
202	-694	220	215	0	0.000	221	238	1763
203	-687	221	223	0	0.000	226	228	1766
204	-680	236	208	0	0.000	235	226	1769
205	-674	214	231	0	0.000	234	230	1771
206	-668	222	208	0	0.000	239	227	1774
207	-661	234	231	0	0.000	243	233	1777
208	-654	199	212	0	0.000	235	228	1780
209	-648	225	213	0	0.000	233	226	1782
210	-642	242	208	0	0.000	248	224	1785
211	-635	223	221	0	0.000	231	230	1787
212	-628	237	228	0	0.000	233	233	1790
