1	-700	171	152	0	0.000	238	215	1761
2	-693	143	176	0	0.000	242	229	1764
3	-686	151	144	0	0.000	234	224	1767
4	-679	163	161	0	0.000	235	240	1769
5	-672	161	184	0	0.000	244	227	1772
6	-665	155	171	0	0.000	242	241	1775
7	-658	183	167	0	0.000	240	238	1778
8	-651	175	135	0	0.000	245	239	1781
9	-644	182	172	0	0.000	247	236	1784
10	-637	142	206	0	0.000	246	238	1787
11	-630	186	185	0	0.000	242	236	1790
12	-623	178	155	0	0.000	242	228	1792
13	-616	170	190	0	0.000	237	232	1795
14	-609	189	169	0	0.000	237	226	1798
15	-602	208	173	0	0.000	242	239	1801
16	-595	192	175	0	0.000	239	241	1804
17	-588	200	185	0	0.000	243	227	1807
18	-581	203	221	0	0.000	242	242	1810
19	-574	197	213	0	0.000	243	244	1812
20	-567	216	224	0	0.000	248	231	1815
21	-560	220	227	0	0.000	250	233	1818
22	-553	219	244	0	0.000	245	235	1821
23	-546	224	249	0	0.000	247	224	1824
24	-539	258	256	0	0.000	249	235	1827
25	-532	261	241	0	0.000	238	237	1830
26	-525	269	262	0	0.000	237	235	1833
27	-518	243	255	0	0.000	236	227	1835
28	-511	267	246	0	0.000	235	238	1838
29	-504	231	256	0	0.000	243	242	1841
30	-497	250	246	0	0.000	241	226	1844
31	-490	234	243	0	0.000	243	235	1847
32	-483	243	245	0	0.000	237	234	1850
33	-476	234	244	0	0.000	238	223	1853
34	-469	247	250	0	0.000	240	228	1855
35	-462	262	232	0	0.000	237	233	1858
36	-455	237	226	0	0.000	234	224	1861
37	-448	232	190	0	0.000	248	236	1864
38	-441	248	235	0	0.000	251	237	1867
39	-434	224	217	0	0.000	243	221	1870
40	-427	213	185	0	0.000	233	224	1873
41	-420	233	208	0	0.000	239	229	1876
42	-413	248	204	0	0.000	244	229	1878
43	-406	199	214	0	0.000	243	235	1881
44	-399	238	215	0	0.000	246	226	1884
45	-392	248	228	0	0.000	244	224	1887
46	-385	287	259	0	0.000	247	230	1890
47	-378	302	291	0	0.000	247	238	1893
48	-371	287	256	0	0.000	243	232	1896
49	-364	287	316	0	0.000	242	241	1898
50	-357	325	330	0	0.000	238	228	1901
51	-350	337	374	0	0.000	236	231	1904
52	-343	388	413	0	0.000	240	220	1907
53	-336	407	395	0	0.000	236	226	1910
54	-329	430	436	0	0.000	228	225	1913
55	-322	464	433	0	0.000	233	236	1916
56	-315	538	479	0	0.000	243	238	1919
57	-308	530	484	0	0.000	247	228	1921
58	-301	518	509	0	0.000	254	227	1924
59	-294	529	521	0	0.000	257	237	1927
60	-287	577	653	0	0.000	248	231	1930
61	-280	619	573	0	0.000	239	229	1933
62	-273	649	609	0	0.000	229	228	1936
63	-266	714	689	0	0.000	233	231	1939
64	-259	724	693	0	0.000	234	238	1941
65	-252	773	684	0	0.000	235	255	1944
66	-245	786	780	0	0.000	236	238	1947
67	-238	853	823	0	0.000	243	241	1950
68	-231	872	863	0	0.000	239	236	1953
69	-224	902	906	0	0.000	246	225	1956
70	-217	981	944	0	0.000	252	237	1959
71	-210	1003	1027	0	0.000	248	232	1962
72	-203	1039	1057	0	0.000	252	228	1964
73	-196	1058	1066	0	0.000	247	234	1967
74	-189	1063	1082	0	0.000	248	227	1970
75	-182	1075	1050	0	0.000	241	238	1973
76	-175	1047	1170	0	0.000	243	231	1976
77	-168	1052	1069	0	0.000	245	229	1979
78	-161	1001	1004	0	0.000	244	224	1982
79	-154	795	851	0	0.000	241	237	1984
80	-147	458	451	0	0.000	241	233	1987
81	-140	253	230	0	0.000	244	227	1990
82	-133	281	305	0	0.000	242	220	1993
83	-126	220	202	0	0.000	240	229	1996
84	-119	158	164	0	0.000	241	226	1999
85	-112	152	174	0	0.000	238	228	2002
86	-105	139	151	0	0.000	239	230	2005
87	-98	122	111	0	0.000	233	233	2007
88	-91	115	106	0	0.000	231	225	2010
89	-84	99	105	0	0.000	237	237	2013
90	-77	60	76	0	0.000	238	230	2016
91	-70	61	68	0	0.000	243	218	2019
92	-63	64	80	0	0.000	234	228	2022
93	-56	68	62	0	0.000	237	229	2025
94	-49	66	72	0	0.000	233	243	2027
95	-42	73	78	0	0.000	244	232	2030
96	-35	63	63	0	0.000	244	234	2033
97	-28	77	63	0	0.000	240	229	2036
98	-21	77	66	0	0.000	245	235	2039
99	-14	76	70	0	0.000	244	234	2042
100	-7	75	72	0	0.000	241	229	2045
101	-700	73	84	0	0.000	239	240	1761
102	-693	68	77	0	0.000	239	238	1764
103	-686	62	79	0	0.000	239	234	1767
104	-679	77	71	0	0.000	230	236	1769
105	-672	75	78	0	0.000	244	243	1772
106	-665	68	80	0	0.000	246	227	1775
107	-658	76	54	0	0.000	239	237	1778
108	-651	75	75	0	0.000	243	236	1781
109	-644	65	93	0	0.000	244	225	1784
110	-637	67	84	0	0.000	245	234	1787
111	-630	64	81	0	0.000	245	249	1790
112	-623	53	65	0	0.000	241	226	1792
113	-616	61	70	0	0.000	237	231	1795
114	-609	77	70	0	0.000	233	226	1798
115	-602	76	70	0	0.000	230	229	1801
116	-595	73	55	0	0.000	227	229	1804
117	-588	73	59	0	0.000	231	240	1807
118	-581	73	75	0	0.000	232	235	1810
119	-574	80	73	0	0.000	224	227	1812
120	-567	75	69	0	0.000	214	240	1815
121	-560	77	67	0	0.000	221	230	1818
122	-553	73	57	0	0.000	221	238	1821
123	-546	65	71	0	0.000	221	225	1824
124	-539	74	59	0	0.000	221	239	1827
125	-532	79	73	0	0.000	221	231	1830
126	-525	72	85	0	0.000	220	234	1833
127	-518	68	66	0	0.000	220	244	1835
128	-511	62	82	0	0.000	232	233	1838
129	-504	84	69	0	0.000	238	236	1841
130	-497	72	60	0	0.000	246	231	1844
131	-490	75	85	0	0.000	244	226	1847
132	-483	78	72	0	0.000	256	233	1850
133	-476	71	61	0	0.000	252	234	1853
134	-469	58	73	0	0.000	246	231	1855
135	-462	69	76	0	0.000	244	242	1858
136	-455	73	88	0	0.000	246	231	1861
137	-448	70	72	0	0.000	244	238	1864
138	-441	61	68	0	0.000	235	238	1867
139	-434	68	77	0	0.000	232	240	1870
140	-427	72	78	0	0.000	235	220	1873
141	-420	55	66	0	0.000	235	226	1876
142	-413	75	90	0	0.000	237	235	1878
143	-406	70	87	0	0.000	240	236	1881
144	-399	91	78	0	0.000	243	234	1884
145	-392	86	71	0	0.000	254	219	1887
146	-385	78	72	0	0.000	248	225	1890
147	-378	69	65	0	0.000	251	231	1893
148	-371	69	85	0	0.000	247	230	1896
149	-364	81	83	0	0.000	236	233	1898
150	-357	76	80	0	0.000	241	234	1901
151	-350	73	66	0	0.000	243	233	1904
152	-343	76	70	0	0.000	242	233	1907
153	-336	91	71	0	0.000	241	239	1910
154	-329	83	76	0	0.000	249	234	1913
155	-322	67	66	0	0.000	244	233	1916
156	-315	51	76	0	0.000	242	230	1919
157	-308	78	76	0	0.000	243	231	1921
158	-301	81	57	0	0.000	247	218	1924
159	-294	65	66	0	0.000	243	236	1927
160	-287	60	83	0	0.000	240	222	1930
161	-280	92	69	0	0.000	244	220	1933
162	-273	60	85	0	0.000	244	235	1936
163	-266	64	83	0	0.000	243	228	1939
164	-259	80	60	0	0.000	245	234	1941
165	-252	78	70	0	0.000	240	246	1944
166	-245	67	64	0	0.000	241	226	1947
167	-238	68	68	0	0.000	242	221	1950
168	-231	60	59	0	0.000	236	239	1953
169	-224	79	62	0	0.000	234	216	1956
170	-217	53	80	0	0.000	232	237	1959
171	-210	56	66	0	0.000	230	226	1962
172	-203	65	69	0	0.000	236	233	1964
173	-196	72	69	0	0.000	228	242	1967
174	-189	56	75	0	0.000	230	232	1970
175	-182	61	61	0	0.000	226	234	1973
176	-175	83	71	0	0.000	232	230	1976
177	-168	62	69	0	0.000	233	235	1979
178	-161	72	71	0	0.000	224	236	1982
179	-154	76	66	0	0.000	234	236	1984
180	-147	68	69	0	0.000	236	233	1987
181	-140	84	90	0	0.000	238	226	1990
182	-133	54	76	0	0.000	230	227	1993
183	-126	75	51	0	0.000	230	224	1996
184	-119	65	61	0	0.000	239	231	1999
185	-112	68	57	0	0.000	243	231	2002
186	-105	84	72	0	0.000	246	243	2005
187	-98	61	70	0	0.000	241	234	2007
188	-91	71	75	0	0.000	236	238	2010
189	-84	82	68	0	0.000	240	228	2013
190	-77	85	82	0	0.000	237	233	2016
191	-70	69	73	0	0.000	235	214	2019
192	-63	62	80	0	0.000	245	220	2022
193	-56	68	78	0	0.000	239	221	2025
194	-49	72	72	0	0.000	234	233	2027
195	-42	73	77	0	0.000	234	231	2030
196	-35	80	72	0	0.000	237	232	2033
197	-28	74	72	0	0.000	231	242	2036
198	-21	64	90	0	0.000	235	230	2039
199	-14	62	83	0	0.000	232	232	2042
200	-7	79	64	0	0.000	234	246	2045
201	-700	76	80	0	0.000	236	230	1761
