1	-700	55	65	0	0.000	217	213	1761
2	-694	46	63	0	0.000	230	216	1763
3	-687	72	57	0	0.000	225	214	1766
4	-680	59	60	0	0.000	219	212	1769
5	-674	68	74	0	0.000	218	207	1771
6	-668	55	77	0	0.000	220	198	1774
7	-661	86	61	0	0.000	226	212	1777
8	-654	66	65	0	0.000	219	204	1780
9	-648	68	86	0	0.000	215	210	1782
10	-642	85	61	0	0.000	216	202	1785
11	-635	77	84	0	0.000	216	203	1787
12	-628	67	71	0	0.000	207	204	1790
13	-622	81	96	0	0.000	203	201	1793
14	-616	82	77	0	0.000	207	214	1795
15	-609	81	84	0	0.000	206	201	1798
16	-602	85	87	0	0.000	203	201	1801
17	-596	83	60	0	0.000	211	207	1803
18	-590	71	71	0	0.000	207	201	1806
19	-583	82	97	0	0.000	211	208	1809
20	-576	97	93	0	0.000	209	203	1812
21	-570	100	82	0	0.000	205	199	1814
22	-564	97	83	0	0.000	214	210	1817
23	-557	85	85	0	0.000	224	216	1819
24	-550	95	94	0	0.000	225	204	1822
25	-544	86	96	0	0.000	228	202	1825
26	-538	80	92	0	0.000	224	203	1827
27	-531	111	103	0	0.000	220	212	1830
28	-524	93	102	0	0.000	224	208	1833
29	-518	105	88	0	0.000	218	203	1835
30	-512	109	108	0	0.000	215	213	1838
31	-505	102	114	0	0.000	218	212	1841
32	-498	126	110	0	0.000	224	204	1844
33	-492	109	107	0	0.000	226	213	1846
34	-486	122	95	0	0.000	225	208	1848
35	-479	119	113	0	0.000	221	205	1851
36	-472	119	93	0	0.000	217	204	1854
37	-466	91	106	0	0.000	213	208	1857
38	-460	117	104	0	0.000	211	194	1859
39	-453	116	121	0	0.000	218	209	1862
40	-446	134	118	0	0.000	217	213	1865
41	-440	118	128	0	0.000	209	216	1867
42	-434	136	118	0	0.000	212	197	1870
43	-427	137	122	0	0.000	214	209	1873
44	-420	128	131	0	0.000	215	221	1876
45	-414	122	149	0	0.000	236	218	1878
46	-408	144	114	0	0.000	230	204	1880
47	-401	134	119	0	0.000	224	200	1883
48	-394	165	133	0	0.000	220	212	1886
49	-388	133	131	0	0.000	218	215	1889
50	-382	145	140	0	0.000	223	206	1891
51	-375	161	131	0	0.000	219	218	1894
52	-368	151	130	0	0.000	214	205	1897
53	-362	154	158	0	0.000	207	201	1899
54	-356	175	142	0	0.000	213	207	1902
55	-349	156	173	0	0.000	211	213	1905
56	-342	175	157	0	0.000	213	206	1907
57	-336	195	176	0	0.000	205	202	1910
58	-330	177	169	0	0.000	207	202	1912
59	-323	186	164	0	0.000	213	204	1915
60	-317	195	170	0	0.000	216	196	1918
61	-310	219	213	0	0.000	211	208	1921
62	-304	212	186	0	0.000	224	205	1923
63	-297	224	242	0	0.000	224	205	1926
64	-290	224	240	0	0.000	232	219	1929
65	-284	228	245	0	0.000	223	207	1931
66	-278	269	277	0	0.000	222	206	1934
67	-271	246	251	0	0.000	223	204	1937
68	-264	262	283	0	0.000	219	202	1939
69	-258	304	275	0	0.000	220	211	1942
70	-252	298	335	0	0.000	223	220	1944
71	-245	338	314	0	0.000	227	196	1947
72	-238	298	312	0	0.000	222	200	1950
73	-232	326	366	0	0.000	221	210	1952
74	-226	328	404	0	0.000	222	210	1955
75	-219	318	365	0	0.000	219	205	1958
76	-212	354	373	0	0.000	215	203	1961
77	-206	353	378	0	0.000	218	197	1963
78	-200	292	383	0	0.000	224	207	1966
79	-193	327	324	0	0.000	221	216	1968
80	-186	244	229	0	0.000	225	210	1971
81	-180	234	262	0	0.000	225	200	1974
82	-174	254	273	0	0.000	224	209	1976
83	-167	198	218	0	0.000	234	216	1979
84	-160	146	174	0	0.000	232	209	1982
85	-154	135	150	0	0.000	234	216	1984
86	-148	68	93	0	0.000	233	207	1987
87	-141	58	71	0	0.000	225	210	1990
88	-134	64	49	0	0.000	223	221	1993
89	-128	61	80	0	0.000	221	214	1995
90	-122	51	51	0	0.000	231	212	1998
91	-115	45	44	0	0.000	231	205	2000
92	-108	30	24	0	0.000	227	210	2003
93	-102	36	42	0	0.000	223	222	2006
94	-96	39	35	0	0.000	221	210	2008
95	-89	41	38	0	0.000	218	199	2011
96	-82	27	33	0	0.000	220	205	2014
97	-76	34	26	0	0.000	222	205	2016
98	-70	28	28	0	0.000	221	210	2019
99	-63	23	27	0	0.000	234	214	2022
100	-56	39	15	0	0.000	229	206	2025
101	-700	17	28	0	0.000	217	212	1761
102	-694	25	21	0	0.000	222	206	1763
103	-687	15	16	0	0.000	219	206	1766
104	-680	22	11	0	0.000	218	211	1769
105	-674	14	22	0	0.000	224	206	1771
106	-668	17	21	0	0.000	229	211	1774
107	-661	27	14	0	0.000	224	214	1777
108	-654	26	22	0	0.000	218	211	1780
109	-648	21	16	0	0.000	214	215	1782
110	-642	16	18	0	0.000	231	201	1785
111	-635	18	11	0	0.000	219	213	1787
112	-628	22	22	0	0.000	216	215	1790
113	-622	18	24	0	0.000	214	223	1793
114	-616	19	19	0	0.000	217	214	1795
115	-609	21	12	0	0.000	203	196	1798
116	-602	19	18	0	0.000	210	212	1801
117	-596	14	20	0	0.000	210	205	1803
118	-590	14	19	0	0.000	218	207	1806
119	-583	22	18	0	0.000	220	204	1809
120	-576	26	17	0	0.000	217	197	1812
121	-570	20	12	0	0.000	220	205	1814
122	-564	18	12	0	0.000	218	204	1817
123	-557	15	27	0	0.000	213	210	1819
124	-550	24	15	0	0.000	218	217	1822
125	-544	21	24	0	0.000	220	212	1825
126	-538	25	16	0	0.000	226	206	1827
127	-531	31	24	0	0.000	223	216	1830
128	-524	14	25	0	0.000	210	205	1833
129	-518	17	25	0	0.000	207	208	1835
130	-512	21	19	0	0.000	204	201	1838
131	-505	22	16	0	0.000	201	208	1841
132	-498	23	21	0	0.000	196	208	1844
133	-492	12	21	0	0.000	203	213	1846
134	-486	29	32	0	0.000	211	214	1848
135	-479	24	23	0	0.000	216	216	1851
136	-472	21	13	0	0.000	210	212	1854
137	-466	22	22	0	0.000	198	215	1857
138	-460	20	16	0	0.000	195	208	1859
139	-453	23	19	0	0.000	204	200	1862
140	-446	19	18	0	0.000	207	197	1865
141	-440	22	26	0	0.000	203	212	1867
142	-434	19	33	0	0.000	208	214	1870
143	-427	21	20	0	0.000	212	202	1873
144	-420	23	14	0	0.000	213	214	1876
145	-414	20	16	0	0.000	213	206	1878
146	-408	19	24	0	0.000	215	204	1880
147	-401	16	22	0	0.000	224	212	1883
148	-394	30	16	0	0.000	226	217	1886
149	-388	20	13	0	0.000	220	211	1889
150	-382	17	15	0	0.000	218	215	1891
151	-375	14	14	0	0.000	204	210	1894
152	-368	23	23	0	0.000	205	204	1897
153	-362	23	14	0	0.000	206	209	1899
154	-356	23	16	0	0.000	219	213	1902
155	-349	17	27	0	0.000	215	206	1905
156	-342	17	24	0	0.000	209	215	1907
157	-336	22	17	0	0.000	207	210	1910
158	-330	18	22	0	0.000	206	201	1912
159	-323	21	18	0	0.000	202	202	1915
160	-317	12	22	0	0.000	202	226	1918
161	-310	19	15	0	0.000	203	205	1921
162	-304	28	17	0	0.000	212	202	1923
163	-297	15	11	0	0.000	209	198	1926
164	-290	14	15	0	0.000	214	219	1929
165	-284	15	16	0	0.000	214	217	1931
166	-278	17	25	0	0.000	211	213	1934
167	-271	28	18	0	0.000	218	210	1937
168	-264	21	16	0	0.000	214	206	1939
169	-258	23	21	0	0.000	212	207	1942
170	-252	24	30	0	0.000	205	216	1944
171	-245	20	24	0	0.000	210	207	1947
172	-238	22	20	0	0.000	214	201	1950
173	-232	27	24	0	0.000	212	223	1952
174	-226	17	18	0	0.000	212	201	1955
175	-219	25	26	0	0.000	207	198	1958
176	-212	23	15	0	0.000	209	206	1961
177	-206	18	27	0	0.000	209	216	1963
178	-200	22	23	0	0.000	208	202	1966
179	-193	17	14	0	0.000	216	208	1968
180	-186	15	20	0	0.000	217	212	1971
181	-180	14	12	0	0.000	205	210	1974
182	-174	19	23	0	0.000	206	210	1976
183	-167	21	23	0	0.000	201	217	1979
184	-160	24	20	0	0.000	201	209	1982
185	-154	18	16	0	0.000	199	214	1984
186	-148	25	24	0	0.000	203	213	1987
187	-141	12	20	0	0.000	206	205	1990
188	-134	14	20	0	0.000	201	219	1993
189	-128	22	20	0	0.000	208	214	1995
190	-122	21	18	0	0.000	213	205	1998
191	-115	22	16	0	0.000	207	204	2000
192	-108	24	21	0	0.000	216	212	2003
193	-102	20	24	0	0.000	217	215	2006
194	-96	22	19	0	0.000	208	211	2008
195	-89	16	23	0	0.000	211	205	2011
196	-82	16	29	0	0.000	210	204	2014
197	-76	23	23	0	0.000	207	204	2016
198	-70	19	13	0	0.000	200	211	2019
199	-63	15	19	0	0.000	205	214	2022
200	-56	22	21	0	0.000	208	204	2025
201	-700	22	29	0	0.000	206	203	1761
202	-694	18	25	0	0.000	196	205	1763
203	-687	22	20	0	0.000	198	211	1766
204	-680	21	11	0	0.000	197	209	1769
205	-674	23	22	0	0.000	199	202	1771
206	-668	22	20	0	0.000	203	216	1774
207	-661	21	17	0	0.000	211	206	1777
208	-654	24	22	0	0.000	217	215	1780
209	-648	22	18	0	0.000	210	215	1782
210	-642	23	16	0	0.000	215	217	1785
211	-635	21	25	0	0.000	222	209	1787
212	-628	30	25	0	0.000	224	208	1790
213	-622	37	18	0	0.000	227	212	1793
214	-616	24	16	0	0.000	232	205	1795
