1	-700	152	136	0	0.000	218	207	1761
2	-694	154	139	0	0.000	215	219	1763
3	-687	193	167	0	0.000	224	222	1766
4	-680	175	162	0	0.000	229	238	1769
5	-674	151	152	0	0.000	236	229	1771
6	-668	166	166	0	0.000	231	224	1774
7	-661	185	174	0	0.000	228	226	1777
8	-654	178	168	0	0.000	235	236	1780
9	-648	180	172	0	0.000	230	233	1782
10	-642	185	175	0	0.000	243	226	1785
11	-635	181	163	0	0.000	244	241	1787
12	-628	159	162	0	0.000	241	228	1790
13	-622	165	192	0	0.000	244	238	1793
14	-616	196	175	0	0.000	249	232	1795
15	-609	168	183	0	0.000	236	232	1798
16	-602	230	190	0	0.000	231	222	1801
17	-596	163	192	0	0.000	237	234	1803
18	-590	196	178	0	0.000	242	233	1806
19	-583	202	198	0	0.000	248	235	1809
20	-576	189	182	0	0.000	244	232	1812
21	-570	202	216	0	0.000	224	232	1814
22	-564	230	223	0	0.000	218	230	1817
23	-557	229	216	0	0.000	243	240	1819
24	-550	208	212	0	0.000	246	234	1822
25	-544	239	226	0	0.000	256	226	1825
26	-538	237	231	0	0.000	249	233	1827
27	-531	209	208	0	0.000	243	250	1830
28	-524	227	231	0	0.000	243	224	1833
29	-518	236	222	0	0.000	247	227	1835
30	-512	222	248	0	0.000	249	231	1838
31	-505	263	232	0	0.000	242	234	1841
32	-498	269	258	0	0.000	241	228	1844
33	-492	256	244	0	0.000	239	231	1846
34	-486	269	235	0	0.000	252	244	1848
35	-479	257	180	0	0.000	249	235	1851
36	-472	267	242	0	0.000	249	228	1854
37	-466	304	239	0	0.000	251	225	1857
38	-460	244	257	0	0.000	254	218	1859
39	-453	291	256	0	0.000	251	226	1862
40	-446	252	225	0	0.000	249	234	1865
41	-440	295	279	0	0.000	250	235	1867
42	-434	285	263	0	0.000	246	237	1870
43	-427	332	258	0	0.000	242	221	1873
44	-420	322	262	0	0.000	232	229	1876
45	-414	285	260	0	0.000	228	231	1878
46	-408	298	266	0	0.000	221	237	1880
47	-401	287	287	0	0.000	230	234	1883
48	-394	335	272	0	0.000	230	234	1886
49	-388	328	304	0	0.000	220	239	1889
50	-382	327	329	0	0.000	220	233	1891
51	-375	300	312	0	0.000	224	240	1894
52	-368	357	364	0	0.000	225	230	1897
53	-362	383	313	0	0.000	248	228	1899
54	-356	382	357	0	0.000	260	233	1902
55	-349	396	380	0	0.000	241	235	1905
56	-342	395	382	0	0.000	248	234	1907
57	-336	407	447	0	0.000	253	226	1910
58	-330	460	451	0	0.000	252	221	1912
59	-323	470	473	0	0.000	254	229	1915
60	-317	486	502	0	0.000	255	239	1918
61	-310	518	445	0	0.000	249	231	1921
62	-304	541	510	0	0.000	241	235	1923
63	-297	592	491	0	0.000	236	237	1926
64	-290	593	564	0	0.000	234	221	1929
65	-284	665	571	0	0.000	234	226	1931
66	-278	641	641	0	0.000	240	236	1934
67	-271	621	654	0	0.000	246	237	1937
68	-264	700	652	0	0.000	247	224	1939
69	-258	719	669	0	0.000	240	237	1942
70	-252	737	744	0	0.000	237	229	1944
71	-245	790	734	0	0.000	235	237	1947
72	-238	778	783	0	0.000	235	237	1950
73	-232	775	850	0	0.000	237	230	1952
74	-226	821	809	0	0.000	240	234	1955
75	-219	795	886	0	0.000	236	235	1958
76	-212	836	796	0	0.000	240	237	1961
77	-206	867	930	0	0.000	244	231	1963
78	-200	797	873	0	0.000	242	222	1966
79	-193	753	834	0	0.000	233	230	1968
80	-186	763	786	0	0.000	244	230	1971
81	-180	733	792	0	0.000	243	226	1974
82	-174	577	607	0	0.000	241	228	1976
83	-167	535	593	0	0.000	242	223	1979
84	-160	385	406	0	0.000	245	224	1982
85	-154	241	226	0	0.000	240	230	1984
86	-148	171	145	0	0.000	245	223	1987
87	-141	173	175	0	0.000	236	232	1990
88	-134	155	152	0	0.000	241	238	1993
89	-128	128	115	0	0.000	236	232	1995
90	-122	130	117	0	0.000	236	230	1998
91	-115	118	120	0	0.000	245	236	2000
92	-108	128	116	0	0.000	241	234	2003
93	-102	122	112	0	0.000	232	235	2006
94	-96	98	89	0	0.000	241	243	2008
95	-89	101	111	0	0.000	245	236	2011
96	-82	107	122	0	0.000	240	234	2014
97	-76	78	100	0	0.000	239	232	2016
98	-70	113	107	0	0.000	239	229	2019
99	-63	108	93	0	0.000	255	233	2022
100	-56	84	81	0	0.000	252	233	2025
101	-700	66	67	0	0.000	253	229	1761
102	-694	49	60	0	0.000	247	233	1763
103	-687	65	42	0	0.000	255	237	1766
104	-680	75	56	0	0.000	247	242	1769
105	-674	66	50	0	0.000	249	233	1771
106	-668	57	72	0	0.000	252	237	1774
107	-661	63	61	0	0.000	254	244	1777
108	-654	60	83	0	0.000	248	232	1780
109	-648	55	59	0	0.000	262	230	1782
110	-642	48	56	0	0.000	249	237	1785
111	-635	69	58	0	0.000	248	231	1787
112	-628	65	66	0	0.000	253	227	1790
113	-622	61	49	0	0.000	251	239	1793
114	-616	55	57	0	0.000	254	227	1795
115	-609	46	64	0	0.000	248	214	1798
116	-602	60	68	0	0.000	241	229	1801
117	-596	69	60	0	0.000	249	221	1803
118	-590	74	66	0	0.000	249	233	1806
119	-583	60	70	0	0.000	251	249	1809
120	-576	66	67	0	0.000	246	223	1812
121	-570	64	54	0	0.000	243	242	1814
122	-564	64	70	0	0.000	244	221	1817
123	-557	70	53	0	0.000	242	232	1819
124	-550	72	73	0	0.000	237	237	1822
125	-544	54	60	0	0.000	235	233	1825
126	-538	52	64	0	0.000	238	246	1827
127	-531	56	52	0	0.000	237	230	1830
128	-524	57	58	0	0.000	238	231	1833
129	-518	63	72	0	0.000	236	231	1835
130	-512	66	57	0	0.000	234	237	1838
131	-505	52	60	0	0.000	243	225	1841
132	-498	61	62	0	0.000	249	236	1844
133	-492	57	56	0	0.000	251	227	1846
134	-486	54	77	0	0.000	253	228	1848
135	-479	66	50	0	0.000	248	230	1851
136	-472	61	65	0	0.000	241	235	1854
137	-466	57	79	0	0.000	245	241	1857
138	-460	62	60	0	0.000	247	224	1859
139	-453	45	65	0	0.000	243	247	1862
140	-446	59	57	0	0.000	254	240	1865
141	-440	59	63	0	0.000	251	225	1867
142	-434	48	62	0	0.000	248	231	1870
143	-427	45	45	0	0.000	251	230	1873
144	-420	49	63	0	0.000	245	218	1876
145	-414	51	61	0	0.000	238	240	1878
146	-408	52	57	0	0.000	254	235	1880
147	-401	74	47	0	0.000	264	234	1883
148	-394	54	50	0	0.000	252	226	1886
149	-388	56	63	0	0.000	246	238	1889
150	-382	62	60	0	0.000	247	236	1891
151	-375	56	56	0	0.000	242	224	1894
152	-368	55	64	0	0.000	231	245	1897
153	-362	60	67	0	0.000	239	236	1899
154	-356	67	55	0	0.000	241	237	1902
155	-349	64	46	0	0.000	238	230	1905
156	-342	63	70	0	0.000	239	229	1907
157	-336	56	53	0	0.000	240	217	1910
158	-330	62	59	0	0.000	242	221	1912
159	-323	66	61	0	0.000	245	234	1915
160	-317	61	73	0	0.000	240	234	1918
161	-310	53	51	0	0.000	245	229	1921
162	-304	66	54	0	0.000	246	239	1923
163	-297	61	50	0	0.000	242	228	1926
164	-290	56	62	0	0.000	253	227	1929
165	-284	80	72	0	0.000	250	236	1931
166	-278	68	59	0	0.000	243	254	1934
167	-271	62	58	0	0.000	234	244	1937
168	-264	63	75	0	0.000	237	230	1939
169	-258	74	72	0	0.000	237	237	1942
170	-252	62	58	0	0.000	240	228	1944
171	-245	68	59	0	0.000	235	222	1947
172	-238	71	62	0	0.000	250	227	1950
173	-232	54	63	0	0.000	250	224	1952
174	-226	79	52	0	0.000	238	229	1955
175	-219	71	54	0	0.000	234	246	1958
176	-212	74	66	0	0.000	240	243	1961
177	-206	57	55	0	0.000	243	239	1963
178	-200	63	73	0	0.000	250	230	1966
179	-193	68	70	0	0.000	251	243	1968
180	-186	58	57	0	0.000	254	242	1971
181	-180	58	41	0	0.000	247	232	1974
182	-174	54	56	0	0.000	234	235	1976
183	-167	51	66	0	0.000	241	223	1979
184	-160	57	56	0	0.000	244	222	1982
185	-154	50	51	0	0.000	244	227	1984
186	-148	53	45	0	0.000	242	244	1987
187	-141	61	56	0	0.000	241	242	1990
188	-134	62	47	0	0.000	243	245	1993
189	-128	58	54	0	0.000	240	236	1995
190	-122	56	48	0	0.000	232	229	1998
191	-115	68	59	0	0.000	231	216	2000
192	-108	40	70	0	0.000	232	240	2003
193	-102	57	64	0	0.000	233	225	2006
194	-96	59	66	0	0.000	235	235	2008
195	-89	54	57	0	0.000	237	237	2011
196	-82	53	62	0	0.000	242	225	2014
197	-76	61	65	0	0.000	241	237	2016
198	-70	56	51	0	0.000	233	236	2019
199	-63	61	49	0	0.000	243	229	2022
200	-56	55	52	0	0.000	242	240	2025
201	-700	43	60	0	0.000	238	229	1761
202	-694	66	56	0	0.000	236	244	1763
203	-687	40	56	0	0.000	237	228	1766
