1	-700	170	181	0	0.000	205	205	1761
2	-693	198	178	0	0.000	204	212	1764
3	-686	190	219	0	0.000	199	191	1767
4	-679	196	195	0	0.000	200	209	1769
5	-672	185	214	0	0.000	206	186	1772
6	-665	207	204	0	0.000	203	201	1775
7	-658	200	206	0	0.000	205	194	1778
8	-651	220	236	0	0.000	204	192	1781
9	-644	223	206	0	0.000	209	200	1784
10	-637	195	179	0	0.000	212	193	1787
11	-630	191	211	0	0.000	212	192	1790
12	-623	227	210	0	0.000	204	193	1792
13	-616	231	226	0	0.000	201	201	1795
14	-609	223	205	0	0.000	205	193	1798
15	-602	225	213	0	0.000	208	192	1801
16	-595	224	232	0	0.000	212	200	1804
17	-588	229	254	0	0.000	210	197	1807
18	-581	234	239	0	0.000	212	194	1810
19	-574	280	257	0	0.000	215	195	1812
20	-567	274	267	0	0.000	210	208	1815
21	-560	279	296	0	0.000	204	195	1818
22	-553	273	310	0	0.000	193	210	1821
23	-546	279	288	0	0.000	198	195	1824
24	-539	276	281	0	0.000	202	203	1827
25	-532	273	288	0	0.000	203	207	1830
26	-525	293	268	0	0.000	188	196	1833
27	-518	297	298	0	0.000	186	207	1835
28	-511	285	306	0	0.000	199	194	1838
29	-504	285	309	0	0.000	217	202	1841
30	-497	283	282	0	0.000	221	202	1844
31	-490	264	276	0	0.000	212	196	1847
32	-483	282	286	0	0.000	212	215	1850
33	-476	302	261	0	0.000	204	206	1853
34	-469	288	303	0	0.000	202	210	1855
35	-462	296	317	0	0.000	203	210	1858
36	-455	281	281	0	0.000	203	207	1861
37	-448	234	253	0	0.000	205	205	1864
38	-441	285	267	0	0.000	216	212	1867
39	-434	267	269	0	0.000	217	204	1870
40	-427	220	251	0	0.000	215	204	1873
41	-420	254	280	0	0.000	220	213	1876
42	-413	264	227	0	0.000	222	200	1878
43	-406	305	265	0	0.000	211	210	1881
44	-399	298	254	0	0.000	219	203	1884
45	-392	301	280	0	0.000	218	211	1887
46	-385	313	319	0	0.000	216	200	1890
47	-378	362	319	0	0.000	216	211	1893
48	-371	375	389	0	0.000	202	213	1896
49	-364	416	405	0	0.000	210	203	1898
50	-357	450	420	0	0.000	214	224	1901
51	-350	470	438	0	0.000	223	204	1904
52	-343	487	455	0	0.000	219	193	1907
53	-336	486	526	0	0.000	220	195	1910
54	-329	559	505	0	0.000	218	213	1913
55	-322	508	549	0	0.000	219	214	1916
56	-315	565	560	0	0.000	215	209	1919
57	-308	531	583	0	0.000	217	211	1921
58	-301	631	631	0	0.000	222	194	1924
59	-294	653	631	0	0.000	224	193	1927
60	-287	685	707	0	0.000	223	215	1930
61	-280	763	719	0	0.000	230	208	1933
62	-273	743	716	0	0.000	222	209	1936
63	-266	761	811	0	0.000	211	213	1939
64	-259	904	835	0	0.000	220	198	1941
65	-252	858	895	0	0.000	225	202	1944
66	-245	958	904	0	0.000	221	200	1947
67	-238	984	946	0	0.000	219	210	1950
68	-231	1083	981	0	0.000	219	207	1953
69	-224	1046	1019	0	0.000	218	209	1956
70	-217	1044	1086	0	0.000	214	221	1959
71	-210	1172	1161	0	0.000	216	209	1962
72	-203	1121	1159	0	0.000	220	214	1964
73	-196	1167	1135	0	0.000	215	208	1967
74	-189	1196	1135	0	0.000	213	206	1970
75	-182	1101	1216	0	0.000	221	200	1973
76	-175	1255	1162	0	0.000	213	210	1976
77	-168	1205	1151	0	0.000	216	206	1979
78	-161	984	1037	0	0.000	225	212	1982
79	-154	661	638	0	0.000	223	213	1984
80	-147	513	586	0	0.000	210	213	1987
81	-140	332	347	0	0.000	207	215	1990
82	-133	286	290	0	0.000	212	213	1993
83	-126	271	241	0	0.000	212	224	1996
84	-119	208	215	0	0.000	229	225	1999
85	-112	235	263	0	0.000	235	224	2002
86	-105	175	174	0	0.000	236	229	2005
87	-98	198	204	0	0.000	229	234	2007
88	-91	158	145	0	0.000	233	216	2010
89	-84	165	140	0	0.000	231	232	2013
90	-77	142	153	0	0.000	234	239	2016
91	-70	190	138	0	0.000	235	247	2019
92	-63	181	155	0	0.000	237	235	2022
93	-56	98	126	0	0.000	244	224	2025
94	-49	104	88	0	0.000	242	231	2027
95	-42	91	99	0	0.000	243	243	2030
96	-35	95	86	0	0.000	242	220	2033
97	-28	112	87	0	0.000	234	243	2036
98	-21	85	86	0	0.000	238	228	2039
99	-14	87	87	0	0.000	240	246	2042
100	-7	97	100	0	0.000	250	235	2045
101	-700	109	114	0	0.000	245	231	1761
102	-693	82	105	0	0.000	251	222	1764
103	-686	88	96	0	0.000	259	222	1767
104	-679	113	96	0	0.000	262	225	1769
105	-672	95	102	0	0.000	253	221	1772
106	-665	101	81	0	0.000	259	225	1775
107	-658	90	85	0	0.000	264	226	1778
108	-651	90	97	0	0.000	250	231	1781
109	-644	80	108	0	0.000	244	228	1784
110	-637	85	86	0	0.000	239	221	1787
111	-630	99	93	0	0.000	238	238	1790
112	-623	97	93	0	0.000	235	231	1792
113	-616	96	93	0	0.000	239	232	1795
114	-609	88	94	0	0.000	241	234	1798
115	-602	103	88	0	0.000	246	231	1801
116	-595	102	97	0	0.000	239	223	1804
117	-588	88	80	0	0.000	241	235	1807
118	-581	127	88	0	0.000	246	226	1810
119	-574	105	97	0	0.000	250	235	1812
120	-567	78	86	0	0.000	255	233	1815
121	-560	109	88	0	0.000	250	243	1818
122	-553	90	116	0	0.000	247	225	1821
123	-546	109	88	0	0.000	244	233	1824
124	-539	112	93	0	0.000	250	225	1827
125	-532	87	82	0	0.000	248	226	1830
126	-525	89	85	0	0.000	243	237	1833
127	-518	93	101	0	0.000	231	222	1835
128	-511	97	104	0	0.000	238	225	1838
129	-504	88	102	0	0.000	237	245	1841
130	-497	106	107	0	0.000	236	232	1844
131	-490	89	89	0	0.000	224	242	1847
132	-483	87	97	0	0.000	230	232	1850
133	-476	91	91	0	0.000	235	240	1853
134	-469	97	109	0	0.000	237	228	1855
135	-462	94	103	0	0.000	240	224	1858
136	-455	105	97	0	0.000	234	231	1861
137	-448	99	89	0	0.000	234	232	1864
138	-441	98	84	0	0.000	237	235	1867
139	-434	104	84	0	0.000	237	224	1870
140	-427	105	99	0	0.000	238	225	1873
141	-420	91	94	0	0.000	236	231	1876
142	-413	106	100	0	0.000	238	235	1878
143	-406	89	101	0	0.000	234	227	1881
144	-399	86	85	0	0.000	231	227	1884
145	-392	92	103	0	0.000	236	239	1887
146	-385	90	98	0	0.000	238	236	1890
147	-378	102	111	0	0.000	243	218	1893
148	-371	93	98	0	0.000	239	233	1896
149	-364	90	104	0	0.000	249	227	1898
150	-357	100	95	0	0.000	240	230	1901
151	-350	100	102	0	0.000	232	216	1904
152	-343	118	108	0	0.000	241	242	1907
153	-336	91	87	0	0.000	241	230	1910
154	-329	95	121	0	0.000	237	232	1913
155	-322	93	95	0	0.000	226	232	1916
156	-315	78	101	0	0.000	231	235	1919
157	-308	110	96	0	0.000	223	223	1921
158	-301	103	101	0	0.000	228	228	1924
159	-294	89	103	0	0.000	236	231	1927
160	-287	105	108	0	0.000	235	231	1930
161	-280	100	103	0	0.000	233	233	1933
162	-273	92	100	0	0.000	238	223	1936
163	-266	105	85	0	0.000	238	237	1939
164	-259	111	96	0	0.000	238	235	1941
165	-252	89	81	0	0.000	237	236	1944
166	-245	95	94	0	0.000	237	229	1947
167	-238	92	86	0	0.000	251	230	1950
168	-231	89	117	0	0.000	232	257	1953
169	-224	104	75	0	0.000	221	241	1956
170	-217	103	91	0	0.000	227	222	1959
171	-210	95	89	0	0.000	234	222	1962
172	-203	87	111	0	0.000	227	237	1964
173	-196	97	88	0	0.000	232	221	1967
174	-189	75	85	0	0.000	234	231	1970
175	-182	84	83	0	0.000	230	232	1973
176	-175	119	84	0	0.000	232	238	1976
177	-168	109	110	0	0.000	233	241	1979
178	-161	93	95	0	0.000	238	227	1982
179	-154	79	95	0	0.000	242	233	1984
180	-147	94	81	0	0.000	238	234	1987
181	-140	92	103	0	0.000	239	225	1990
182	-133	85	97	0	0.000	241	242	1993
183	-126	91	85	0	0.000	242	237	1996
184	-119	104	101	0	0.000	235	227	1999
185	-112	90	77	0	0.000	237	233	2002
186	-105	94	97	0	0.000	235	226	2005
187	-98	112	97	0	0.000	235	235	2007
188	-91	91	108	0	0.000	235	228	2010
189	-84	63	86	0	0.000	236	227	2013
190	-77	97	80	0	0.000	243	222	2016
191	-70	78	102	0	0.000	241	237	2019
192	-63	109	96	0	0.000	246	238	2022
193	-56	98	94	0	0.000	227	226	2025
194	-49	94	104	0	0.000	226	228	2027
195	-42	93	99	0	0.000	227	230	2030
196	-35	80	79	0	0.000	231	220	2033
197	-28	79	73	0	0.000	234	239	2036
198	-21	97	97	0	0.000	231	234	2039
199	-14	88	106	0	0.000	233	233	2042
200	-7	113	100	0	0.000	232	223	2045
201	-700	102	102	0	0.000	236	234	1761
202	-693	98	96	0	0.000	240	225	1764
203	-686	92	98	0	0.000	229	236	1767
204	-679	97	87	0	0.000	232	230	1769
205	-672	97	78	0	0.000	233	242	1772
206	-665	94	79	0	0.000	237	226	1775
207	-658	91	115	0	0.000	226	233	1778
208	-651	81	114	0	0.000	239	229	1781
209	-644	104	92	0	0.000	244	239	1784
210	-637	88	103	0	0.000	229	213	1787
211	-630	99	80	0	0.000	234	224	1790
212	-623	104	86	0	0.000	236	236	1792
213	-616	92	87	0	0.000	241	226	1795
214	-609	107	98	0	0.000	238	236	1798
215	-602	75	101	0	0.000	243	222	1801
216	-595	97	73	0	0.000	237	232	1804
217	-588	108	108	0	0.000	237	236	1807
