1	-700	39	46	0	0.000	240	229	1761
2	-693	43	27	0	0.000	236	229	1764
3	-686	25	32	0	0.000	247	233	1767
4	-679	24	34	0	0.000	254	246	1769
5	-672	30	46	0	0.000	250	230	1772
6	-665	39	35	0	0.000	249	232	1775
7	-658	40	39	0	0.000	244	229	1778
8	-651	40	48	0	0.000	236	223	1781
9	-644	36	37	0	0.000	235	239	1784
10	-637	54	46	0	0.000	234	233	1787
11	-630	41	35	0	0.000	232	218	1790
12	-623	45	52	0	0.000	242	237	1792
13	-616	34	40	0	0.000	245	234	1795
14	-609	48	40	0	0.000	249	232	1798
15	-602	42	30	0	0.000	258	248	1801
16	-595	49	42	0	0.000	257	231	1804
17	-588	34	51	0	0.000	252	231	1807
18	-581	37	41	0	0.000	251	241	1810
19	-574	50	42	0	0.000	244	243	1812
20	-567	54	45	0	0.000	246	238	1815
21	-560	44	41	0	0.000	234	238	1818
22	-553	48	59	0	0.000	229	235	1821
23	-546	61	52	0	0.000	237	233	1824
24	-539	62	65	0	0.000	238	239	1827
25	-532	52	59	0	0.000	241	226	1830
26	-525	65	58	0	0.000	236	228	1833
27	-518	55	59	0	0.000	238	236	1835
28	-511	56	55	0	0.000	231	239	1838
29	-504	71	71	0	0.000	234	231	1841
30	-497	69	67	0	0.000	235	232	1844
31	-490	79	78	0	0.000	233	235	1847
32	-483	78	70	0	0.000	237	234	1850
33	-476	67	77	0	0.000	239	237	1853
34	-469	73	76	0	0.000	235	237	1855
35	-462	61	60	0	0.000	225	234	1858
36	-455	64	74	0	0.000	227	226	1861
37	-448	79	63	0	0.000	225	232	1864
38	-441	60	71	0	0.000	228	224	1867
39	-434	70	73	0	0.000	233	239	1870
40	-427	72	83	0	0.000	230	233	1873
41	-420	78	75	0	0.000	226	229	1876
42	-413	64	54	0	0.000	222	235	1878
43	-406	77	64	0	0.000	232	241	1881
44	-399	56	71	0	0.000	224	225	1884
45	-392	65	69	0	0.000	221	236	1887
46	-385	66	61	0	0.000	227	219	1890
47	-378	61	75	0	0.000	231	228	1893
48	-371	54	82	0	0.000	225	230	1896
49	-364	76	86	0	0.000	225	222	1898
50	-357	76	80	0	0.000	225	216	1901
51	-350	77	71	0	0.000	219	229	1904
52	-343	106	90	0	0.000	221	219	1907
53	-336	102	91	0	0.000	224	227	1910
54	-329	92	104	0	0.000	230	225	1913
55	-322	98	108	0	0.000	230	235	1916
56	-315	122	116	0	0.000	227	236	1919
57	-308	123	113	0	0.000	229	232	1921
58	-301	134	112	0	0.000	228	236	1924
59	-294	148	112	0	0.000	243	231	1927
60	-287	142	127	0	0.000	243	231	1930
61	-280	136	159	0	0.000	242	237	1933
62	-273	164	161	0	0.000	239	222	1936
63	-266	182	176	0	0.000	245	222	1939
64	-259	155	173	0	0.000	247	229	1941
65	-252	166	165	0	0.000	239	232	1944
66	-245	224	224	0	0.000	241	216	1947
67	-238	227	225	0	0.000	242	234	1950
68	-231	252	235	0	0.000	243	234	1953
69	-224	271	274	0	0.000	244	226	1956
70	-217	282	314	0	0.000	243	237	1959
71	-210	311	302	0	0.000	240	234	1962
72	-203	337	327	0	0.000	235	232	1964
73	-196	340	342	0	0.000	232	228	1967
74	-189	383	366	0	0.000	236	223	1970
75	-182	390	411	0	0.000	240	235	1973
76	-175	380	399	0	0.000	243	243	1976
77	-168	228	224	0	0.000	249	241	1979
78	-161	51	31	0	0.000	244	243	1982
79	-154	42	37	0	0.000	249	237	1984
80	-147	23	41	0	0.000	245	231	1987
81	-140	35	33	0	0.000	235	245	1990
82	-133	39	40	0	0.000	246	225	1993
83	-126	34	36	0	0.000	246	240	1996
84	-119	38	38	0	0.000	246	220	1999
85	-112	24	20	0	0.000	248	232	2002
86	-105	29	27	0	0.000	254	240	2005
87	-98	31	38	0	0.000	254	223	2007
88	-91	28	25	0	0.000	249	236	2010
89	-84	24	23	0	0.000	250	220	2013
90	-77	17	20	0	0.000	243	239	2016
91	-70	22	21	0	0.000	247	226	2019
92	-63	24	28	0	0.000	246	236	2022
93	-56	27	33	0	0.000	243	246	2025
94	-49	35	40	0	0.000	244	235	2027
95	-42	23	25	0	0.000	244	231	2030
96	-35	23	24	0	0.000	256	233	2033
97	-28	30	25	0	0.000	255	228	2036
98	-21	25	29	0	0.000	249	235	2039
99	-14	31	24	0	0.000	247	243	2042
100	-7	19	20	0	0.000	247	228	2045
101	-700	14	11	0	0.000	236	243	1761
102	-693	12	14	0	0.000	230	228	1764
103	-686	24	11	0	0.000	251	223	1767
104	-679	12	17	0	0.000	245	222	1769
105	-672	13	11	0	0.000	250	228	1772
106	-665	19	6	0	0.000	240	231	1775
107	-658	14	20	0	0.000	235	222	1778
108	-651	17	21	0	0.000	226	233	1781
109	-644	11	11	0	0.000	233	221	1784
110	-637	17	19	0	0.000	224	230	1787
111	-630	17	17	0	0.000	224	233	1790
112	-623	17	9	0	0.000	227	235	1792
113	-616	16	7	0	0.000	227	230	1795
114	-609	20	10	0	0.000	229	237	1798
115	-602	12	8	0	0.000	232	227	1801
116	-595	13	13	0	0.000	236	216	1804
117	-588	16	19	0	0.000	234	227	1807
118	-581	15	17	0	0.000	235	227	1810
119	-574	21	12	0	0.000	236	232	1812
120	-567	17	15	0	0.000	232	241	1815
121	-560	10	13	0	0.000	229	233	1818
122	-553	11	16	0	0.000	234	234	1821
123	-546	17	12	0	0.000	245	224	1824
124	-539	11	10	0	0.000	240	230	1827
125	-532	17	12	0	0.000	237	235	1830
126	-525	15	14	0	0.000	238	222	1833
127	-518	19	16	0	0.000	234	228	1835
128	-511	15	15	0	0.000	228	236	1838
129	-504	17	20	0	0.000	238	241	1841
130	-497	12	22	0	0.000	239	231	1844
131	-490	14	16	0	0.000	233	230	1847
132	-483	9	18	0	0.000	243	225	1850
133	-476	10	16	0	0.000	233	236	1853
134	-469	13	14	0	0.000	239	226	1855
135	-462	13	16	0	0.000	235	220	1858
136	-455	13	16	0	0.000	218	232	1861
137	-448	10	11	0	0.000	228	229	1864
138	-441	13	10	0	0.000	235	227	1867
139	-434	16	12	0	0.000	244	226	1870
140	-427	6	16	0	0.000	241	222	1873
141	-420	15	8	0	0.000	240	236	1876
142	-413	10	19	0	0.000	240	222	1878
143	-406	13	17	0	0.000	233	232	1881
144	-399	12	11	0	0.000	242	224	1884
145	-392	13	14	0	0.000	249	243	1887
146	-385	15	12	0	0.000	246	231	1890
147	-378	15	17	0	0.000	255	247	1893
148	-371	14	9	0	0.000	254	231	1896
149	-364	12	8	0	0.000	253	224	1898
150	-357	14	14	0	0.000	245	221	1901
151	-350	20	14	0	0.000	233	235	1904
152	-343	12	13	0	0.000	236	235	1907
153	-336	8	9	0	0.000	238	222	1910
154	-329	11	13	0	0.000	239	241	1913
155	-322	14	15	0	0.000	246	246	1916
156	-315	17	17	0	0.000	251	231	1919
157	-308	12	15	0	0.000	240	233	1921
158	-301	16	15	0	0.000	254	241	1924
159	-294	12	12	0	0.000	249	233	1927
160	-287	11	13	0	0.000	244	233	1930
161	-280	23	11	0	0.000	239	234	1933
162	-273	14	13	0	0.000	244	229	1936
163	-266	12	13	0	0.000	245	237	1939
164	-259	11	10	0	0.000	241	223	1941
165	-252	15	9	0	0.000	243	233	1944
166	-245	7	12	0	0.000	249	221	1947
167	-238	15	10	0	0.000	251	241	1950
168	-231	14	18	0	0.000	251	227	1953
169	-224	17	12	0	0.000	251	241	1956
170	-217	19	14	0	0.000	251	228	1959
171	-210	15	11	0	0.000	250	228	1962
172	-203	11	11	0	0.000	245	226	1964
173	-196	17	12	0	0.000	232	221	1967
174	-189	9	13	0	0.000	229	226	1970
175	-182	20	21	0	0.000	231	236	1973
176	-175	17	12	0	0.000	231	232	1976
177	-168	11	15	0	0.000	231	221	1979
178	-161	18	11	0	0.000	238	244	1982
179	-154	12	20	0	0.000	250	238	1984
180	-147	13	11	0	0.000	254	239	1987
181	-140	16	11	0	0.000	253	230	1990
182	-133	7	20	0	0.000	252	238	1993
183	-126	10	17	0	0.000	251	219	1996
184	-119	8	14	0	0.000	247	231	1999
185	-112	9	15	0	0.000	247	233	2002
186	-105	16	13	0	0.000	244	225	2005
187	-98	14	13	0	0.000	249	227	2007
188	-91	13	9	0	0.000	250	219	2010
189	-84	17	9	0	0.000	241	220	2013
190	-77	10	9	0	0.000	242	237	2016
191	-70	13	16	0	0.000	245	241	2019
192	-63	18	20	0	0.000	248	236	2022
193	-56	17	23	0	0.000	244	235	2025
194	-49	12	11	0	0.000	237	229	2027
195	-42	7	20	0	0.000	245	236	2030
196	-35	19	14	0	0.000	243	237	2033
197	-28	18	20	0	0.000	246	240	2036
198	-21	11	16	0	0.000	249	234	2039
199	-14	5	18	0	0.000	248	231	2042
200	-7	15	10	0	0.000	245	231	2045
201	-700	24	15	0	0.000	250	235	1761
202	-693	18	13	0	0.000	253	231	1764
203	-686	13	14	0	0.000	242	233	1767
204	-679	11	10	0	0.000	243	227	1769
205	-672	14	14	0	0.000	240	226	1772
206	-665	13	15	0	0.000	242	225	1775
207	-658	25	20	0	0.000	245	238	1778
208	-651	15	12	0	0.000	243	223	1781
