1	-700	330	326	0	0.000	214	212	1761
2	-694	317	287	0	0.000	219	207	1763
3	-687	297	305	0	0.000	236	212	1766
4	-680	286	349	0	0.000	230	216	1769
5	-674	326	295	0	0.000	218	206	1771
6	-668	333	358	0	0.000	222	208	1774
7	-661	327	368	0	0.000	224	206	1777
8	-654	380	365	0	0.000	223	208	1780
9	-648	313	355	0	0.000	216	211	1782
10	-642	369	351	0	0.000	216	206	1785
11	-635	370	370	0	0.000	222	209	1787
12	-628	363	388	0	0.000	224	228	1790
13	-622	355	372	0	0.000	218	208	1793
14	-616	360	344	0	0.000	218	203	1795
15	-609	360	365	0	0.000	214	214	1798
16	-602	377	393	0	0.000	217	204	1801
17	-596	380	378	0	0.000	210	214	1803
18	-590	386	392	0	0.000	212	216	1806
19	-583	375	341	0	0.000	211	203	1809
20	-576	404	362	0	0.000	215	214	1812
21	-570	384	398	0	0.000	210	194	1814
22	-564	405	400	0	0.000	212	209	1817
23	-557	426	424	0	0.000	214	208	1819
24	-550	401	444	0	0.000	212	198	1822
25	-544	444	433	0	0.000	217	199	1825
26	-538	436	445	0	0.000	216	211	1827
27	-531	453	430	0	0.000	221	215	1830
28	-524	449	434	0	0.000	223	218	1833
29	-518	469	456	0	0.000	221	201	1835
30	-512	459	457	0	0.000	213	214	1838
31	-505	484	463	0	0.000	214	214	1841
32	-498	440	438	0	0.000	215	215	1844
33	-492	472	413	0	0.000	217	212	1846
34	-486	392	461	0	0.000	214	206	1848
35	-479	428	459	0	0.000	222	205	1851
36	-472	429	402	0	0.000	225	196	1854
37	-466	417	415	0	0.000	217	218	1857
38	-460	401	403	0	0.000	217	205	1859
39	-453	370	372	0	0.000	212	218	1862
40	-446	410	435	0	0.000	211	205	1865
41	-440	418	441	0	0.000	205	200	1867
42	-434	442	480	0	0.000	214	203	1870
43	-427	432	428	0	0.000	213	212	1873
44	-420	389	404	0	0.000	204	213	1876
45	-414	387	396	0	0.000	207	210	1878
46	-408	393	422	0	0.000	205	207	1880
47	-401	369	378	0	0.000	197	200	1883
48	-394	398	420	0	0.000	195	212	1886
49	-388	437	447	0	0.000	197	214	1889
50	-382	424	479	0	0.000	201	216	1891
51	-375	450	519	0	0.000	202	207	1894
52	-368	494	531	0	0.000	201	203	1897
53	-362	565	537	0	0.000	201	218	1899
54	-356	594	574	0	0.000	200	215	1902
55	-349	622	664	0	0.000	208	202	1905
56	-342	650	667	0	0.000	206	202	1907
57	-336	698	735	0	0.000	209	211	1910
58	-330	713	659	0	0.000	209	210	1912
59	-323	773	760	0	0.000	224	197	1915
60	-317	820	773	0	0.000	221	220	1918
61	-310	779	840	0	0.000	216	211	1921
62	-304	884	861	0	0.000	218	203	1923
63	-297	898	868	0	0.000	225	199	1926
64	-290	935	977	0	0.000	223	221	1929
65	-284	873	917	0	0.000	230	200	1931
66	-278	973	1038	0	0.000	215	218	1934
67	-271	1074	1049	0	0.000	209	208	1937
68	-264	1005	1049	0	0.000	209	216	1939
69	-258	1121	1108	0	0.000	209	214	1942
70	-252	1155	1153	0	0.000	213	198	1944
71	-245	1098	1130	0	0.000	211	198	1947
72	-238	1178	1183	0	0.000	214	206	1950
73	-232	1170	1197	0	0.000	213	203	1952
74	-226	1279	1269	0	0.000	222	203	1955
75	-219	1224	1277	0	0.000	217	213	1958
76	-212	1296	1307	0	0.000	216	216	1961
77	-206	1300	1334	0	0.000	217	220	1963
78	-200	1301	1325	0	0.000	220	216	1966
79	-193	1344	1364	0	0.000	229	193	1968
80	-186	1359	1392	0	0.000	215	212	1971
81	-180	1389	1346	0	0.000	214	197	1974
82	-174	1409	1399	0	0.000	205	202	1976
83	-167	1463	1332	0	0.000	209	202	1979
84	-160	1347	1335	0	0.000	213	205	1982
85	-154	1354	1387	0	0.000	208	189	1984
86	-148	1436	1291	0	0.000	207	200	1987
87	-141	1240	1206	0	0.000	209	202	1990
88	-134	869	920	0	0.000	205	194	1993
89	-128	585	550	0	0.000	205	198	1995
90	-122	533	586	0	0.000	205	215	1998
91	-115	518	465	0	0.000	217	192	2000
92	-108	379	414	0	0.000	212	211	2003
93	-102	288	305	0	0.000	210	205	2006
94	-96	302	279	0	0.000	215	196	2008
95	-89	266	247	0	0.000	218	194	2011
96	-82	283	266	0	0.000	221	211	2014
97	-76	277	296	0	0.000	217	203	2016
98	-70	243	223	0	0.000	216	193	2019
99	-63	137	156	0	0.000	201	202	2022
100	-56	169	152	0	0.000	198	196	2025
101	-700	175	165	0	0.000	200	194	1761
102	-694	159	172	0	0.000	206	197	1763
103	-687	176	135	0	0.000	204	201	1766
104	-680	181	183	0	0.000	212	195	1769
105	-674	146	159	0	0.000	212	196	1771
106	-668	152	162	0	0.000	206	198	1774
107	-661	157	164	0	0.000	205	194	1777
108	-654	174	202	0	0.000	206	193	1780
109	-648	159	173	0	0.000	201	204	1782
110	-642	164	166	0	0.000	204	192	1785
111	-635	176	147	0	0.000	201	197	1787
112	-628	181	166	0	0.000	205	196	1790
113	-622	153	171	0	0.000	199	199	1793
114	-616	156	156	0	0.000	212	198	1795
115	-609	177	184	0	0.000	218	201	1798
116	-602	178	180	0	0.000	207	204	1801
117	-596	137	170	0	0.000	209	192	1803
118	-590	165	175	0	0.000	210	196	1806
119	-583	185	151	0	0.000	213	202	1809
120	-576	147	171	0	0.000	218	206	1812
121	-570	162	165	0	0.000	211	196	1814
122	-564	187	176	0	0.000	210	205	1817
123	-557	152	180	0	0.000	210	200	1819
124	-550	161	160	0	0.000	210	195	1822
125	-544	177	139	0	0.000	210	204	1825
126	-538	163	168	0	0.000	205	194	1827
127	-531	179	174	0	0.000	206	200	1830
128	-524	170	172	0	0.000	208	193	1833
129	-518	144	155	0	0.000	207	203	1835
130	-512	175	160	0	0.000	204	200	1838
131	-505	187	159	0	0.000	207	193	1841
132	-498	162	172	0	0.000	208	197	1844
133	-492	154	162	0	0.000	210	198	1846
134	-486	171	170	0	0.000	219	199	1848
135	-479	153	160	0	0.000	221	202	1851
136	-472	175	163	0	0.000	222	204	1854
137	-466	159	158	0	0.000	217	218	1857
138	-460	172	152	0	0.000	216	209	1859
139	-453	168	160	0	0.000	213	195	1862
140	-446	169	150	0	0.000	212	194	1865
141	-440	165	151	0	0.000	207	194	1867
142	-434	153	173	0	0.000	199	205	1870
143	-427	161	162	0	0.000	198	201	1873
144	-420	146	144	0	0.000	204	197	1876
145	-414	173	150	0	0.000	208	200	1878
146	-408	170	182	0	0.000	193	207	1880
147	-401	156	136	0	0.000	201	195	1883
148	-394	173	187	0	0.000	207	196	1886
149	-388	178	150	0	0.000	196	201	1889
150	-382	146	162	0	0.000	196	201	1891
151	-375	167	168	0	0.000	202	198	1894
152	-368	159	176	0	0.000	202	204	1897
153	-362	160	167	0	0.000	202	198	1899
154	-356	168	166	0	0.000	199	193	1902
155	-349	171	166	0	0.000	204	210	1905
156	-342	150	156	0	0.000	199	197	1907
157	-336	137	163	0	0.000	203	184	1910
158	-330	177	161	0	0.000	205	188	1912
159	-323	141	146	0	0.000	200	214	1915
160	-317	167	154	0	0.000	205	202	1918
161	-310	176	155	0	0.000	206	210	1921
162	-304	161	186	0	0.000	207	196	1923
163	-297	149	153	0	0.000	213	202	1926
164	-290	180	171	0	0.000	206	204	1929
165	-284	176	182	0	0.000	200	200	1931
166	-278	164	180	0	0.000	203	201	1934
167	-271	184	158	0	0.000	204	200	1937
168	-264	145	157	0	0.000	198	200	1939
169	-258	166	160	0	0.000	198	197	1942
170	-252	170	170	0	0.000	212	203	1944
171	-245	166	176	0	0.000	209	198	1947
172	-238	135	154	0	0.000	202	187	1950
173	-232	163	192	0	0.000	199	196	1952
174	-226	179	191	0	0.000	206	202	1955
175	-219	151	174	0	0.000	211	199	1958
176	-212	172	152	0	0.000	215	203	1961
177	-206	154	142	0	0.000	221	202	1963
178	-200	137	140	0	0.000	216	194	1966
179	-193	161	168	0	0.000	213	207	1968
180	-186	149	183	0	0.000	206	210	1971
181	-180	173	152	0	0.000	203	179	1974
182	-174	145	155	0	0.000	198	196	1976
183	-167	148	160	0	0.000	197	198	1979
184	-160	180	168	0	0.000	202	213	1982
185	-154	170	174	0	0.000	208	203	1984
186	-148	166	167	0	0.000	202	202	1987
187	-141	174	152	0	0.000	197	208	1990
188	-134	171	138	0	0.000	199	203	1993
189	-128	156	166	0	0.000	203	191	1995
190	-122	169	160	0	0.000	203	199	1998
191	-115	157	154	0	0.000	196	202	2000
192	-108	165	184	0	0.000	196	203	2003
193	-102	160	173	0	0.000	198	191	2006
194	-96	178	170	0	0.000	192	202	2008
195	-89	177	148	0	0.000	200	206	2011
196	-82	163	145	0	0.000	202	202	2014
197	-76	153	177	0	0.000	191	210	2016
198	-70	160	175	0	0.000	200	215	2019
199	-63	165	146	0	0.000	193	208	2022
200	-56	175	185	0	0.000	197	207	2025
201	-700	180	150	0	0.000	204	212	1761
202	-694	140	152	0	0.000	205	205	1763
203	-687	176	181	0	0.000	210	216	1766
204	-680	161	163	0	0.000	203	223	1769
205	-674	153	165	0	0.000	219	209	1771
206	-668	143	168	0	0.000	219	219	1774
207	-661	167	164	0	0.000	217	207	1777
208	-654	162	169	0	0.000	212	216	1780
209	-648	173	163	0	0.000	218	219	1782
210	-642	160	170	0	0.000	206	213	1785
211	-635	153	155	0	0.000	207	215	1787
212	-628	167	162	0	0.000	202	208	1790
213	-622	179	160	0	0.000	211	202	1793
214	-616	171	161	0	0.000	212	212	1795
215	-609	156	167	0	0.000	213	210	1798
216	-602	157	143	0	0.000	208	216	1801
217	-596	172	154	0	0.000	208	199	1803
218	-590	160	175	0	0.000	207	203	1806
219	-583	169	163	0	0.000	210	205	1809
220	-576	177	169	0	0.000	225	209	1812
221	-570	152	174	0	0.000	218	201	1814
222	-564	171	203	0	0.000	211	220	1817
223	-557	176	168	0	0.000	214	213	1819
224	-550	173	159	0	0.000	214	208	1822
225	-544	170	156	0	0.000	214	209	1825
226	-538	145	166	0	0.000	220	211	1827
227	-531	171	162	0	0.000	223	207	1830
228	-524	159	159	0	0.000	220	211	1833
229	-518	160	174	0	0.000	214	203	1835
230	-512	164	168	0	0.000	214	204	1838
231	-505	164	176	0	0.000	215	209	1841
232	-498	144	136	0	0.000	208	211	1844
233	-492	160	184	0	0.000	213	204	1846
234	-486	164	162	0	0.000	216	213	1848
235	-479	177	139	0	0.000	201	194	1851
236	-472	169	170	0	0.000	203	195	1854
237	-466	148	188	0	0.000	210	201	1857
238	-460	149	148	0	0.000	210	202	1859
239	-453	166	174	0	0.000	217	220	1862
240	-446	163	172	0	0.000	203	207	1865
241	-440	172	152	0	0.000	218	208	1867
242	-434	187	145	0	0.000	218	198	1870
243	-427	172	167	0	0.000	224	201	1873
244	-420	142	161	0	0.000	211	195	1876
245	-414	174	156	0	0.000	213	196	1878
246	-408	186	151	0	0.000	214	193	1880
247	-401	171	156	0	0.000	224	212	1883
248	-394	166	162	0	0.000	223	222	1886
249	-388	171	152	0	0.000	228	210	1889
250	-382	190	149	0	0.000	223	209	1891
251	-375	165	212	0	0.000	216	206	1894
252	-368	168	161	0	0.000	209	203	1897
253	-362	159	185	0	0.000	205	198	1899
254	-356	190	174	0	0.000	203	199	1902
255	-349	158	154	0	0.000	201	212	1905
256	-342	157	163	0	0.000	212	205	1907
257	-336	171	158	0	0.000	216	212	1910
258	-330	150	178	0	0.000	216	205	1912
259	-323	158	161	0	0.000	210	208	1915
260	-317	176	178	0	0.000	220	193	1918
261	-310	143	183	0	0.000	219	213	1921
262	-304	131	152	0	0.000	216	199	1923
263	-297	172	170	0	0.000	215	200	1926
264	-290	177	167	0	0.000	210	204	1929
265	-284	146	200	0	0.000	204	211	1931
266	-278	167	203	0	0.000	207	203	1934
267	-271	157	150	0	0.000	206	198	1937
268	-264	170	156	0	0.000	206	201	1939
269	-258	179	150	0	0.000	213	210	1942
270	-252	157	174	0	0.000	212	200	1944
271	-245	143	155	0	0.000	214	209	1947
272	-238	164	151	0	0.000	212	199	1950
273	-232	168	169	0	0.000	210	197	1952
274	-226	187	173	0	0.000	216	199	1955
275	-219	188	135	0	0.000	209	203	1958
276	-212	161	159	0	0.000	197	191	1961
277	-206	149	164	0	0.000	206	192	1963
278	-200	166	182	0	0.000	209	199	1966
279	-193	149	180	0	0.000	206	193	1968
280	-186	132	163	0	0.000	199	192	1971
281	-180	140	177	0	0.000	198	206	1974
282	-174	150	154	0	0.000	196	200	1976
283	-167	154	138	0	0.000	205	196	1979
