1	-700	248	275	0	0.000	238	231	1761
2	-694	199	282	0	0.000	239	244	1763
3	-687	253	270	0	0.000	233	222	1766
4	-680	279	266	0	0.000	228	238	1769
5	-674	270	260	0	0.000	231	238	1771
6	-668	294	315	0	0.000	235	231	1774
7	-661	282	294	0	0.000	230	234	1777
8	-654	295	316	0	0.000	227	228	1780
9	-648	301	291	0	0.000	231	232	1782
10	-642	284	270	0	0.000	234	223	1785
11	-635	271	267	0	0.000	241	237	1787
12	-628	276	276	0	0.000	249	214	1790
13	-622	301	287	0	0.000	247	237	1793
14	-616	304	290	0	0.000	244	227	1795
15	-609	317	312	0	0.000	239	231	1798
16	-602	345	301	0	0.000	242	248	1801
17	-596	314	317	0	0.000	240	225	1803
18	-590	319	312	0	0.000	236	231	1806
19	-583	347	325	0	0.000	242	231	1809
20	-576	343	320	0	0.000	250	230	1812
21	-570	289	282	0	0.000	250	223	1814
22	-564	358	293	0	0.000	249	222	1817
23	-557	315	312	0	0.000	244	238	1819
24	-550	337	269	0	0.000	243	226	1822
25	-544	329	329	0	0.000	252	236	1825
26	-538	356	345	0	0.000	241	240	1827
27	-531	323	343	0	0.000	241	243	1830
28	-524	360	358	0	0.000	242	224	1833
29	-518	377	367	0	0.000	240	229	1835
30	-512	343	381	0	0.000	239	234	1838
31	-505	333	353	0	0.000	232	241	1841
32	-498	388	396	0	0.000	234	226	1844
33	-492	375	373	0	0.000	229	237	1846
34	-486	401	386	0	0.000	228	235	1848
35	-479	364	407	0	0.000	228	238	1851
36	-472	373	366	0	0.000	234	228	1854
37	-466	384	403	0	0.000	229	239	1857
38	-460	359	402	0	0.000	232	226	1859
39	-453	405	421	0	0.000	232	238	1862
40	-446	424	421	0	0.000	235	233	1865
41	-440	414	443	0	0.000	234	224	1867
42	-434	376	467	0	0.000	228	230	1870
43	-427	412	455	0	0.000	237	229	1873
44	-420	396	466	0	0.000	241	222	1876
45	-414	391	453	0	0.000	242	229	1878
46	-408	386	493	0	0.000	239	227	1880
47	-401	379	580	0	0.000	244	237	1883
48	-394	399	524	0	0.000	239	226	1886
49	-388	409	503	0	0.000	236	233	1889
50	-382	383	569	0	0.000	244	230	1891
51	-375	433	475	0	0.000	246	229	1894
52	-368	453	501	0	0.000	247	241	1897
53	-362	478	505	0	0.000	248	247	1899
54	-356	526	557	0	0.000	244	241	1902
55	-349	579	571	0	0.000	236	233	1905
56	-342	550	502	0	0.000	241	225	1907
57	-336	585	583	0	0.000	245	223	1910
58	-330	595	608	0	0.000	244	221	1912
59	-323	655	620	0	0.000	237	224	1915
60	-317	666	657	0	0.000	245	224	1918
61	-310	659	668	0	0.000	247	226	1921
62	-304	703	716	0	0.000	249	239	1923
63	-297	749	781	0	0.000	253	235	1926
64	-290	761	744	0	0.000	250	238	1929
65	-284	791	758	0	0.000	247	238	1931
66	-278	852	759	0	0.000	238	236	1934
67	-271	819	822	0	0.000	244	240	1937
68	-264	849	844	0	0.000	243	227	1939
69	-258	922	877	0	0.000	241	224	1942
70	-252	950	919	0	0.000	241	232	1944
71	-245	972	983	0	0.000	239	222	1947
72	-238	1044	1001	0	0.000	240	220	1950
73	-232	1012	994	0	0.000	245	238	1952
74	-226	1060	1045	0	0.000	248	234	1955
75	-219	1119	1139	0	0.000	242	229	1958
76	-212	1112	1179	0	0.000	244	234	1961
77	-206	1142	1127	0	0.000	242	224	1963
78	-200	1127	1171	0	0.000	245	238	1966
79	-193	1152	1155	0	0.000	246	238	1968
80	-186	1046	1139	0	0.000	242	233	1971
81	-180	1055	1051	0	0.000	242	236	1974
82	-174	1005	929	0	0.000	243	236	1976
83	-167	1063	866	0	0.000	235	233	1979
84	-160	803	830	0	0.000	236	242	1982
85	-154	836	786	0	0.000	230	229	1984
86	-148	657	626	0	0.000	236	232	1987
87	-141	636	665	0	0.000	247	226	1990
88	-134	429	450	0	0.000	248	217	1993
89	-128	326	346	0	0.000	253	222	1995
90	-122	244	250	0	0.000	248	232	1998
91	-115	272	296	0	0.000	244	235	2000
92	-108	278	269	0	0.000	242	224	2003
93	-102	231	257	0	0.000	246	239	2006
94	-96	206	198	0	0.000	243	235	2008
95	-89	192	200	0	0.000	253	238	2011
96	-82	184	243	0	0.000	251	237	2014
97	-76	194	181	0	0.000	262	224	2016
98	-70	202	171	0	0.000	261	232	2019
99	-63	144	168	0	0.000	245	225	2022
100	-56	157	205	0	0.000	239	224	2025
101	-700	99	97	0	0.000	243	229	1761
102	-694	81	94	0	0.000	237	235	1763
103	-687	94	108	0	0.000	237	243	1766
104	-680	81	105	0	0.000	229	235	1769
105	-674	107	89	0	0.000	232	238	1771
106	-668	91	98	0	0.000	234	245	1774
107	-661	97	76	0	0.000	238	233	1777
108	-654	95	105	0	0.000	240	221	1780
109	-648	96	90	0	0.000	243	240	1782
110	-642	95	105	0	0.000	244	228	1785
111	-635	119	90	0	0.000	244	231	1787
112	-628	120	95	0	0.000	244	246	1790
113	-622	103	111	0	0.000	231	228	1793
114	-616	95	120	0	0.000	235	236	1795
115	-609	94	94	0	0.000	244	222	1798
116	-602	114	107	0	0.000	244	232	1801
117	-596	92	98	0	0.000	244	234	1803
118	-590	100	107	0	0.000	244	228	1806
119	-583	96	109	0	0.000	242	228	1809
120	-576	102	91	0	0.000	242	244	1812
121	-570	91	116	0	0.000	235	230	1814
122	-564	102	88	0	0.000	231	232	1817
123	-557	122	83	0	0.000	240	230	1819
124	-550	96	81	0	0.000	238	243	1822
125	-544	103	97	0	0.000	233	222	1825
126	-538	95	101	0	0.000	233	233	1827
127	-531	82	101	0	0.000	233	243	1830
128	-524	90	93	0	0.000	231	231	1833
129	-518	112	115	0	0.000	234	238	1835
130	-512	109	92	0	0.000	231	235	1838
131	-505	100	94	0	0.000	233	228	1841
132	-498	94	104	0	0.000	228	225	1844
133	-492	99	118	0	0.000	232	239	1846
134	-486	82	100	0	0.000	228	229	1848
135	-479	108	99	0	0.000	237	236	1851
136	-472	91	98	0	0.000	243	222	1854
137	-466	86	94	0	0.000	243	251	1857
138	-460	94	120	0	0.000	246	232	1859
139	-453	112	92	0	0.000	246	243	1862
140	-446	75	88	0	0.000	248	230	1865
141	-440	121	101	0	0.000	249	237	1867
142	-434	92	103	0	0.000	245	232	1870
143	-427	94	107	0	0.000	236	231	1873
144	-420	106	97	0	0.000	236	233	1876
145	-414	96	108	0	0.000	233	246	1878
146	-408	96	93	0	0.000	235	231	1880
147	-401	87	79	0	0.000	243	228	1883
148	-394	106	86	0	0.000	240	227	1886
149	-388	96	96	0	0.000	242	237	1889
150	-382	110	94	0	0.000	243	232	1891
151	-375	91	98	0	0.000	248	238	1894
152	-368	116	78	0	0.000	251	231	1897
153	-362	109	104	0	0.000	252	238	1899
154	-356	118	90	0	0.000	244	233	1902
155	-349	101	95	0	0.000	238	228	1905
156	-342	101	92	0	0.000	227	225	1907
157	-336	84	101	0	0.000	231	228	1910
158	-330	96	94	0	0.000	232	228	1912
159	-323	110	99	0	0.000	237	227	1915
160	-317	104	103	0	0.000	226	236	1918
161	-310	109	101	0	0.000	230	230	1921
162	-304	87	106	0	0.000	235	226	1923
163	-297	89	105	0	0.000	235	232	1926
164	-290	109	96	0	0.000	233	231	1929
165	-284	94	99	0	0.000	231	231	1931
166	-278	110	99	0	0.000	227	233	1934
167	-271	93	93	0	0.000	220	234	1937
168	-264	93	104	0	0.000	224	233	1939
169	-258	90	98	0	0.000	234	229	1942
170	-252	89	89	0	0.000	233	233	1944
171	-245	91	104	0	0.000	228	222	1947
172	-238	114	92	0	0.000	226	255	1950
173	-232	98	109	0	0.000	249	248	1952
174	-226	95	93	0	0.000	246	250	1955
175	-219	110	82	0	0.000	243	230	1958
176	-212	116	112	0	0.000	241	237	1961
177	-206	88	99	0	0.000	239	240	1963
178	-200	100	115	0	0.000	231	238	1966
179	-193	97	87	0	0.000	243	227	1968
180	-186	99	98	0	0.000	244	227	1971
181	-180	100	108	0	0.000	234	229	1974
182	-174	100	76	0	0.000	241	229	1976
183	-167	97	104	0	0.000	246	234	1979
184	-160	106	94	0	0.000	255	223	1982
185	-154	91	111	0	0.000	246	237	1984
186	-148	104	87	0	0.000	241	225	1987
187	-141	97	118	0	0.000	242	237	1990
188	-134	111	106	0	0.000	246	244	1993
189	-128	95	103	0	0.000	251	225	1995
190	-122	85	105	0	0.000	250	232	1998
191	-115	119	101	0	0.000	243	232	2000
192	-108	87	87	0	0.000	246	230	2003
193	-102	101	91	0	0.000	245	231	2006
194	-96	97	98	0	0.000	242	224	2008
195	-89	99	102	0	0.000	245	233	2011
196	-82	100	92	0	0.000	240	238	2014
197	-76	92	93	0	0.000	250	221	2016
198	-70	86	105	0	0.000	254	246	2019
199	-63	112	92	0	0.000	246	226	2022
200	-56	102	85	0	0.000	246	235	2025
201	-700	102	102	0	0.000	236	220	1761
202	-694	87	104	0	0.000	254	219	1763
203	-687	88	87	0	0.000	260	244	1766
204	-680	93	74	0	0.000	259	238	1769
205	-674	79	84	0	0.000	253	228	1771
206	-668	91	100	0	0.000	252	227	1774
207	-661	105	96	0	0.000	235	236	1777
208	-654	83	94	0	0.000	238	239	1780
209	-648	103	109	0	0.000	236	243	1782
210	-642	109	85	0	0.000	241	222	1785
