1	-700	150	134	0	0.000	235	236	1761
2	-694	140	160	0	0.000	231	231	1763
3	-687	176	156	0	0.000	233	226	1766
4	-680	145	173	0	0.000	237	228	1769
5	-674	170	153	0	0.000	242	235	1771
6	-668	163	143	0	0.000	239	232	1774
7	-661	134	171	0	0.000	238	221	1777
8	-654	160	153	0	0.000	237	215	1780
9	-648	136	157	0	0.000	238	227	1782
10	-642	196	182	0	0.000	234	222	1785
11	-635	194	154	0	0.000	239	234	1787
12	-628	143	162	0	0.000	243	239	1790
13	-622	184	178	0	0.000	241	238	1793
14	-616	179	162	0	0.000	242	220	1795
15	-609	171	188	0	0.000	237	240	1798
16	-602	190	187	0	0.000	232	226	1801
17	-596	211	176	0	0.000	236	232	1803
18	-590	182	188	0	0.000	241	237	1806
19	-583	212	184	0	0.000	253	225	1809
20	-576	204	204	0	0.000	243	246	1812
21	-570	191	197	0	0.000	245	233	1814
22	-564	215	195	0	0.000	234	234	1817
23	-557	185	205	0	0.000	237	227	1819
24	-550	241	199	0	0.000	240	233	1822
25	-544	213	218	0	0.000	248	235	1825
26	-538	223	238	0	0.000	253	222	1827
27	-531	223	261	0	0.000	248	225	1830
28	-524	236	233	0	0.000	247	222	1833
29	-518	262	253	0	0.000	248	232	1835
30	-512	230	257	0	0.000	241	229	1838
31	-505	252	258	0	0.000	248	219	1841
32	-498	277	272	0	0.000	245	241	1844
33	-492	270	285	0	0.000	244	235	1846
34	-486	265	258	0	0.000	244	224	1848
35	-479	265	273	0	0.000	244	235	1851
36	-472	295	287	0	0.000	241	230	1854
37	-466	235	268	0	0.000	240	236	1857
38	-460	243	243	0	0.000	252	225	1859
39	-453	288	313	0	0.000	245	237	1862
40	-446	248	231	0	0.000	236	237	1865
41	-440	256	243	0	0.000	240	218	1867
42	-434	244	205	0	0.000	243	238	1870
43	-427	218	219	0	0.000	244	240	1873
44	-420	227	251	0	0.000	247	237	1876
45	-414	300	308	0	0.000	242	229	1878
46	-408	230	231	0	0.000	234	235	1880
47	-401	245	246	0	0.000	232	217	1883
48	-394	298	289	0	0.000	233	204	1886
49	-388	308	296	0	0.000	232	213	1889
50	-382	300	298	0	0.000	226	204	1891
51	-375	248	274	0	0.000	231	212	1894
52	-368	300	281	0	0.000	231	207	1897
53	-362	334	332	0	0.000	229	208	1899
54	-356	347	357	0	0.000	220	215	1902
55	-349	327	352	0	0.000	209	208	1905
56	-342	343	333	0	0.000	211	207	1907
57	-336	373	383	0	0.000	217	204	1910
58	-330	424	375	0	0.000	223	209	1912
59	-323	425	421	0	0.000	223	207	1915
60	-317	431	431	0	0.000	220	204	1918
61	-310	495	474	0	0.000	219	210	1921
62	-304	490	525	0	0.000	223	221	1923
63	-297	546	481	0	0.000	231	213	1926
64	-290	489	541	0	0.000	231	195	1929
65	-284	559	561	0	0.000	228	207	1931
66	-278	612	617	0	0.000	231	218	1934
67	-271	633	650	0	0.000	223	203	1937
68	-264	641	638	0	0.000	216	212	1939
69	-258	666	648	0	0.000	215	199	1942
70	-252	703	680	0	0.000	217	197	1944
71	-245	714	736	0	0.000	222	213	1947
72	-238	737	730	0	0.000	224	214	1950
73	-232	802	705	0	0.000	223	212	1952
74	-226	840	840	0	0.000	216	206	1955
75	-219	852	883	0	0.000	222	209	1958
76	-212	907	881	0	0.000	216	206	1961
77	-206	910	903	0	0.000	227	218	1963
78	-200	969	974	0	0.000	231	216	1966
79	-193	961	1006	0	0.000	229	210	1968
80	-186	1019	1037	0	0.000	227	212	1971
81	-180	1057	1039	0	0.000	223	209	1974
82	-174	1037	998	0	0.000	222	209	1976
83	-167	1053	1016	0	0.000	212	209	1979
84	-160	980	879	0	0.000	210	207	1982
85	-154	745	752	0	0.000	214	201	1984
86	-148	724	717	0	0.000	202	214	1987
87	-141	652	731	0	0.000	203	213	1990
88	-134	463	476	0	0.000	213	221	1993
89	-128	335	321	0	0.000	211	213	1995
90	-122	230	237	0	0.000	215	226	1998
91	-115	206	206	0	0.000	220	217	2000
92	-108	152	138	0	0.000	225	214	2003
93	-102	131	128	0	0.000	220	204	2006
94	-96	107	96	0	0.000	220	221	2008
95	-89	125	160	0	0.000	219	206	2011
96	-82	132	127	0	0.000	227	212	2014
97	-76	120	92	0	0.000	220	208	2016
98	-70	75	75	0	0.000	216	210	2019
99	-63	66	60	0	0.000	213	214	2022
100	-56	72	71	0	0.000	218	212	2025
101	-700	70	65	0	0.000	213	217	1761
102	-694	69	69	0	0.000	219	219	1763
103	-687	55	88	0	0.000	235	211	1766
104	-680	67	72	0	0.000	234	216	1769
105	-674	73	55	0	0.000	237	222	1771
106	-668	69	73	0	0.000	240	205	1774
107	-661	66	64	0	0.000	226	214	1777
108	-654	69	73	0	0.000	225	206	1780
109	-648	66	64	0	0.000	212	214	1782
110	-642	85	76	0	0.000	211	212	1785
111	-635	76	96	0	0.000	222	202	1787
112	-628	69	72	0	0.000	224	210	1790
113	-622	78	73	0	0.000	219	224	1793
114	-616	73	57	0	0.000	220	208	1795
115	-609	59	80	0	0.000	226	214	1798
116	-602	60	70	0	0.000	227	205	1801
117	-596	62	80	0	0.000	219	208	1803
118	-590	83	76	0	0.000	218	202	1806
119	-583	67	68	0	0.000	223	203	1809
120	-576	55	63	0	0.000	219	208	1812
121	-570	63	74	0	0.000	230	195	1814
122	-564	83	68	0	0.000	219	203	1817
123	-557	64	75	0	0.000	204	206	1819
124	-550	71	88	0	0.000	207	210	1822
125	-544	80	53	0	0.000	209	206	1825
126	-538	89	80	0	0.000	217	206	1827
127	-531	69	74	0	0.000	222	203	1830
128	-524	62	81	0	0.000	215	216	1833
129	-518	67	60	0	0.000	216	204	1835
130	-512	76	72	0	0.000	204	218	1838
131	-505	67	78	0	0.000	204	209	1841
132	-498	89	66	0	0.000	215	205	1844
133	-492	65	58	0	0.000	216	209	1846
134	-486	75	65	0	0.000	215	207	1848
135	-479	80	61	0	0.000	215	221	1851
136	-472	79	69	0	0.000	214	219	1854
137	-466	69	63	0	0.000	214	204	1857
138	-460	76	73	0	0.000	211	213	1859
139	-453	74	69	0	0.000	210	197	1862
140	-446	67	69	0	0.000	213	211	1865
141	-440	64	86	0	0.000	216	216	1867
142	-434	68	78	0	0.000	214	213	1870
143	-427	77	78	0	0.000	220	212	1873
144	-420	63	73	0	0.000	219	202	1876
145	-414	69	68	0	0.000	215	206	1878
146	-408	77	70	0	0.000	216	215	1880
147	-401	63	86	0	0.000	220	212	1883
148	-394	75	82	0	0.000	222	209	1886
149	-388	79	75	0	0.000	222	208	1889
150	-382	78	72	0	0.000	212	209	1891
151	-375	91	83	0	0.000	210	209	1894
152	-368	69	60	0	0.000	214	224	1897
153	-362	64	57	0	0.000	214	211	1899
154	-356	67	71	0	0.000	215	224	1902
155	-349	57	68	0	0.000	221	200	1905
156	-342	69	67	0	0.000	228	207	1907
157	-336	67	74	0	0.000	218	224	1910
158	-330	82	65	0	0.000	216	205	1912
159	-323	84	71	0	0.000	219	210	1915
160	-317	59	61	0	0.000	216	209	1918
161	-310	79	69	0	0.000	216	212	1921
162	-304	75	64	0	0.000	217	206	1923
163	-297	68	79	0	0.000	216	213	1926
164	-290	68	65	0	0.000	212	201	1929
165	-284	60	55	0	0.000	213	198	1931
166	-278	59	52	0	0.000	215	208	1934
167	-271	48	77	0	0.000	227	198	1937
168	-264	67	65	0	0.000	235	208	1939
169	-258	61	75	0	0.000	231	210	1942
170	-252	73	76	0	0.000	227	201	1944
171	-245	57	69	0	0.000	225	213	1947
172	-238	66	76	0	0.000	213	203	1950
173	-232	55	75	0	0.000	213	200	1952
174	-226	71	86	0	0.000	215	201	1955
175	-219	68	79	0	0.000	213	206	1958
176	-212	68	66	0	0.000	219	209	1961
177	-206	67	69	0	0.000	222	213	1963
178	-200	76	79	0	0.000	227	212	1966
179	-193	71	46	0	0.000	229	197	1968
180	-186	66	61	0	0.000	215	221	1971
181	-180	81	79	0	0.000	216	210	1974
182	-174	72	62	0	0.000	214	202	1976
183	-167	72	65	0	0.000	214	214	1979
184	-160	64	66	0	0.000	215	217	1982
185	-154	69	64	0	0.000	213	207	1984
186	-148	78	87	0	0.000	212	210	1987
187	-141	94	73	0	0.000	212	215	1990
188	-134	71	83	0	0.000	210	205	1993
189	-128	72	60	0	0.000	218	216	1995
190	-122	58	82	0	0.000	224	215	1998
191	-115	78	80	0	0.000	223	206	2000
192	-108	60	84	0	0.000	223	214	2003
193	-102	64	72	0	0.000	222	206	2006
194	-96	77	82	0	0.000	215	213	2008
195	-89	61	53	0	0.000	218	205	2011
196	-82	56	76	0	0.000	218	205	2014
197	-76	79	80	0	0.000	213	202	2016
198	-70	74	69	0	0.000	211	205	2019
199	-63	66	65	0	0.000	214	200	2022
200	-56	51	78	0	0.000	208	201	2025
201	-700	80	70	0	0.000	215	208	1761
202	-694	64	66	0	0.000	206	204	1763
203	-687	61	80	0	0.000	211	216	1766
204	-680	83	77	0	0.000	212	208	1769
205	-674	71	79	0	0.000	214	206	1771
206	-668	79	58	0	0.000	218	211	1774
207	-661	68	65	0	0.000	206	206	1777
208	-654	66	81	0	0.000	210	214	1780
209	-648	78	73	0	0.000	209	212	1782
210	-642	61	82	0	0.000	207	225	1785
211	-635	78	60	0	0.000	217	217	1787
212	-628	54	70	0	0.000	219	206	1790
213	-622	81	65	0	0.000	217	213	1793
214	-616	72	66	0	0.000	219	206	1795
215	-609	68	64	0	0.000	225	200	1798
216	-602	73	80	0	0.000	225	200	1801
217	-596	69	78	0	0.000	223	210	1803
218	-590	57	69	0	0.000	224	210	1806
219	-583	67	72	0	0.000	220	205	1809
220	-576	75	68	0	0.000	222	212	1812
221	-570	64	72	0	0.000	217	208	1814
222	-564	71	77	0	0.000	212	212	1817
223	-557	79	69	0	0.000	214	206	1819
224	-550	85	63	0	0.000	223	212	1822
225	-544	82	74	0	0.000	228	208	1825
226	-538	87	62	0	0.000	230	216	1827
227	-531	73	65	0	0.000	236	208	1830
228	-524	55	76	0	0.000	233	203	1833
229	-518	54	76	0	0.000	228	216	1835
230	-512	78	82	0	0.000	228	209	1838
231	-505	68	76	0	0.000	223	203	1841
232	-498	82	82	0	0.000	220	216	1844
233	-492	80	69	0	0.000	218	206	1846
234	-486	94	81	0	0.000	216	207	1848
235	-479	67	72	0	0.000	221	209	1851
236	-472	75	77	0	0.000	221	213	1854
237	-466	78	72	0	0.000	224	210	1857
238	-460	72	73	0	0.000	222	211	1859
239	-453	73	70	0	0.000	215	209	1862
240	-446	61	82	0	0.000	216	201	1865
241	-440	66	74	0	0.000	220	206	1867
242	-434	69	83	0	0.000	216	221	1870
243	-427	67	79	0	0.000	215	210	1873
244	-420	75	66	0	0.000	216	223	1876
245	-414	71	59	0	0.000	212	210	1878
246	-408	72	76	0	0.000	214	212	1880
247	-401	76	74	0	0.000	218	213	1883
248	-394	65	75	0	0.000	223	206	1886
249	-388	81	82	0	0.000	223	218	1889
250	-382	69	73	0	0.000	224	215	1891
251	-375	71	65	0	0.000	221	205	1894
252	-368	82	84	0	0.000	222	205	1897
253	-362	81	70	0	0.000	215	221	1899
254	-356	81	79	0	0.000	217	212	1902
255	-349	77	79	0	0.000	217	204	1905
256	-342	70	61	0	0.000	213	199	1907
257	-336	102	57	0	0.000	210	210	1910
258	-330	68	92	0	0.000	213	205	1912
259	-323	68	85	0	0.000	219	212	1915
260	-317	68	83	0	0.000	222	216	1918
261	-310	75	73	0	0.000	224	208	1921
262	-304	63	67	0	0.000	221	221	1923
263	-297	68	67	0	0.000	217	194	1926
