1	-700	660	593	0	0.000	191	203	1761
2	-694	637	672	0	0.000	202	194	1763
3	-687	598	629	0	0.000	216	197	1766
4	-680	611	630	0	0.000	213	198	1769
5	-674	657	628	0	0.000	207	199	1771
6	-668	653	670	0	0.000	208	195	1774
7	-661	641	688	0	0.000	207	205	1777
8	-654	704	653	0	0.000	202	194	1780
9	-648	708	717	0	0.000	212	205	1782
10	-642	683	688	0	0.000	218	203	1785
11	-635	732	755	0	0.000	215	206	1787
12	-628	664	760	0	0.000	202	200	1790
13	-622	670	664	0	0.000	212	204	1793
14	-616	688	730	0	0.000	212	200	1795
15	-609	707	703	0	0.000	212	194	1798
16	-602	701	682	0	0.000	217	207	1801
17	-596	694	767	0	0.000	215	190	1803
18	-590	690	707	0	0.000	208	209	1806
19	-583	708	740	0	0.000	214	193	1809
20	-576	732	743	0	0.000	206	204	1812
21	-570	735	749	0	0.000	204	209	1814
22	-564	749	767	0	0.000	207	195	1817
23	-557	783	726	0	0.000	201	191	1819
24	-550	748	777	0	0.000	201	200	1822
25	-544	755	727	0	0.000	201	208	1825
26	-538	751	740	0	0.000	202	217	1827
27	-531	722	795	0	0.000	207	199	1830
28	-524	758	737	0	0.000	202	205	1833
29	-518	725	694	0	0.000	188	199	1835
30	-512	683	709	0	0.000	188	203	1838
31	-505	710	677	0	0.000	188	201	1841
32	-498	619	596	0	0.000	195	210	1844
33	-492	664	597	0	0.000	196	208	1846
34	-486	578	621	0	0.000	198	201	1848
35	-479	599	622	0	0.000	204	204	1851
36	-472	575	537	0	0.000	206	205	1854
37	-466	563	542	0	0.000	209	200	1857
38	-460	545	542	0	0.000	199	209	1859
39	-453	532	544	0	0.000	196	199	1862
40	-446	545	551	0	0.000	207	203	1865
41	-440	545	565	0	0.000	206	216	1867
42	-434	551	622	0	0.000	207	190	1870
43	-427	626	545	0	0.000	204	193	1873
44	-420	629	579	0	0.000	205	196	1876
45	-414	627	694	0	0.000	210	192	1878
46	-408	643	678	0	0.000	208	196	1880
47	-401	665	697	0	0.000	206	193	1883
48	-394	692	665	0	0.000	203	196	1886
49	-388	766	759	0	0.000	218	201	1889
50	-382	752	730	0	0.000	217	194	1891
51	-375	807	845	0	0.000	224	204	1894
52	-368	848	957	0	0.000	216	196	1897
53	-362	935	922	0	0.000	215	205	1899
54	-356	1015	1026	0	0.000	214	199	1902
55	-349	1016	1093	0	0.000	210	192	1905
56	-342	1140	1057	0	0.000	207	206	1907
57	-336	1146	1204	0	0.000	202	196	1910
58	-330	1140	1150	0	0.000	199	205	1912
59	-323	1225	1265	0	0.000	215	189	1915
60	-317	1243	1263	0	0.000	204	198	1918
61	-310	1263	1293	0	0.000	202	203	1921
62	-304	1299	1332	0	0.000	204	194	1923
63	-297	1358	1343	0	0.000	197	199	1926
64	-290	1439	1422	0	0.000	200	202	1929
65	-284	1368	1506	0	0.000	197	196	1931
66	-278	1387	1448	0	0.000	199	204	1934
67	-271	1553	1490	0	0.000	214	201	1937
68	-264	1491	1542	0	0.000	212	200	1939
69	-258	1566	1539	0	0.000	215	200	1942
70	-252	1536	1660	0	0.000	212	222	1944
71	-245	1561	1663	0	0.000	204	212	1947
72	-238	1651	1597	0	0.000	200	207	1950
73	-232	1632	1581	0	0.000	208	204	1952
74	-226	1686	1643	0	0.000	207	193	1955
75	-219	1657	1642	0	0.000	200	200	1958
76	-212	1689	1640	0	0.000	194	195	1961
77	-206	1750	1708	0	0.000	192	204	1963
78	-200	1791	1696	0	0.000	192	206	1966
79	-193	1814	1784	0	0.000	198	206	1968
80	-186	1754	1734	0	0.000	185	197	1971
81	-180	1742	1817	0	0.000	187	203	1974
82	-174	1780	1696	0	0.000	190	193	1976
83	-167	1669	1726	0	0.000	194	213	1979
84	-160	1780	1713	0	0.000	210	200	1982
85	-154	1715	1707	0	0.000	219	200	1984
86	-148	1686	1653	0	0.000	213	198	1987
87	-141	1486	1499	0	0.000	211	205	1990
88	-134	1401	1434	0	0.000	203	214	1993
89	-128	1303	1403	0	0.000	200	211	1995
90	-122	1308	1280	0	0.000	193	190	1998
91	-115	903	956	0	0.000	189	205	2000
92	-108	762	755	0	0.000	197	197	2003
93	-102	696	685	0	0.000	201	208	2006
94	-96	631	614	0	0.000	204	195	2008
95	-89	597	552	0	0.000	195	203	2011
96	-82	537	486	0	0.000	196	207	2014
97	-76	470	485	0	0.000	188	192	2016
98	-70	434	458	0	0.000	184	211	2019
99	-63	342	347	0	0.000	189	199	2022
100	-56	322	362	0	0.000	190	208	2025
101	-700	345	368	0	0.000	191	199	1761
102	-694	355	358	0	0.000	190	206	1763
103	-687	376	366	0	0.000	197	203	1766
104	-680	376	304	0	0.000	194	214	1769
105	-674	369	367	0	0.000	196	189	1771
106	-668	334	347	0	0.000	199	195	1774
107	-661	387	346	0	0.000	194	197	1777
108	-654	365	382	0	0.000	197	203	1780
109	-648	360	333	0	0.000	204	218	1782
110	-642	379	350	0	0.000	206	202	1785
111	-635	355	325	0	0.000	209	201	1787
112	-628	385	330	0	0.000	203	195	1790
113	-622	334	344	0	0.000	206	191	1793
114	-616	314	378	0	0.000	206	192	1795
115	-609	342	329	0	0.000	208	195	1798
116	-602	345	341	0	0.000	209	207	1801
117	-596	341	352	0	0.000	204	194	1803
118	-590	347	342	0	0.000	200	197	1806
119	-583	364	319	0	0.000	203	201	1809
120	-576	352	329	0	0.000	207	196	1812
121	-570	341	362	0	0.000	208	200	1814
122	-564	359	362	0	0.000	200	199	1817
123	-557	379	370	0	0.000	201	208	1819
124	-550	333	379	0	0.000	200	189	1822
125	-544	295	334	0	0.000	204	199	1825
126	-538	338	347	0	0.000	208	205	1827
127	-531	333	336	0	0.000	205	207	1830
128	-524	325	377	0	0.000	205	193	1833
129	-518	343	371	0	0.000	217	196	1835
130	-512	371	353	0	0.000	212	204	1838
131	-505	362	363	0	0.000	214	211	1841
132	-498	330	325	0	0.000	207	199	1844
133	-492	349	349	0	0.000	207	198	1846
134	-486	362	359	0	0.000	212	214	1848
135	-479	366	324	0	0.000	206	197	1851
136	-472	345	357	0	0.000	213	199	1854
137	-466	305	356	0	0.000	204	209	1857
138	-460	338	308	0	0.000	205	209	1859
139	-453	308	353	0	0.000	200	185	1862
140	-446	327	352	0	0.000	198	199	1865
141	-440	350	354	0	0.000	195	178	1867
142	-434	312	336	0	0.000	197	179	1870
143	-427	361	354	0	0.000	198	186	1873
144	-420	360	342	0	0.000	198	189	1876
145	-414	363	364	0	0.000	201	197	1878
146	-408	358	341	0	0.000	200	203	1880
147	-401	351	332	0	0.000	201	193	1883
148	-394	387	376	0	0.000	209	196	1886
149	-388	328	351	0	0.000	215	199	1889
150	-382	371	362	0	0.000	212	197	1891
151	-375	378	376	0	0.000	213	206	1894
152	-368	348	322	0	0.000	208	189	1897
153	-362	344	358	0	0.000	212	210	1899
154	-356	335	344	0	0.000	216	201	1902
155	-349	312	372	0	0.000	206	189	1905
156	-342	382	339	0	0.000	219	197	1907
157	-336	381	343	0	0.000	221	203	1910
158	-330	347	361	0	0.000	221	198	1912
159	-323	348	318	0	0.000	217	204	1915
160	-317	365	335	0	0.000	212	202	1918
161	-310	361	338	0	0.000	207	207	1921
162	-304	351	344	0	0.000	201	202	1923
163	-297	307	361	0	0.000	206	203	1926
164	-290	342	378	0	0.000	208	210	1929
165	-284	351	356	0	0.000	206	211	1931
166	-278	344	318	0	0.000	199	215	1934
167	-271	330	339	0	0.000	203	201	1937
168	-264	351	336	0	0.000	206	197	1939
169	-258	338	347	0	0.000	218	203	1942
170	-252	372	360	0	0.000	213	209	1944
171	-245	365	355	0	0.000	217	199	1947
172	-238	342	353	0	0.000	210	199	1950
173	-232	327	304	0	0.000	211	217	1952
174	-226	343	354	0	0.000	226	192	1955
175	-219	352	322	0	0.000	220	208	1958
176	-212	339	326	0	0.000	219	205	1961
177	-206	376	356	0	0.000	210	206	1963
178	-200	410	340	0	0.000	211	189	1966
179	-193	348	369	0	0.000	211	212	1968
180	-186	349	333	0	0.000	202	197	1971
181	-180	364	336	0	0.000	194	205	1974
182	-174	332	349	0	0.000	203	202	1976
183	-167	364	366	0	0.000	206	194	1979
184	-160	371	356	0	0.000	204	187	1982
185	-154	369	320	0	0.000	199	202	1984
186	-148	352	341	0	0.000	202	206	1987
187	-141	339	333	0	0.000	194	199	1990
188	-134	355	348	0	0.000	195	206	1993
189	-128	330	349	0	0.000	204	203	1995
190	-122	353	313	0	0.000	204	200	1998
191	-115	358	333	0	0.000	207	205	2000
192	-108	315	322	0	0.000	212	195	2003
193	-102	367	325	0	0.000	203	202	2006
194	-96	336	323	0	0.000	204	204	2008
195	-89	334	337	0	0.000	206	201	2011
196	-82	347	340	0	0.000	211	207	2014
197	-76	339	344	0	0.000	203	202	2016
198	-70	334	386	0	0.000	202	195	2019
199	-63	307	328	0	0.000	194	196	2022
200	-56	372	375	0	0.000	201	197	2025
201	-700	326	344	0	0.000	209	205	1761
202	-694	355	347	0	0.000	200	197	1763
203	-687	318	377	0	0.000	201	195	1766
204	-680	334	365	0	0.000	209	201	1769
205	-674	334	359	0	0.000	209	213	1771
206	-668	328	354	0	0.000	209	211	1774
207	-661	355	357	0	0.000	208	200	1777
208	-654	366	388	0	0.000	209	197	1780
209	-648	327	352	0	0.000	213	188	1782
210	-642	370	368	0	0.000	209	201	1785
211	-635	389	352	0	0.000	208	196	1787
212	-628	363	357	0	0.000	220	202	1790
213	-622	335	343	0	0.000	213	188	1793
214	-616	366	362	0	0.000	209	205	1795
215	-609	377	363	0	0.000	211	191	1798
216	-602	350	333	0	0.000	221	206	1801
217	-596	366	356	0	0.000	219	196	1803
218	-590	325	329	0	0.000	211	201	1806
219	-583	332	354	0	0.000	208	189	1809
220	-576	338	371	0	0.000	200	200	1812
221	-570	354	414	0	0.000	210	192	1814
222	-564	359	354	0	0.000	206	197	1817
223	-557	363	353	0	0.000	203	197	1819
224	-550	329	364	0	0.000	202	213	1822
225	-544	346	348	0	0.000	206	204	1825
226	-538	379	344	0	0.000	206	191	1827
227	-531	350	337	0	0.000	209	192	1830
228	-524	341	372	0	0.000	203	196	1833
229	-518	368	336	0	0.000	207	192	1835
230	-512	343	379	0	0.000	197	203	1838
231	-505	366	339	0	0.000	201	208	1841
