1	-700	153	142	0	0.000	211	212	1761
2	-694	131	129	0	0.000	215	201	1763
3	-687	146	150	0	0.000	219	212	1766
4	-680	152	131	0	0.000	220	211	1769
5	-674	163	122	0	0.000	215	219	1771
6	-668	167	141	0	0.000	222	210	1774
7	-661	132	160	0	0.000	223	219	1777
8	-654	168	140	0	0.000	220	217	1780
9	-648	185	139	0	0.000	215	203	1782
10	-642	204	134	0	0.000	218	211	1785
11	-635	163	161	0	0.000	215	207	1787
12	-628	168	139	0	0.000	215	210	1790
13	-622	166	151	0	0.000	213	210	1793
14	-616	180	155	0	0.000	208	216	1795
15	-609	176	172	0	0.000	208	210	1798
16	-602	147	162	0	0.000	219	220	1801
17	-596	186	177	0	0.000	219	212	1803
18	-590	175	151	0	0.000	225	209	1806
19	-583	197	169	0	0.000	230	208	1809
20	-576	167	184	0	0.000	215	214	1812
21	-570	154	160	0	0.000	215	203	1814
22	-564	163	164	0	0.000	214	221	1817
23	-557	180	172	0	0.000	214	208	1819
24	-550	227	178	0	0.000	209	210	1822
25	-544	216	188	0	0.000	215	218	1825
26	-538	202	192	0	0.000	217	205	1827
27	-531	223	216	0	0.000	213	214	1830
28	-524	216	204	0	0.000	214	210	1833
29	-518	216	210	0	0.000	224	207	1835
30	-512	191	185	0	0.000	227	206	1838
31	-505	193	192	0	0.000	223	207	1841
32	-498	224	170	0	0.000	221	206	1844
33	-492	232	230	0	0.000	218	206	1846
34	-486	210	196	0	0.000	219	214	1848
35	-479	223	197	0	0.000	214	212	1851
36	-472	231	233	0	0.000	221	210	1854
37	-466	227	222	0	0.000	224	209	1857
38	-460	226	219	0	0.000	219	206	1859
39	-453	234	225	0	0.000	214	215	1862
40	-446	241	234	0	0.000	216	214	1865
41	-440	230	255	0	0.000	223	215	1867
42	-434	273	233	0	0.000	222	205	1870
43	-427	238	235	0	0.000	220	206	1873
44	-420	254	212	0	0.000	226	210	1876
45	-414	246	235	0	0.000	226	210	1878
46	-408	262	255	0	0.000	220	222	1880
47	-401	234	217	0	0.000	220	231	1883
48	-394	255	250	0	0.000	217	204	1886
49	-388	263	267	0	0.000	211	208	1889
50	-382	245	254	0	0.000	216	219	1891
51	-375	285	261	0	0.000	220	224	1894
52	-368	305	272	0	0.000	219	222	1897
53	-362	290	299	0	0.000	215	214	1899
54	-356	324	272	0	0.000	210	205	1902
55	-349	314	322	0	0.000	214	193	1905
56	-342	341	349	0	0.000	218	213	1907
57	-336	349	339	0	0.000	215	202	1910
58	-330	380	365	0	0.000	204	211	1912
59	-323	382	364	0	0.000	203	206	1915
60	-317	384	399	0	0.000	217	220	1918
61	-310	450	473	0	0.000	214	208	1921
62	-304	514	477	0	0.000	219	208	1923
63	-297	484	444	0	0.000	223	204	1926
64	-290	496	504	0	0.000	226	211	1929
65	-284	491	499	0	0.000	229	207	1931
66	-278	561	580	0	0.000	225	208	1934
67	-271	556	548	0	0.000	222	221	1937
68	-264	572	585	0	0.000	231	208	1939
69	-258	654	622	0	0.000	214	201	1942
70	-252	594	624	0	0.000	214	213	1944
71	-245	654	669	0	0.000	216	213	1947
72	-238	655	629	0	0.000	229	199	1950
73	-232	742	758	0	0.000	219	210	1952
74	-226	771	711	0	0.000	222	206	1955
75	-219	758	722	0	0.000	219	215	1958
76	-212	805	798	0	0.000	206	216	1961
77	-206	817	841	0	0.000	211	192	1963
78	-200	736	803	0	0.000	207	201	1966
79	-193	810	756	0	0.000	208	209	1968
80	-186	762	669	0	0.000	211	199	1971
81	-180	648	597	0	0.000	206	215	1974
82	-174	679	551	0	0.000	209	219	1976
83	-167	556	502	0	0.000	218	217	1979
84	-160	464	466	0	0.000	223	204	1982
85	-154	424	446	0	0.000	223	206	1984
86	-148	262	280	0	0.000	221	212	1987
87	-141	201	200	0	0.000	221	224	1990
88	-134	139	134	0	0.000	220	215	1993
89	-128	139	138	0	0.000	211	206	1995
90	-122	129	131	0	0.000	202	203	1998
91	-115	119	139	0	0.000	199	209	2000
92	-108	96	88	0	0.000	212	203	2003
93	-102	91	91	0	0.000	208	217	2006
94	-96	69	73	0	0.000	212	202	2008
95	-89	92	75	0	0.000	210	212	2011
96	-82	87	88	0	0.000	214	223	2014
97	-76	65	69	0	0.000	211	211	2016
98	-70	45	51	0	0.000	208	203	2019
99	-63	35	50	0	0.000	199	202	2022
100	-56	48	50	0	0.000	204	210	2025
101	-700	40	47	0	0.000	203	214	1761
102	-694	43	49	0	0.000	206	204	1763
103	-687	50	45	0	0.000	214	198	1766
104	-680	53	63	0	0.000	217	204	1769
105	-674	42	48	0	0.000	220	218	1771
106	-668	47	53	0	0.000	219	213	1774
107	-661	57	53	0	0.000	217	198	1777
108	-654	51	38	0	0.000	214	211	1780
109	-648	38	46	0	0.000	221	212	1782
110	-642	50	40	0	0.000	224	213	1785
111	-635	58	48	0	0.000	211	209	1787
112	-628	54	48	0	0.000	217	211	1790
113	-622	43	40	0	0.000	211	218	1793
114	-616	53	51	0	0.000	208	220	1795
115	-609	59	60	0	0.000	211	203	1798
116	-602	47	50	0	0.000	213	205	1801
117	-596	50	41	0	0.000	229	221	1803
118	-590	45	47	0	0.000	232	206	1806
119	-583	44	54	0	0.000	221	204	1809
120	-576	63	46	0	0.000	212	216	1812
121	-570	46	46	0	0.000	222	226	1814
122	-564	45	48	0	0.000	237	240	1817
123	-557	47	45	0	0.000	239	241	1819
124	-550	52	51	0	0.000	236	236	1822
125	-544	58	49	0	0.000	233	210	1825
126	-538	51	45	0	0.000	229	218	1827
127	-531	47	41	0	0.000	224	205	1830
128	-524	53	51	0	0.000	227	215	1833
129	-518	45	40	0	0.000	223	205	1835
130	-512	39	60	0	0.000	219	203	1838
131	-505	52	48	0	0.000	224	218	1841
132	-498	54	52	0	0.000	218	205	1844
133	-492	42	55	0	0.000	217	203	1846
134	-486	51	61	0	0.000	216	216	1848
135	-479	41	51	0	0.000	214	212	1851
136	-472	48	46	0	0.000	212	208	1854
137	-466	46	40	0	0.000	216	198	1857
138	-460	46	42	0	0.000	210	198	1859
139	-453	49	47	0	0.000	217	201	1862
140	-446	57	47	0	0.000	218	212	1865
141	-440	43	43	0	0.000	216	215	1867
142	-434	53	51	0	0.000	221	206	1870
143	-427	48	50	0	0.000	222	210	1873
144	-420	41	45	0	0.000	225	200	1876
145	-414	37	60	0	0.000	223	207	1878
146	-408	54	41	0	0.000	229	215	1880
147	-401	45	41	0	0.000	218	212	1883
148	-394	51	43	0	0.000	212	208	1886
149	-388	48	40	0	0.000	221	204	1889
150	-382	46	41	0	0.000	221	213	1891
151	-375	46	43	0	0.000	219	211	1894
152	-368	34	65	0	0.000	221	210	1897
153	-362	48	49	0	0.000	214	223	1899
154	-356	54	43	0	0.000	221	205	1902
155	-349	31	41	0	0.000	221	214	1905
156	-342	53	32	0	0.000	231	206	1907
157	-336	53	50	0	0.000	215	200	1910
158	-330	53	41	0	0.000	214	201	1912
159	-323	41	48	0	0.000	213	220	1915
160	-317	52	59	0	0.000	226	202	1918
161	-310	47	47	0	0.000	225	207	1921
162	-304	44	44	0	0.000	221	235	1923
163	-297	57	46	0	0.000	226	210	1926
164	-290	41	58	0	0.000	227	197	1929
165	-284	45	50	0	0.000	223	205	1931
166	-278	45	52	0	0.000	222	208	1934
167	-271	47	45	0	0.000	220	213	1937
168	-264	38	35	0	0.000	221	202	1939
169	-258	46	49	0	0.000	221	208	1942
170	-252	48	54	0	0.000	215	214	1944
171	-245	44	39	0	0.000	210	216	1947
172	-238	47	51	0	0.000	207	206	1950
173	-232	47	54	0	0.000	205	213	1952
174	-226	48	47	0	0.000	221	210	1955
175	-219	47	52	0	0.000	226	206	1958
176	-212	54	43	0	0.000	222	212	1961
177	-206	45	51	0	0.000	220	209	1963
178	-200	53	34	0	0.000	221	196	1966
179	-193	51	50	0	0.000	220	207	1968
180	-186	47	50	0	0.000	221	213	1971
181	-180	52	46	0	0.000	221	199	1974
182	-174	55	48	0	0.000	216	201	1976
183	-167	39	50	0	0.000	218	213	1979
184	-160	66	51	0	0.000	218	202	1982
185	-154	56	63	0	0.000	218	206	1984
186	-148	39	55	0	0.000	215	206	1987
187	-141	48	41	0	0.000	218	211	1990
188	-134	53	46	0	0.000	217	212	1993
189	-128	43	46	0	0.000	222	202	1995
190	-122	46	42	0	0.000	218	209	1998
191	-115	40	47	0	0.000	200	204	2000
192	-108	53	51	0	0.000	207	195	2003
193	-102	48	50	0	0.000	213	213	2006
194	-96	53	41	0	0.000	229	208	2008
195	-89	37	49	0	0.000	229	225	2011
196	-82	49	50	0	0.000	213	209	2014
197	-76	38	51	0	0.000	215	203	2016
198	-70	62	53	0	0.000	217	202	2019
199	-63	51	61	0	0.000	219	216	2022
200	-56	53	50	0	0.000	221	202	2025
201	-700	58	61	0	0.000	218	211	1761
202	-694	55	65	0	0.000	226	200	1763
203	-687	61	57	0	0.000	223	208	1766
204	-680	42	53	0	0.000	219	209	1769
205	-674	37	56	0	0.000	220	207	1771
206	-668	46	47	0	0.000	221	204	1774
207	-661	42	62	0	0.000	222	210	1777
208	-654	52	55	0	0.000	238	209	1780
209	-648	55	47	0	0.000	231	210	1782
210	-642	48	47	0	0.000	225	219	1785
211	-635	57	50	0	0.000	226	205	1787
212	-628	72	48	0	0.000	223	212	1790
213	-622	42	37	0	0.000	212	221	1793
214	-616	53	51	0	0.000	215	211	1795
215	-609	66	54	0	0.000	218	216	1798
216	-602	56	55	0	0.000	220	214	1801
217	-596	41	74	0	0.000	224	218	1803
218	-590	36	43	0	0.000	232	211	1806
219	-583	59	48	0	0.000	232	218	1809
220	-576	51	41	0	0.000	239	226	1812
221	-570	46	52	0	0.000	225	213	1814
222	-564	39	53	0	0.000	216	212	1817
223	-557	55	43	0	0.000	213	212	1819
