1	101	95	0	0	168
2	103	99	0	0	183
3	107	119	0	0	189
4	90	92	0	0	194
5	101	117	0	0	170
6	101	120	0	0	186
7	105	113	0	0	200
8	96	118	0	0	199
9	102	106	0	0	247
10	74	105	0	0	206
11	111	99	0	0	210
12	108	96	0	0	168
13	110	98	0	0	176
14	86	98	0	0	179
15	82	105	0	0	232
16	19	88	0	0	215
17	15	16	0	0	216
18	13	15	0	0	171
19	26	16	0	0	197
20	13	18	0	0	168
21	23	17	0	0	209
22	24	17	0	0	187
23	21	16	0	0	252
24	22	14	0	0	189
25	67	64	0	0	205
26	116	89	0	0	164
27	93	92	0	0	186
28	96	116	0	0	211
29	106	107	0	0	180
30	118	95	0	0	212
31	95	113	0	0	205
32	102	93	0	0	200
33	89	92	0	0	226
34	99	95	0	0	209
35	84	83	0	0	204
36	108	106	0	0	205
37	89	107	0	0	208
38	95	105	0	0	186
39	83	93	0	0	188
40	109	87	0	0	183
41	115	87	0	0	214
42	85	90	0	0	190
43	101	96	0	0	217
44	102	83	0	0	189
45	98	95	0	0	180
46	92	99	0	0	189
47	81	107	0	0	173
48	111	88	0	0	194
49	93	104	0	0	186
50	106	107	0	0	202
51	86	91	0	0	210
52	115	83	0	0	201
53	106	96	0	0	205
54	90	93	0	0	192
55	99	107	0	0	221
56	93	95	0	0	184
57	98	102	0	0	204
58	90	102	0	0	192
59	84	90	0	0	200
60	103	89	0	0	189
61	89	112	0	0	204
62	97	87	0	0	219
63	102	87	0	0	183
64	113	90	0	0	197
65	79	119	0	0	210
66	88	88	0	0	210
67	83	93	0	0	196
68	102	115	0	0	184
69	84	113	0	0	190
70	105	103	0	0	193
71	95	102	0	0	162
72	88	95	0	0	201
73	20	104	0	0	189
74	20	19	0	0	193
75	28	15	0	0	200
76	18	19	0	0	196
77	19	19	0	0	189
78	20	35	0	0	229
79	13	15	0	0	195
80	19	29	0	0	190
81	17	22	0	0	186
82	126	29	0	0	184
83	108	104	0	0	205
84	99	100	0	0	223
85	86	110	0	0	212
86	102	109	0	0	186
87	89	102	0	0	193
88	114	112	0	0	213
89	101	107	0	0	158
90	109	75	0	0	203
91	99	105	0	0	181
92	105	95	0	0	188
93	108	94	0	0	190
94	94	98	0	0	172
95	102	98	0	0	199
96	97	84	0	0	183
97	109	80	0	0	221
98	98	103	0	0	260
99	88	111	0	0	172
100	87	97	0	0	179
101	107	103	0	0	225
102	70	95	0	0	185
103	91	78	0	0	201
104	95	74	0	0	212
105	105	79	0	0	161
106	96	95	0	0	171
107	98	94	0	0	181
108	103	109	0	0	202
109	92	91	0	0	182
110	101	95	0	0	168
111	90	110	0	0	198
112	98	106	0	0	207
113	104	89	0	0	170
114	89	84	0	0	196
115	110	83	0	0	173
116	78	110	0	0	184
117	108	106	0	0	184
118	95	102	0	0	245
119	99	94	0	0	236
120	101	94	0	0	262
121	99	128	0	0	193
122	87	93	0	0	219
123	107	94	0	0	201
124	87	91	0	0	186
125	104	106	0	0	198
126	105	93	0	0	183
127	105	103	0	0	212
128	91	96	0	0	200
129	111	106	0	0	197
130	87	104	0	0	189
131	17	18	0	0	199
132	26	18	0	0	220
133	24	21	0	0	230
134	28	15	0	0	187
135	15	14	0	0	189
136	22	14	0	0	212
137	19	20	0	0	165
138	23	21	0	0	168
139	78	29	0	0	196
140	91	90	0	0	198
141	111	101	0	0	165
142	91	97	0	0	162
143	109	83	0	0	177
144	106	96	0	0	187
145	76	80	0	0	200
146	90	103	0	0	169
147	88	121	0	0	198
148	83	90	0	0	189
149	79	93	0	0	224
150	125	95	0	0	215
151	81	98	0	0	179
152	97	97	0	0	224
153	114	88	0	0	253
154	77	78	0	0	183
155	100	98	0	0	186
156	80	90	0	0	185
157	102	107	0	0	180
158	99	117	0	0	189
159	86	102	0	0	160
160	109	95	0	0	175
161	113	102	0	0	194
162	97	102	0	0	199
163	94	92	0	0	208
164	95	81	0	0	193
165	93	98	0	0	189
166	95	105	0	0	270
167	111	91	0	0	184
168	97	79	0	0	231
169	89	83	0	0	166
170	99	77	0	0	241
171	94	100	0	0	203
172	86	110	0	0	232
173	96	78	0	0	192
174	82	109	0	0	171
175	96	92	0	0	217
176	105	99	0	0	166
177	79	97	0	0	189
178	101	105	0	0	190
179	83	103	0	0	212
180	99	103	0	0	199
181	86	95	0	0	218
182	102	124	0	0	183
183	110	92	0	0	184
184	87	91	0	0	183
185	111	105	0	0	178
186	91	112	0	0	201
187	51	104	0	0	206
188	18	22	0	0	188
189	25	20	0	0	187
190	20	29	0	0	211
191	19	18	0	0	178
192	25	21	0	0	216
193	22	27	0	0	222
194	19	24	0	0	210
195	20	25	0	0	190
196	57	22	0	0	221
197	105	97	0	0	201
198	77	108	0	0	199
199	104	99	0	0	195
200	98	123	0	0	210
201	87	93	0	0	206
202	122	102	0	0	222
203	100	119	0	0	207
204	98	121	0	0	214
205	106	106	0	0	191
206	95	87	0	0	204
207	102	87	0	0	192
208	101	77	0	0	190
209	85	91	0	0	191
210	103	102	0	0	196
211	102	128	0	0	205
212	95	89	0	0	213
213	88	107	0	0	164
214	96	90	0	0	212
215	94	113	0	0	180
216	114	92	0	0	181
217	97	102	0	0	219
218	104	91	0	0	209
219	94	103	0	0	211
220	106	80	0	0	213
221	103	96	0	0	174
222	105	88	0	0	183
223	112	114	0	0	230
224	83	96	0	0	191
225	93	102	0	0	173
226	104	95	0	0	192
227	89	93	0	0	232
228	88	86	0	0	217
229	90	101	0	0	166
230	114	107	0	0	208
231	86	110	0	0	199
232	104	81	0	0	212
233	93	78	0	0	191
234	100	94	0	0	221
235	72	91	0	0	212
236	101	82	0	0	203
237	97	101	0	0	203
238	113	103	0	0	193
239	97	95	0	0	217
240	97	90	0	0	188
241	92	77	0	0	160
242	86	91	0	0	173
243	80	108	0	0	206
244	95	88	0	0	176
245	19	26	0	0	209
246	22	16	0	0	174
247	17	23	0	0	192
248	31	20	0	0	200
249	11	33	0	0	185
250	21	23	0	0	179
251	19	22	0	0	185
252	15	16	0	0	207
253	59	11	0	0	205
254	117	109	0	0	161
255	120	83	0	0	202
256	89	94	0	0	220
257	73	128	0	0	176
258	103	95	0	0	245
259	103	100	0	0	176
260	86	91	0	0	210
261	97	94	0	0	172
262	86	82	0	0	200
263	113	102	0	0	171
264	93	91	0	0	208
265	85	114	0	0	218
266	89	91	0	0	203
267	100	99	0	0	212
268	95	105	0	0	194
269	80	82	0	0	219
270	82	92	0	0	251
271	98	106	0	0	165
272	79	101	0	0	194
273	104	99	0	0	168
274	87	109	0	0	207
275	87	96	0	0	161
276	98	93	0	0	182
277	91	98	0	0	193
278	110	97	0	0	189
279	102	111	0	0	191
280	104	80	0	0	260
281	112	110	0	0	184
282	79	97	0	0	215
283	99	118	0	0	197
284	104	118	0	0	216
285	101	89	0	0	202
286	93	113	0	0	173
287	128	107	0	0	193
288	104	118	0	0	187
289	78	96	0	0	190
290	94	97	0	0	227
291	88	96	0	0	183
292	106	79	0	0	191
293	98	79	0	0	207
294	109	101	0	0	166
295	110	110	0	0	223
296	79	102	0	0	177
297	106	108	0	0	222
298	86	104	0	0	256
299	110	115	0	0	213
300	87	101	0	0	189
301	94	104	0	0	165
302	28	91	0	0	170
303	23	20	0	0	168
304	18	23	0	0	193
305	23	20	0	0	188
306	15	26	0	0	191
307	11	19	0	0	221
308	21	26	0	0	196
309	21	13	0	0	229
310	18	20	0	0	215
311	90	63	0	0	220
312	104	84	0	0	191
313	99	101	0	0	210
314	100	96	0	0	207
315	101	102	0	0	200
316	87	95	0	0	224
317	99	90	0	0	194
318	99	89	0	0	189
319	101	87	0	0	233
320	105	90	0	0	188
321	120	105	0	0	216
322	91	104	0	0	190
323	120	87	0	0	156
324	106	88	0	0	206
325	106	101	0	0	185
326	88	104	0	0	169
327	106	98	0	0	165
328	102	90	0	0	193
329	110	105	0	0	234
330	92	82	0	0	242
331	108	106	0	0	162
332	111	103	0	0	186
333	103	94	0	0	210
334	101	80	0	0	200
335	99	84	0	0	208
336	96	90	0	0	217
337	111	99	0	0	197
338	95	110	0	0	190
339	107	90	0	0	262
340	116	102	0	0	206
341	92	90	0	0	208
342	94	91	0	0	211
343	84	107	0	0	185
344	101	113	0	0	175
345	92	96	0	0	190
346	89	92	0	0	210
347	85	95	0	0	207
348	96	102	0	0	197
349	96	90	0	0	187
350	100	112	0	0	177
351	98	84	0	0	179
352	74	97	0	0	211
353	110	110	0	0	198
354	88	91	0	0	207
355	122	90	0	0	194
356	88	94	0	0	218
357	88	86	0	0	254
358	101	112	0	0	216
359	23	45	0	0	213
360	20	21	0	0	190
361	21	23	0	0	220
362	31	14	0	0	165
363	25	27	0	0	205
364	23	28	0	0	186
365	20	28	0	0	193
366	21	20	0	0	208
367	16	29	0	0	194
368	38	41	0	0	178
369	114	55	0	0	177
370	116	135	0	0	197
371	87	96	0	0	197
372	98	92	0	0	198
373	93	106	0	0	229
374	94	119	0	0	242
375	105	122	0	0	194
376	105	105	0	0	194
377	116	110	0	0	201
378	112	89	0	0	165
379	99	117	0	0	218
380	79	107	0	0	208
381	96	93	0	0	189
382	83	85	0	0	199
383	103	112	0	0	197
384	72	106	0	0	192
385	109	104	0	0	189
386	100	85	0	0	237
387	99	98	0	0	240
388	87	91	0	0	253
389	107	87	0	0	179
390	107	113	0	0	189
391	101	82	0	0	211
392	94	101	0	0	196
393	89	93	0	0	191
394	109	108	0	0	179
395	104	105	0	0	188
396	108	90	0	0	205
397	89	97	0	0	205
398	110	79	0	0	207
399	101	116	0	0	219
400	108	86	0	0	185
401	108	90	0	0	216
402	86	91	0	0	218
403	84	99	0	0	199
404	101	114	0	0	256
405	90	102	0	0	201
406	83	100	0	0	186
407	92	92	0	0	191
408	93	95	0	0	204
409	111	106	0	0	210
410	98	92	0	0	210
411	115	92	0	0	210
412	99	84	0	0	217
413	100	84	0	0	211
414	86	92	0	0	200
415	81	95	0	0	192
416	28	22	0	0	183
417	16	17	0	0	194
418	13	23	0	0	202
419	20	15	0	0	185
420	24	23	0	0	196
421	19	26	0	0	220
422	19	22	0	0	183
423	10	19	0	0	190
424	51	22	0	0	164
425	104	111	0	0	175
426	99	106	0	0	164
427	77	88	0	0	182
428	111	87	0	0	204
429	97	84	0	0	218
430	89	99	0	0	195
431	104	94	0	0	238
432	89	95	0	0	191
433	105	94	0	0	174
434	110	88	0	0	180
435	125	94	0	0	192
436	100	98	0	0	186
437	106	98	0	0	179
438	92	105	0	0	184
439	97	100	0	0	188
440	90	105	0	0	203
441	100	90	0	0	206
442	95	95	0	0	229
443	92	88	0	0	209
444	95	93	0	0	226
445	98	84	0	0	183
446	108	102	0	0	154
447	93	101	0	0	231
448	89	96	0	0	253
449	90	90	0	0	227
450	91	101	0	0	194
451	95	93	0	0	196
452	103	92	0	0	199
453	89	94	0	0	199
454	98	112	0	0	221
455	94	87	0	0	231
456	116	105	0	0	190
457	102	111	0	0	242
458	89	110	0	0	200
459	83	99	0	0	217
460	97	80	0	0	233
461	81	87	0	0	238
462	91	93	0	0	181
463	84	101	0	0	198
464	111	113	0	0	186
465	113	108	0	0	258
466	110	105	0	0	179
467	102	100	0	0	171
468	115	95	0	0	214
469	82	110	0	0	172
470	92	95	0	0	195
471	91	101	0	0	186
472	111	88	0	0	214
473	107	97	0	0	172
474	107	90	0	0	189
475	91	93	0	0	189
476	86	101	0	0	201
477	96	114	0	0	181
478	103	93	0	0	195
479	110	108	0	0	196
480	92	89	0	0	184
481	24	18	0	0	158
482	21	28	0	0	201
483	16	23	0	0	175
484	15	20	0	0	202
485	12	20	0	0	179
486	23	14	0	0	176
487	24	22	0	0	186
488	17	24	0	0	188
489	61	20	0	0	197
490	103	104	0	0	190
491	99	99	0	0	174
492	79	99	0	0	189
493	99	105	0	0	224
494	108	94	0	0	187
495	113	78	0	0	216
496	84	98	0	0	243
497	106	106	0	0	210
498	112	90	0	0	214
499	106	109	0	0	203
500	91	104	0	0	259
501	94	94	0	0	176
502	84	106	0	0	193
503	114	93	0	0	190
504	111	99	0	0	241
505	103	89	0	0	175
506	91	85	0	0	202
507	91	95	0	0	239
508	87	92	0	0	185
509	98	90	0	0	223
510	97	102	0	0	221
511	93	95	0	0	198
512	89	96	0	0	186
513	98	94	0	0	217
514	99	92	0	0	189
515	97	85	0	0	181
516	103	109	0	0	163
517	107	101	0	0	179
518	93	108	0	0	219
519	89	103	0	0	179
520	105	100	0	0	185
521	112	89	0	0	186
522	92	81	0	0	220
523	90	100	0	0	200
524	90	95	0	0	198
525	97	80	0	0	242
526	81	92	0	0	169
527	90	99	0	0	195
528	98	117	0	0	189
529	79	88	0	0	204
530	97	96	0	0	193
531	89	102	0	0	250
532	112	93	0	0	189
533	100	99	0	0	203
534	94	109	0	0	164
535	93	103	0	0	196
536	105	100	0	0	194
537	105	94	0	0	223
538	27	52	0	0	214
539	28	16	0	0	199
540	23	25	0	0	210
541	15	14	0	0	182
542	24	18	0	0	199
543	13	20	0	0	194
544	21	32	0	0	189
545	22	26	0	0	178
546	16	17	0	0	189
547	44	33	0	0	195
548	88	103	0	0	180
549	106	88	0	0	200
550	105	80	0	0	183
551	113	111	0	0	244
552	93	106	0	0	178
553	99	90	0	0	219
554	91	97	0	0	225
555	95	101	0	0	180
556	105	89	0	0	189
557	86	100	0	0	216
558	109	79	0	0	219
559	73	88	0	0	194
560	97	98	0	0	175
561	100	89	0	0	198
562	84	107	0	0	191
563	95	98	0	0	214
564	86	90	0	0	188
565	92	91	0	0	184
566	110	78	0	0	196
567	96	92	0	0	193
568	87	96	0	0	246
569	97	110	0	0	207
570	96	108	0	0	261
571	101	99	0	0	208
572	108	86	0	0	206
573	88	96	0	0	173
574	99	98	0	0	153
575	87	95	0	0	203
576	103	93	0	0	191
577	112	88	0	0	208
578	103	92	0	0	221
579	100	94	0	0	188
580	98	96	0	0	179
581	121	86	0	0	192
582	95	96	0	0	184
583	92	91	0	0	204
584	86	82	0	0	178
585	99	103	0	0	191
586	97	95	0	0	151
587	106	87	0	0	206
588	97	106	0	0	184
589	92	97	0	0	213
590	116	102	0	0	211
591	97	109	0	0	236
592	91	100	0	0	205
593	107	108	0	0	191
594	91	102	0	0	168
595	27	106	0	0	190
596	27	22	0	0	181
597	14	27	0	0	167
598	18	30	0	0	183
599	17	19	0	0	217
600	23	21	0	0	261
601	22	20	0	0	208
602	22	25	0	0	236
603	23	21	0	0	171
604	143	58	0	0	170
605	133	127	0	0	205
606	107	101	0	0	210
607	84	103	0	0	191
608	95	99	0	0	216
609	108	102	0	0	162
610	95	105	0	0	213
611	111	95	0	0	209
612	109	79	0	0	193
613	89	116	0	0	203
614	96	95	0	0	190
615	99	91	0	0	194
616	107	96	0	0	168
617	110	93	0	0	184
618	112	100	0	0	177
619	97	101	0	0	203
620	76	105	0	0	181
621	94	97	0	0	210
622	84	109	0	0	184
623	103	79	0	0	189
624	109	93	0	0	212
625	87	91	0	0	200
626	94	90	0	0	186
627	110	96	0	0	161
628	96	98	0	0	193
629	104	105	0	0	206
630	91	95	0	0	188
631	99	115	0	0	197
632	96	101	0	0	175
633	110	101	0	0	261
634	92	96	0	0	160
635	89	79	0	0	188
636	100	94	0	0	188
637	91	110	0	0	245
638	91	117	0	0	179
639	97	109	0	0	165
640	96	105	0	0	184
641	105	106	0	0	195
642	84	79	0	0	168
643	82	92	0	0	190
644	96	111	0	0	181
645	104	108	0	0	206
646	87	97	0	0	198
647	98	101	0	0	192
648	96	91	0	0	189
649	109	97	0	0	198
650	108	103	0	0	195
651	94	90	0	0	209
652	96	79	0	0	194
653	26	20	0	0	175
654	27	21	0	0	189
655	25	20	0	0	192
656	29	19	0	0	168
657	19	22	0	0	192
658	22	20	0	0	184
659	19	21	0	0	222
660	14	21	0	0	205
661	67	15	0	0	225
662	110	140	0	0	185
663	89	100	0	0	191
664	85	105	0	0	182
665	94	106	0	0	208
666	107	100	0	0	203
667	114	94	0	0	172
668	108	82	0	0	189
669	99	102	0	0	202
670	99	97	0	0	198
671	98	97	0	0	178
672	93	92	0	0	229
673	107	102	0	0	209
674	102	92	0	0	207
675	102	101	0	0	212
676	99	99	0	0	176
677	76	91	0	0	198
678	101	93	0	0	211
679	87	108	0	0	199
680	113	95	0	0	199
681	98	91	0	0	163
682	92	102	0	0	195
683	91	99	0	0	192
684	98	93	0	0	208
685	103	107	0	0	175
686	90	91	0	0	231
687	88	114	0	0	169
688	90	110	0	0	157
689	114	98	0	0	197
690	124	98	0	0	197
691	81	116	0	0	178
692	101	100	0	0	257
693	102	102	0	0	165
694	100	110	0	0	198
695	89	94	0	0	164
696	120	88	0	0	177
697	103	89	0	0	194
698	104	93	0	0	185
699	97	95	0	0	206
700	98	100	0	0	221
701	116	92	0	0	195
702	101	116	0	0	199
703	122	91	0	0	257
704	108	97	0	0	205
705	91	105	0	0	217
706	111	98	0	0	175
707	91	86	0	0	210
708	96	101	0	0	187
709	108	93	0	0	177
710	19	70	0	0	178
711	21	19	0	0	199
712	23	21	0	0	177
713	22	24	0	0	192
714	23	18	0	0	216
715	21	23	0	0	216
716	20	26	0	0	189
717	25	25	0	0	207
718	27	19	0	0	240
719	120	83	0	0	188
720	98	125	0	0	187
721	82	107	0	0	214
722	94	107	0	0	190
723	110	106	0	0	185
724	101	97	0	0	215
725	88	96	0	0	265
726	104	87	0	0	193
727	110	107	0	0	202
728	109	98	0	0	250
729	102	102	0	0	169
730	98	98	0	0	188
731	100	83	0	0	212
732	103	103	0	0	207
733	85	97	0	0	174
734	98	93	0	0	218
735	106	101	0	0	228
736	103	95	0	0	188
737	97	103	0	0	162
738	104	113	0	0	214
739	79	101	0	0	201
740	90	87	0	0	231
741	85	103	0	0	189
742	108	95	0	0	218
743	99	93	0	0	225
744	101	91	0	0	198
745	96	95	0	0	198
746	85	102	0	0	255
747	100	89	0	0	220
748	77	123	0	0	177
749	86	80	0	0	196
750	119	86	0	0	189
751	106	81	0	0	195
752	96	96	0	0	253
753	109	109	0	0	187
754	107	99	0	0	189
755	109	108	0	0	175
756	97	102	0	0	180
757	113	111	0	0	172
758	108	130	0	0	198
759	115	88	0	0	155
760	101	87	0	0	206
761	88	81	0	0	193
762	85	102	0	0	181
763	86	88	0	0	223
764	107	89	0	0	200
765	105	101	0	0	164
766	107	87	0	0	199
767	13	44	0	0	182
768	23	21	0	0	260
769	21	21	0	0	187
770	19	22	0	0	183
771	19	14	0	0	201
772	22	22	0	0	201
773	22	16	0	0	185
774	17	13	0	0	250
775	21	21	0	0	232
776	112	114	0	0	189
777	82	88	0	0	192
778	90	92	0	0	200
779	79	114	0	0	191
780	119	115	0	0	180
781	100	105	0	0	219
782	99	87	0	0	206
783	110	85	0	0	259
784	77	107	0	0	193
785	98	87	0	0	173
786	117	105	0	0	192
787	109	84	0	0	181
788	103	110	0	0	205
789	90	121	0	0	260
790	108	87	0	0	173
791	101	91	0	0	187
792	97	128	0	0	174
793	102	90	0	0	217
794	95	105	0	0	232
795	99	101	0	0	197
796	105	92	0	0	192
797	102	85	0	0	219
798	110	94	0	0	224
799	84	105	0	0	183
800	100	106	0	0	223
801	103	93	0	0	176
802	100	107	0	0	222
803	101	102	0	0	214
804	95	99	0	0	207
805	85	81	0	0	249
806	88	87	0	0	180
807	92	101	0	0	205
808	102	105	0	0	242
809	107	107	0	0	214
810	98	103	0	0	189
811	90	95	0	0	184
812	115	99	0	0	196
813	91	99	0	0	201
814	99	95	0	0	217
815	103	109	0	0	248
816	100	102	0	0	213
817	114	98	0	0	223
818	87	108	0	0	194
819	107	103	0	0	200
820	108	99	0	0	196
821	90	99	0	0	204
822	107	90	0	0	177
823	94	94	0	0	191
824	24	100	0	0	172
825	24	27	0	0	234
826	14	28	0	0	169
827	33	29	0	0	236
828	23	21	0	0	199
829	15	18	0	0	181
830	28	20	0	0	172
831	22	22	0	0	191
832	14	25	0	0	214
833	35	25	0	0	198
834	37	43	0	0	222
835	82	62	0	0	192
836	117	130	0	0	189
837	99	116	0	0	146
838	98	102	0	0	171
839	87	85	0	0	218
840	84	78	0	0	192
841	92	109	0	0	218
842	102	83	0	0	166
843	123	104	0	0	213
844	107	92	0	0	214
845	92	105	0	0	195
846	94	95	0	0	188
847	99	92	0	0	189
848	102	100	0	0	220
849	103	96	0	0	208
850	87	88	0	0	203
851	106	92	0	0	211
852	85	124	0	0	207
853	107	90	0	0	185
854	110	89	0	0	185
855	84	105	0	0	193
856	111	103	0	0	169
857	100	104	0	0	197
858	93	114	0	0	218
859	101	95	0	0	231
860	120	102	0	0	197
861	107	101	0	0	161
862	93	96	0	0	153
863	84	87	0	0	184
864	88	90	0	0	192
865	91	98	0	0	207
866	100	99	0	0	192
867	103	96	0	0	199
868	105	89	0	0	180
869	97	88	0	0	205
870	111	106	0	0	185
871	96	97	0	0	197
872	77	109	0	0	198
873	102	102	0	0	216
874	88	113	0	0	252
875	96	101	0	0	188
876	93	105	0	0	164
877	99	89	0	0	178
878	99	108	0	0	173
879	115	104	0	0	185
880	98	114	0	0	211
881	32	88	0	0	209
882	17	16	0	0	210
883	21	14	0	0	167
884	14	24	0	0	199
885	12	18	0	0	207
886	21	26	0	0	204
887	18	26	0	0	259
888	34	24	0	0	187
889	15	23	0	0	208
890	112	23	0	0	185
891	89	110	0	0	227
892	120	110	0	0	195
893	98	112	0	0	204
894	105	104	0	0	201
895	89	91	0	0	185
896	101	103	0	0	198
897	84	77	0	0	202
898	105	67	0	0	235
899	105	97	0	0	208
900	98	91	0	0	179
901	79	98	0	0	199
902	103	91	0	0	188
903	82	103	0	0	184
904	99	90	0	0	180
905	100	96	0	0	198
906	112	102	0	0	248
907	105	92	0	0	216
908	102	118	0	0	229
909	99	87	0	0	197
910	106	95	0	0	208
911	104	94	0	0	220
912	99	111	0	0	180
913	81	96	0	0	191
914	118	99	0	0	191
915	99	80	0	0	205
916	94	103	0	0	197
917	102	113	0	0	190
918	116	99	0	0	189
919	105	88	0	0	205
920	116	94	0	0	181
921	86	98	0	0	186
922	90	89	0	0	211
923	85	98	0	0	164
924	94	103	0	0	199
925	120	89	0	0	195
926	102	114	0	0	223
927	89	93	0	0	197
928	93	86	0	0	212
929	90	100	0	0	168
930	89	81	0	0	210
931	89	98	0	0	192
932	97	94	0	0	261
933	118	114	0	0	210
934	86	97	0	0	166
935	102	93	0	0	257
936	97	97	0	0	167
937	101	119	0	0	164
938	88	90	0	0	230
939	20	25	0	0	178
940	25	21	0	0	185
941	17	25	0	0	186
942	20	17	0	0	217
943	22	19	0	0	189
944	12	18	0	0	245
945	13	24	0	0	192
946	20	18	0	0	171
947	23	21	0	0	181
948	125	58	0	0	189
949	109	148	0	0	212
950	112	100	0	0	208
951	91	109	0	0	162
952	102	94	0	0	197
953	104	100	0	0	184
954	100	94	0	0	226
955	114	96	0	0	205
956	106	110	0	0	174
957	83	110	0	0	197
958	99	95	0	0	187
959	79	98	0	0	191
960	100	86	0	0	162
961	101	90	0	0	175
962	103	106	0	0	199
963	102	112	0	0	166
964	90	87	0	0	210
965	97	98	0	0	197
966	105	84	0	0	216
967	84	96	0	0	231
968	111	104	0	0	182
969	97	105	0	0	183
970	97	84	0	0	190
971	95	117	0	0	182
972	101	100	0	0	198
973	87	103	0	0	189
974	89	87	0	0	182
975	93	84	0	0	221
976	106	98	0	0	181
977	97	117	0	0	207
978	108	113	0	0	194
979	99	120	0	0	197
980	106	91	0	0	197
981	102	110	0	0	214
982	96	113	0	0	189
983	101	111	0	0	189
984	122	112	0	0	196
985	112	99	0	0	194
986	87	109	0	0	213
987	98	96	0	0	202
988	98	78	0	0	164
989	100	114	0	0	198
990	103	83	0	0	194
991	123	98	0	0	207
