1	91	103	0	0	195
2	101	105	0	0	194
3	96	95	0	0	200
4	104	97	0	0	231
5	93	98	0	0	195
6	102	105	0	0	196
7	91	92	0	0	194
8	99	92	0	0	171
9	106	114	0	0	193
10	96	96	0	0	197
11	86	105	0	0	182
12	91	85	0	0	189
13	102	124	0	0	223
14	70	104	0	0	200
15	93	110	0	0	184
16	95	102	0	0	194
17	93	81	0	0	181
18	103	114	0	0	208
19	96	99	0	0	215
20	96	85	0	0	222
21	96	82	0	0	186
22	95	95	0	0	270
23	98	93	0	0	201
24	100	111	0	0	190
25	94	97	0	0	220
26	102	93	0	0	186
27	88	106	0	0	184
28	87	100	0	0	204
29	97	81	0	0	222
30	106	93	0	0	180
31	100	103	0	0	192
32	99	103	0	0	217
33	101	98	0	0	190
34	95	93	0	0	188
35	101	76	0	0	182
36	92	119	0	0	171
37	104	89	0	0	195
38	114	109	0	0	193
39	96	120	0	0	208
40	114	88	0	0	234
41	100	98	0	0	165
42	103	100	0	0	198
43	87	87	0	0	201
44	114	86	0	0	222
45	40	107	0	0	204
46	13	21	0	0	229
47	19	21	0	0	205
48	22	22	0	0	223
49	18	19	0	0	197
50	28	16	0	0	208
51	19	24	0	0	194
52	26	23	0	0	226
53	15	30	0	0	196
54	22	18	0	0	178
55	13	23	0	0	198
56	25	19	0	0	186
57	21	22	0	0	211
58	25	23	0	0	203
59	116	22	0	0	183
60	76	105	0	0	162
61	98	89	0	0	224
62	104	79	0	0	172
63	101	103	0	0	182
64	102	88	0	0	220
65	82	94	0	0	155
66	103	98	0	0	239
67	93	88	0	0	211
68	94	125	0	0	173
69	105	95	0	0	210
70	106	83	0	0	202
71	112	103	0	0	194
72	105	112	0	0	198
73	105	112	0	0	208
74	104	77	0	0	189
75	72	101	0	0	180
76	97	113	0	0	217
77	101	121	0	0	188
78	86	93	0	0	173
79	78	105	0	0	176
80	89	104	0	0	210
81	94	107	0	0	197
82	92	91	0	0	222
83	96	86	0	0	170
84	93	86	0	0	212
85	90	117	0	0	166
86	107	107	0	0	157
87	94	104	0	0	172
88	99	100	0	0	207
89	77	92	0	0	200
90	106	84	0	0	193
91	94	96	0	0	200
92	113	105	0	0	198
93	100	117	0	0	128
94	110	111	0	0	174
95	109	92	0	0	195
96	96	81	0	0	225
97	91	105	0	0	176
98	111	88	0	0	214
99	100	119	0	0	250
100	104	100	0	0	148
101	104	94	0	0	173
102	76	83	0	0	180
103	97	99	0	0	193
104	98	85	0	0	190
105	105	102	0	0	214
106	82	107	0	0	177
107	99	101	0	0	196
108	43	98	0	0	254
109	22	30	0	0	193
110	22	23	0	0	186
111	21	35	0	0	228
112	21	19	0	0	172
113	23	25	0	0	222
114	19	15	0	0	189
115	16	17	0	0	177
116	18	24	0	0	192
117	13	28	0	0	226
118	17	25	0	0	226
119	17	23	0	0	196
120	23	21	0	0	224
121	19	24	0	0	203
122	115	25	0	0	168
123	112	133	0	0	224
124	98	92	0	0	214
125	91	124	0	0	185
126	114	91	0	0	194
127	103	87	0	0	185
128	99	106	0	0	217
129	90	103	0	0	206
130	97	111	0	0	196
131	96	100	0	0	235
132	94	108	0	0	206
133	108	103	0	0	197
134	85	80	0	0	191
135	98	86	0	0	211
136	106	102	0	0	221
137	101	98	0	0	190
138	119	91	0	0	198
139	103	93	0	0	174
140	111	91	0	0	207
141	108	96	0	0	207
142	99	106	0	0	221
143	99	99	0	0	156
144	94	100	0	0	178
145	107	87	0	0	184
146	106	94	0	0	199
147	103	83	0	0	205
148	91	110	0	0	174
149	100	109	0	0	189
150	89	112	0	0	177
151	117	82	0	0	216
152	117	99	0	0	179
153	110	100	0	0	176
154	88	99	0	0	175
155	115	92	0	0	202
156	87	97	0	0	189
157	93	113	0	0	190
158	94	110	0	0	207
159	121	82	0	0	218
160	88	105	0	0	160
161	105	98	0	0	197
162	91	114	0	0	230
163	99	93	0	0	212
164	106	90	0	0	254
165	82	91	0	0	194
166	91	98	0	0	220
167	87	90	0	0	178
168	108	85	0	0	179
169	94	85	0	0	217
170	107	107	0	0	188
171	84	102	0	0	175
172	26	65	0	0	180
173	17	20	0	0	207
174	22	17	0	0	210
175	24	25	0	0	195
176	20	26	0	0	189
177	22	28	0	0	170
178	17	17	0	0	233
179	16	21	0	0	223
180	24	19	0	0	194
181	18	18	0	0	263
182	13	16	0	0	198
183	14	22	0	0	249
184	18	16	0	0	204
185	14	18	0	0	193
186	108	83	0	0	192
187	119	102	0	0	191
188	94	100	0	0	185
189	103	101	0	0	193
190	97	103	0	0	181
191	85	95	0	0	245
192	94	107	0	0	217
193	110	99	0	0	202
194	91	83	0	0	171
195	93	96	0	0	158
196	86	115	0	0	192
197	92	78	0	0	192
198	105	99	0	0	210
199	107	84	0	0	201
200	90	88	0	0	208
201	107	96	0	0	197
202	113	102	0	0	182
203	96	94	0	0	200
204	98	94	0	0	189
205	103	109	0	0	214
206	101	93	0	0	190
207	94	106	0	0	217
208	104	97	0	0	230
209	92	94	0	0	194
210	113	98	0	0	224
211	101	107	0	0	194
212	92	94	0	0	181
213	101	98	0	0	177
214	88	102	0	0	192
215	88	82	0	0	226
216	97	90	0	0	222
217	114	97	0	0	231
218	90	98	0	0	213
219	127	110	0	0	169
220	95	113	0	0	196
221	115	94	0	0	177
222	91	95	0	0	252
223	96	99	0	0	170
224	93	106	0	0	172
225	91	87	0	0	208
226	85	110	0	0	189
227	102	103	0	0	189
228	91	106	0	0	228
229	106	98	0	0	187
230	71	85	0	0	203
231	94	108	0	0	214
232	91	91	0	0	198
233	103	96	0	0	205
234	94	90	0	0	226
235	92	105	0	0	251
236	16	14	0	0	180
237	16	20	0	0	208
238	14	30	0	0	189
239	18	26	0	0	204
240	22	18	0	0	216
241	13	22	0	0	198
242	22	23	0	0	204
243	18	17	0	0	171
244	28	27	0	0	185
245	22	15	0	0	227
246	25	19	0	0	193
247	19	21	0	0	217
248	31	11	0	0	178
249	37	19	0	0	185
250	116	93	0	0	190
251	92	103	0	0	174
252	84	96	0	0	206
253	101	87	0	0	187
254	129	101	0	0	210
255	77	107	0	0	218
256	95	99	0	0	235
257	101	93	0	0	199
258	96	91	0	0	226
259	100	92	0	0	180
260	78	99	0	0	193
261	85	91	0	0	209
262	89	92	0	0	221
263	95	98	0	0	174
264	100	92	0	0	216
265	98	101	0	0	181
266	110	86	0	0	218
267	101	109	0	0	189
268	109	91	0	0	176
269	95	110	0	0	172
270	104	94	0	0	179
271	127	92	0	0	190
272	115	91	0	0	181
273	118	113	0	0	217
274	102	104	0	0	207
275	105	110	0	0	195
276	104	99	0	0	211
277	100	100	0	0	213
278	103	106	0	0	163
279	81	104	0	0	188
280	88	86	0	0	210
281	115	124	0	0	160
282	112	90	0	0	149
283	91	91	0	0	192
284	112	94	0	0	187
285	94	79	0	0	199
286	107	108	0	0	175
287	83	104	0	0	204
288	106	108	0	0	220
289	119	111	0	0	205
290	103	98	0	0	176
291	98	96	0	0	200
292	100	96	0	0	169
293	102	122	0	0	199
294	102	91	0	0	211
295	87	92	0	0	225
296	101	85	0	0	199
297	94	104	0	0	226
298	90	99	0	0	180
299	14	85	0	0	200
300	23	23	0	0	205
301	22	21	0	0	207
302	22	17	0	0	172
303	21	22	0	0	185
304	20	28	0	0	166
305	23	18	0	0	177
306	26	12	0	0	198
307	13	20	0	0	206
308	25	18	0	0	162
309	23	31	0	0	186
310	12	21	0	0	208
311	15	8	0	0	195
312	26	20	0	0	203
313	125	45	0	0	221
314	103	90	0	0	199
315	107	100	0	0	221
316	100	80	0	0	197
317	99	93	0	0	193
318	102	117	0	0	209
319	110	99	0	0	199
320	92	102	0	0	183
321	85	101	0	0	182
322	105	126	0	0	208
323	79	105	0	0	213
324	107	100	0	0	228
325	100	94	0	0	200
326	80	94	0	0	199
327	93	106	0	0	190
328	110	100	0	0	199
329	92	84	0	0	167
330	91	76	0	0	214
331	102	85	0	0	182
332	86	93	0	0	229
333	89	90	0	0	203
334	91	89	0	0	182
335	115	104	0	0	188
336	96	100	0	0	184
337	95	85	0	0	184
338	87	83	0	0	172
339	76	118	0	0	171
340	107	101	0	0	203
341	95	79	0	0	198
342	88	91	0	0	212
343	101	109	0	0	201
344	104	108	0	0	168
345	76	97	0	0	199
346	89	120	0	0	192
347	96	79	0	0	196
348	80	105	0	0	209
349	87	97	0	0	198
350	101	90	0	0	173
351	99	100	0	0	179
352	133	123	0	0	213
353	94	99	0	0	195
354	103	86	0	0	202
355	90	89	0	0	188
356	103	110	0	0	174
357	94	103	0	0	183
358	106	102	0	0	197
359	105	87	0	0	192
360	95	89	0	0	166
361	113	80	0	0	204
362	54	92	0	0	170
363	13	19	0	0	165
364	22	24	0	0	210
365	24	8	0	0	182
366	17	23	0	0	223
367	27	16	0	0	213
368	27	19	0	0	226
369	30	21	0	0	158
370	16	21	0	0	208
371	22	18	0	0	183
372	18	22	0	0	189
373	19	12	0	0	205
374	28	22	0	0	190
375	22	20	0	0	169
376	33	15	0	0	205
377	114	39	0	0	208
378	94	102	0	0	178
379	84	81	0	0	187
380	77	89	0	0	219
381	111	101	0	0	216
382	91	90	0	0	172
383	95	91	0	0	179
384	81	84	0	0	213
385	104	103	0	0	154
386	94	104	0	0	234
387	101	96	0	0	201
388	100	97	0	0	198
389	88	110	0	0	205
390	106	100	0	0	199
391	110	94	0	0	173
392	101	100	0	0	197
393	108	104	0	0	184
394	97	98	0	0	207
395	100	97	0	0	222
396	85	85	0	0	182
397	91	86	0	0	188
398	114	102	0	0	208
399	94	76	0	0	233
400	90	103	0	0	185
401	101	101	0	0	174
402	101	110	0	0	223
403	98	94	0	0	227
404	106	84	0	0	188
405	91	100	0	0	223
406	96	90	0	0	193
407	103	82	0	0	199
408	99	98	0	0	155
409	103	92	0	0	171
410	106	108	0	0	224
411	113	111	0	0	190
412	85	101	0	0	195
413	99	101	0	0	162
414	113	126	0	0	208
415	102	96	0	0	210
416	105	91	0	0	211
417	99	99	0	0	218
418	94	82	0	0	184
419	96	105	0	0	201
420	105	88	0	0	242
421	93	105	0	0	168
422	103	96	0	0	200
423	108	104	0	0	167
424	113	83	0	0	210
425	108	105	0	0	179
426	14	76	0	0	183
427	14	24	0	0	239
428	26	16	0	0	187
429	18	20	0	0	192
430	19	17	0	0	215
431	23	23	0	0	195
432	18	20	0	0	258
433	23	18	0	0	186
434	21	14	0	0	175
435	23	27	0	0	189
436	23	26	0	0	207
437	16	27	0	0	197
438	22	9	0	0	208
439	26	23	0	0	193
440	100	83	0	0	183
441	110	89	0	0	197
442	93	106	0	0	162
443	105	99	0	0	231
444	95	102	0	0	193
445	87	107	0	0	207
446	87	84	0	0	193
447	96	93	0	0	200
448	112	108	0	0	266
449	89	101	0	0	184
450	109	119	0	0	181
451	110	101	0	0	162
452	111	94	0	0	176
453	106	91	0	0	217
454	101	108	0	0	185
455	100	76	0	0	188
456	116	99	0	0	200
457	100	91	0	0	196
458	105	102	0	0	196
459	107	89	0	0	194
460	123	84	0	0	191
461	106	104	0	0	169
462	96	97	0	0	211
463	104	101	0	0	186
464	86	99	0	0	178
465	104	99	0	0	154
466	89	102	0	0	181
467	97	111	0	0	217
468	88	101	0	0	181
469	101	85	0	0	179
470	101	94	0	0	212
471	94	81	0	0	190
472	112	94	0	0	172
473	83	109	0	0	180
474	89	92	0	0	254
475	101	97	0	0	185
476	117	84	0	0	224
477	94	116	0	0	217
478	88	100	0	0	213
479	88	99	0	0	220
480	97	94	0	0	175
481	84	108	0	0	189
482	106	92	0	0	164
483	100	102	0	0	218
484	103	95	0	0	183
485	101	86	0	0	189
486	97	87	0	0	224
487	85	99	0	0	179
488	89	69	0	0	257
489	79	114	0	0	180
490	81	98	0	0	172
491	114	101	0	0	208
492	95	102	0	0	200
493	97	102	0	0	193
494	101	90	0	0	214
495	100	85	0	0	139
496	118	91	0	0	203
497	100	100	0	0	218
498	22	53	0	0	212
499	19	14	0	0	198
500	20	19	0	0	211
501	14	26	0	0	160
502	20	19	0	0	187
503	24	12	0	0	193
504	18	20	0	0	238
505	19	23	0	0	212
506	23	24	0	0	232
507	13	22	0	0	194
508	17	21	0	0	257
509	20	25	0	0	205
510	20	22	0	0	199
511	20	18	0	0	219
512	103	68	0	0	168
513	106	95	0	0	189
514	110	102	0	0	199
515	90	107	0	0	219
516	91	106	0	0	210
517	82	94	0	0	198
518	109	118	0	0	212
519	109	94	0	0	212
520	110	89	0	0	200
521	96	116	0	0	229
522	100	107	0	0	203
523	85	92	0	0	175
524	121	94	0	0	223
525	104	87	0	0	208
526	112	86	0	0	220
527	87	96	0	0	203
528	88	97	0	0	203
529	93	105	0	0	190
530	100	103	0	0	214
531	103	87	0	0	213
532	94	92	0	0	178
533	91	94	0	0	197
534	105	90	0	0	210
535	132	101	0	0	229
536	104	112	0	0	224
537	105	85	0	0	267
538	103	98	0	0	217
539	82	100	0	0	178
540	113	118	0	0	176
541	119	98	0	0	169
542	95	89	0	0	195
543	83	93	0	0	245
544	105	102	0	0	206
545	101	124	0	0	251
546	97	104	0	0	207
547	93	101	0	0	192
548	102	88	0	0	210
549	84	112	0	0	180
550	112	88	0	0	198
551	93	98	0	0	180
552	103	90	0	0	222
553	111	109	0	0	210
554	93	118	0	0	203
555	106	101	0	0	182
556	95	85	0	0	193
557	88	91	0	0	198
558	115	108	0	0	194
559	96	102	0	0	214
560	85	112	0	0	217
561	73	87	0	0	214
562	21	17	0	0	194
563	16	27	0	0	199
564	13	30	0	0	164
565	29	24	0	0	144
566	24	21	0	0	194
567	16	27	0	0	198
568	16	13	0	0	258
569	16	10	0	0	207
570	28	19	0	0	200
571	37	29	0	0	178
572	17	15	0	0	192
573	21	28	0	0	185
574	28	18	0	0	194
575	77	25	0	0	200
576	90	113	0	0	206
577	103	115	0	0	213
578	99	109	0	0	244
579	117	108	0	0	198
580	96	97	0	0	178
581	119	96	0	0	248
582	94	101	0	0	252
583	93	110	0	0	199
584	96	119	0	0	203
585	98	99	0	0	168
586	107	119	0	0	249
587	102	101	0	0	203
588	107	103	0	0	206
589	87	87	0	0	256
590	98	113	0	0	175
591	102	89	0	0	185
592	94	106	0	0	191
593	98	109	0	0	185
594	93	100	0	0	185
595	91	85	0	0	180
596	109	95	0	0	228
597	111	103	0	0	217
598	96	96	0	0	213
599	100	104	0	0	212
600	98	95	0	0	179
601	103	125	0	0	171
602	127	103	0	0	181
603	118	103	0	0	184
604	105	90	0	0	200
605	96	93	0	0	180
606	87	108	0	0	199
607	97	96	0	0	196
608	103	118	0	0	181
609	110	107	0	0	158
610	99	94	0	0	181
611	88	112	0	0	208
612	88	79	0	0	168
613	82	104	0	0	202
614	108	105	0	0	205
615	103	107	0	0	205
616	90	95	0	0	208
617	62	86	0	0	213
618	93	99	0	0	192
619	94	85	0	0	209
620	84	108	0	0	181
621	78	86	0	0	212
622	96	103	0	0	240
623	104	91	0	0	209
624	87	83	0	0	205
625	23	94	0	0	220
626	15	19	0	0	197
627	21	17	0	0	192
628	18	21	0	0	195
629	18	25	0	0	194
630	19	20	0	0	253
631	23	22	0	0	183
632	22	16	0	0	192
633	29	21	0	0	191
634	16	27	0	0	180
635	18	16	0	0	204
636	22	27	0	0	193
637	23	14	0	0	203
638	15	33	0	0	167
639	59	28	0	0	193
640	103	100	0	0	194
641	114	100	0	0	203
642	103	100	0	0	240
643	105	98	0	0	191
644	86	98	0	0	170
645	115	94	0	0	202
646	87	101	0	0	194
647	121	110	0	0	192
648	85	104	0	0	216
649	88	90	0	0	187
650	115	111	0	0	210
651	108	117	0	0	226
652	101	95	0	0	210
653	86	100	0	0	239
654	101	103	0	0	220
655	110	96	0	0	226
656	100	86	0	0	254
657	93	93	0	0	165
658	86	98	0	0	195
659	108	107	0	0	231
660	104	81	0	0	210
661	91	70	0	0	222
662	90	98	0	0	206
663	97	91	0	0	233
664	96	98	0	0	215
665	106	106	0	0	235
666	89	90	0	0	250
667	83	94	0	0	219
668	92	68	0	0	199
669	100	92	0	0	183
670	110	113	0	0	209
671	89	101	0	0	195
672	79	97	0	0	206
673	101	106	0	0	217
674	102	127	0	0	198
675	91	84	0	0	217
676	94	90	0	0	178
677	90	111	0	0	254
678	95	104	0	0	203
679	100	103	0	0	203
680	109	104	0	0	217
681	95	96	0	0	200
682	96	92	0	0	189
683	92	109	0	0	207
684	98	107	0	0	206
685	77	104	0	0	200
686	97	93	0	0	197
687	96	104	0	0	211
688	102	109	0	0	187
689	20	20	0	0	192
690	26	20	0	0	249
691	21	12	0	0	220
692	21	15	0	0	172
693	19	19	0	0	192
694	21	23	0	0	200
695	17	25	0	0	216
696	22	22	0	0	227
697	18	21	0	0	210
698	22	13	0	0	219
699	20	15	0	0	212
700	21	19	0	0	227
701	20	20	0	0	219
702	28	24	0	0	208
703	97	96	0	0	202
704	76	125	0	0	190
705	97	99	0	0	180
706	106	110	0	0	205
707	104	99	0	0	187
708	81	102	0	0	207
709	83	103	0	0	198
710	93	86	0	0	221
711	102	114	0	0	171
712	97	81	0	0	199
713	99	99	0	0	182
714	111	106	0	0	193
715	92	84	0	0	216
716	101	88	0	0	188
717	101	94	0	0	193
718	82	113	0	0	203
719	105	74	0	0	204
720	101	108	0	0	179
721	91	92	0	0	218
722	89	103	0	0	207
723	100	73	0	0	172
724	106	100	0	0	187
725	113	98	0	0	193
726	85	115	0	0	200
727	106	112	0	0	204
728	100	99	0	0	181
729	96	85	0	0	214
730	83	96	0	0	197
731	92	106	0	0	180
732	122	93	0	0	202
733	84	95	0	0	177
734	90	97	0	0	210
735	104	84	0	0	198
736	91	98	0	0	173
737	91	112	0	0	181
738	120	92	0	0	217
739	95	107	0	0	172
740	98	83	0	0	172
741	113	90	0	0	189
742	106	103	0	0	171
743	99	114	0	0	195
744	96	101	0	0	174
745	97	103	0	0	193
746	89	105	0	0	179
747	101	98	0	0	192
748	96	103	0	0	192
749	108	102	0	0	181
750	94	110	0	0	201
751	98	90	0	0	202
752	25	84	0	0	186
753	25	25	0	0	209
754	25	23	0	0	214
755	19	24	0	0	213
756	28	25	0	0	186
757	18	20	0	0	178
758	19	30	0	0	187
759	14	21	0	0	156
760	16	19	0	0	218
761	17	19	0	0	212
762	25	18	0	0	195
763	19	25	0	0	217
764	30	13	0	0	240
765	20	15	0	0	227
766	62	49	0	0	222
767	112	102	0	0	189
768	103	91	0	0	207
769	118	114	0	0	184
770	90	97	0	0	203
771	90	101	0	0	190
772	88	96	0	0	199
773	82	89	0	0	187
774	103	94	0	0	197
775	96	100	0	0	213
776	98	110	0	0	193
777	98	95	0	0	207
778	94	92	0	0	180
779	82	97	0	0	193
780	88	107	0	0	206
781	108	85	0	0	187
782	97	93	0	0	251
783	85	89	0	0	191
784	117	89	0	0	270
785	80	86	0	0	216
786	98	80	0	0	198
787	94	112	0	0	193
788	107	112	0	0	187
789	122	81	0	0	221
790	93	108	0	0	190
791	96	82	0	0	223
792	107	88	0	0	191
793	92	97	0	0	254
794	109	110	0	0	152
795	112	105	0	0	213
796	93	114	0	0	203
797	85	98	0	0	206
798	94	84	0	0	201
799	97	90	0	0	211
800	97	81	0	0	205
801	97	114	0	0	173
802	81	121	0	0	197
803	109	110	0	0	179
804	91	94	0	0	199
805	95	89	0	0	203
806	85	85	0	0	204
807	104	105	0	0	191
808	96	94	0	0	205
809	102	87	0	0	192
810	106	93	0	0	193
811	102	91	0	0	196
812	94	97	0	0	204
813	92	105	0	0	162
814	103	109	0	0	221
815	58	84	0	0	173
816	17	19	0	0	180
817	26	21	0	0	238
818	21	17	0	0	193
819	19	18	0	0	200
820	21	22	0	0	237
821	18	15	0	0	222
822	14	20	0	0	207
823	10	25	0	0	212
824	28	14	0	0	162
825	28	23	0	0	178
826	18	22	0	0	188
827	25	15	0	0	197
828	11	25	0	0	197
829	50	21	0	0	215
830	101	107	0	0	201
831	119	98	0	0	181
832	96	88	0	0	207
833	99	89	0	0	229
834	96	118	0	0	206
835	99	99	0	0	185
836	73	83	0	0	202
837	94	91	0	0	189
838	93	93	0	0	198
839	86	90	0	0	209
840	72	104	0	0	179
841	116	94	0	0	179
842	108	98	0	0	197
843	89	103	0	0	182
844	91	116	0	0	205
845	75	108	0	0	201
846	89	111	0	0	190
847	104	95	0	0	208
848	94	100	0	0	211
849	82	92	0	0	192
850	94	105	0	0	162
851	94	102	0	0	203
852	103	93	0	0	257
853	112	97	0	0	221
854	88	101	0	0	208
855	110	102	0	0	200
856	87	101	0	0	184
857	87	95	0	0	176
858	97	112	0	0	195
859	96	88	0	0	210
860	92	111	0	0	214
861	104	87	0	0	197
862	104	108	0	0	203
863	101	70	0	0	170
864	88	91	0	0	181
865	107	97	0	0	177
866	101	96	0	0	177
867	106	91	0	0	190
868	88	102	0	0	202
869	101	107	0	0	173
870	94	109	0	0	192
871	88	101	0	0	213
872	83	100	0	0	216
873	104	92	0	0	211
874	90	103	0	0	196
875	101	90	0	0	177
876	115	80	0	0	225
877	103	91	0	0	217
878	91	107	0	0	206
879	24	45	0	0	176
880	22	33	0	0	169
881	30	18	0	0	198
882	25	20	0	0	203
883	23	20	0	0	202
884	27	24	0	0	172
885	21	18	0	0	198
886	14	16	0	0	184
887	20	17	0	0	206
888	19	18	0	0	202
889	15	23	0	0	187
890	13	15	0	0	211
891	19	15	0	0	202
892	18	25	0	0	201
893	38	41	0	0	191
894	65	56	0	0	193
895	133	129	0	0	193
896	121	108	0	0	198
897	102	112	0	0	180
898	95	105	0	0	205
899	129	110	0	0	203
900	92	114	0	0	216
901	102	86	0	0	206
902	114	90	0	0	199
903	99	95	0	0	202
904	110	109	0	0	186
905	78	107	0	0	172
906	102	104	0	0	202
907	91	114	0	0	171
908	80	104	0	0	213
909	100	104	0	0	205
910	89	107	0	0	179
911	122	105	0	0	215
912	102	94	0	0	198
913	98	103	0	0	201
914	93	109	0	0	164
915	99	102	0	0	224
916	98	110	0	0	205
917	99	98	0	0	171
918	91	112	0	0	195
919	104	93	0	0	213
920	100	89	0	0	256
921	96	98	0	0	180
922	85	87	0	0	203
923	120	98	0	0	220
924	116	95	0	0	186
925	91	98	0	0	211
926	117	130	0	0	160
927	114	97	0	0	208
928	96	94	0	0	231
929	111	98	0	0	215
930	91	92	0	0	171
931	98	97	0	0	189
932	100	110	0	0	179
933	91	99	0	0	213
934	98	110	0	0	223
935	102	102	0	0	183
936	99	114	0	0	215
937	101	104	0	0	225
938	99	108	0	0	201
939	89	105	0	0	188
940	95	90	0	0	209
941	108	105	0	0	205
942	109	101	0	0	257
943	22	26	0	0	164
944	10	18	0	0	170
945	14	21	0	0	216
946	22	17	0	0	232
947	13	18	0	0	186
948	19	19	0	0	201
949	21	26	0	0	220
950	17	23	0	0	187
951	25	24	0	0	197
952	24	25	0	0	177
953	23	18	0	0	164
954	22	26	0	0	186
955	13	23	0	0	202
956	53	21	0	0	209
957	115	124	0	0	234
958	106	110	0	0	192
959	88	103	0	0	201
960	120	121	0	0	209
961	97	101	0	0	223
962	99	104	0	0	189
963	120	82	0	0	190
964	73	92	0	0	223
965	104	111	0	0	220
966	101	84	0	0	185
967	90	89	0	0	178
968	84	120	0	0	168
969	115	99	0	0	192
970	93	103	0	0	189
971	95	97	0	0	172
972	81	106	0	0	190
973	107	84	0	0	172
974	87	101	0	0	220
975	91	98	0	0	193
976	103	103	0	0	228
977	81	75	0	0	184
978	103	96	0	0	184
979	105	99	0	0	203
980	85	104	0	0	184
981	88	103	0	0	204
982	98	99	0	0	200
983	92	97	0	0	189
984	90	102	0	0	241
985	115	101	0	0	177
986	101	103	0	0	201
987	102	93	0	0	203
988	85	75	0	0	189
989	89	86	0	0	171
990	93	102	0	0	257
