1	111	87	0	0	209
2	87	95	0	0	151
3	90	97	0	0	166
4	77	88	0	0	177
5	77	91	0	0	169
6	105	96	0	0	212
7	103	108	0	0	198
8	106	110	0	0	169
9	101	93	0	0	172
10	91	100	0	0	183
11	92	95	0	0	203
12	115	102	0	0	204
13	91	108	0	0	184
14	101	98	0	0	203
15	90	90	0	0	173
16	82	103	0	0	173
17	103	89	0	0	245
18	105	98	0	0	190
19	125	109	0	0	185
20	104	89	0	0	173
21	103	111	0	0	193
22	86	123	0	0	208
23	88	110	0	0	178
24	87	111	0	0	152
25	107	76	0	0	183
26	102	87	0	0	162
27	87	119	0	0	182
28	103	97	0	0	176
29	100	104	0	0	210
30	98	82	0	0	174
31	81	93	0	0	211
32	93	69	0	0	189
33	70	99	0	0	175
34	96	100	0	0	168
35	88	101	0	0	190
36	55	101	0	0	181
37	23	18	0	0	159
38	20	18	0	0	178
39	19	19	0	0	146
40	14	17	0	0	204
41	61	20	0	0	129
42	92	98	0	0	187
43	94	91	0	0	175
44	107	86	0	0	197
45	97	102	0	0	182
46	92	109	0	0	180
47	101	98	0	0	164
48	95	82	0	0	186
49	89	93	0	0	196
50	90	86	0	0	154
51	95	104	0	0	155
52	85	94	0	0	225
53	102	98	0	0	175
54	85	80	0	0	187
55	100	79	0	0	181
56	97	92	0	0	161
57	83	102	0	0	189
58	89	108	0	0	189
59	105	74	0	0	175
60	105	102	0	0	196
61	112	101	0	0	171
62	97	86	0	0	164
63	76	107	0	0	170
64	90	95	0	0	189
65	100	107	0	0	163
66	99	99	0	0	187
67	94	95	0	0	175
68	96	98	0	0	174
69	105	110	0	0	189
70	102	100	0	0	146
71	109	105	0	0	181
72	102	94	0	0	170
73	111	88	0	0	191
74	83	90	0	0	202
75	104	81	0	0	171
76	101	76	0	0	167
77	104	107	0	0	168
78	92	95	0	0	185
79	100	101	0	0	172
80	95	113	0	0	182
81	93	101	0	0	184
82	93	91	0	0	174
83	101	100	0	0	149
84	89	112	0	0	164
85	104	92	0	0	193
86	113	84	0	0	172
87	119	106	0	0	156
88	99	92	0	0	167
89	104	86	0	0	185
90	26	118	0	0	177
91	14	14	0	0	187
92	24	16	0	0	203
93	12	27	0	0	148
94	25	19	0	0	181
95	50	39	0	0	185
96	108	86	0	0	182
97	80	113	0	0	181
98	94	96	0	0	175
99	93	95	0	0	188
100	103	107	0	0	201
101	92	100	0	0	163
102	105	106	0	0	182
103	107	101	0	0	168
104	96	87	0	0	222
105	74	101	0	0	180
106	89	103	0	0	172
107	98	122	0	0	198
108	99	87	0	0	189
109	85	100	0	0	156
110	92	82	0	0	191
111	114	108	0	0	172
112	99	99	0	0	191
113	115	98	0	0	174
114	111	80	0	0	194
115	111	92	0	0	210
116	86	110	0	0	164
117	96	110	0	0	181
118	111	103	0	0	168
119	102	91	0	0	178
120	111	83	0	0	148
121	91	107	0	0	205
122	99	82	0	0	164
123	95	103	0	0	163
124	98	104	0	0	154
125	84	98	0	0	175
126	100	101	0	0	206
127	89	91	0	0	243
128	99	109	0	0	196
129	95	101	0	0	176
130	102	98	0	0	173
131	93	95	0	0	180
132	108	108	0	0	184
133	96	79	0	0	182
134	100	98	0	0	177
135	102	93	0	0	156
136	100	98	0	0	220
137	101	83	0	0	230
138	108	86	0	0	178
139	99	102	0	0	159
140	98	85	0	0	212
141	90	95	0	0	229
142	96	96	0	0	175
143	110	113	0	0	223
144	19	38	0	0	189
145	29	22	0	0	200
146	17	15	0	0	259
147	20	24	0	0	214
148	14	16	0	0	198
149	91	92	0	0	163
150	73	102	0	0	146
151	103	95	0	0	206
152	101	90	0	0	194
153	97	84	0	0	165
154	106	94	0	0	166
155	99	95	0	0	183
156	94	86	0	0	169
157	114	81	0	0	175
158	101	91	0	0	180
159	104	119	0	0	193
160	94	101	0	0	164
161	87	93	0	0	148
162	113	104	0	0	184
163	98	72	0	0	192
164	95	96	0	0	168
165	98	87	0	0	171
166	90	102	0	0	163
167	90	88	0	0	192
168	117	94	0	0	235
169	104	94	0	0	175
170	104	103	0	0	206
171	96	82	0	0	184
172	84	91	0	0	171
173	90	91	0	0	178
174	107	86	0	0	178
175	96	97	0	0	190
176	92	103	0	0	217
177	98	94	0	0	181
178	102	117	0	0	182
179	92	100	0	0	185
180	82	102	0	0	186
181	81	88	0	0	173
182	117	97	0	0	204
183	88	85	0	0	182
184	78	104	0	0	170
185	89	103	0	0	167
186	90	99	0	0	230
187	103	89	0	0	182
188	106	104	0	0	157
189	87	83	0	0	176
190	110	99	0	0	196
191	95	95	0	0	157
192	86	103	0	0	182
193	94	91	0	0	164
194	107	89	0	0	204
195	117	109	0	0	167
196	89	95	0	0	202
197	87	92	0	0	183
198	82	89	0	0	177
199	48	96	0	0	170
200	25	20	0	0	157
201	17	21	0	0	167
202	21	11	0	0	177
203	10	19	0	0	172
204	75	22	0	0	170
205	96	120	0	0	170
206	115	102	0	0	152
207	111	104	0	0	160
208	99	74	0	0	176
209	101	117	0	0	161
210	93	101	0	0	174
211	119	90	0	0	145
212	100	93	0	0	187
213	84	96	0	0	168
214	95	106	0	0	183
215	82	95	0	0	163
216	98	99	0	0	167
217	83	81	0	0	179
218	81	83	0	0	172
219	95	80	0	0	184
220	88	86	0	0	183
221	93	98	0	0	165
222	105	89	0	0	160
223	93	104	0	0	171
224	87	79	0	0	166
225	89	83	0	0	190
226	94	94	0	0	179
227	105	81	0	0	170
228	89	89	0	0	182
229	79	86	0	0	194
230	92	88	0	0	191
231	92	92	0	0	161
232	96	96	0	0	177
233	68	103	0	0	175
234	99	87	0	0	149
235	95	93	0	0	164
236	97	90	0	0	161
237	94	105	0	0	189
238	80	106	0	0	164
239	95	103	0	0	198
240	69	96	0	0	162
241	82	110	0	0	151
242	94	93	0	0	149
243	95	102	0	0	228
244	104	94	0	0	191
245	78	83	0	0	146
246	104	84	0	0	152
247	95	84	0	0	208
248	85	98	0	0	162
249	88	86	0	0	205
250	111	107	0	0	216
251	101	107	0	0	231
252	88	93	0	0	247
253	13	56	0	0	168
254	13	22	0	0	156
255	19	25	0	0	165
256	27	18	0	0	197
257	17	20	0	0	198
258	94	68	0	0	182
259	99	91	0	0	204
260	85	94	0	0	159
261	88	103	0	0	161
262	90	110	0	0	156
263	76	112	0	0	177
264	89	107	0	0	187
265	100	102	0	0	198
266	73	112	0	0	208
267	80	87	0	0	178
268	104	89	0	0	184
269	83	99	0	0	181
270	111	98	0	0	165
271	104	92	0	0	161
272	100	111	0	0	184
273	99	103	0	0	220
274	102	92	0	0	189
275	96	101	0	0	194
276	109	106	0	0	188
277	84	91	0	0	189
278	92	96	0	0	174
279	83	86	0	0	189
280	112	94	0	0	204
281	116	98	0	0	161
282	96	93	0	0	155
283	116	101	0	0	203
284	98	102	0	0	185
285	79	80	0	0	201
286	117	109	0	0	179
287	93	113	0	0	209
288	84	112	0	0	208
289	94	84	0	0	183
290	120	82	0	0	214
291	105	85	0	0	198
292	94	91	0	0	185
293	89	103	0	0	175
294	121	110	0	0	184
295	105	103	0	0	205
296	89	103	0	0	176
297	102	91	0	0	195
298	92	108	0	0	207
299	110	87	0	0	175
300	81	114	0	0	207
301	94	90	0	0	192
302	74	88	0	0	189
303	82	80	0	0	184
304	95	95	0	0	184
305	84	95	0	0	185
306	97	104	0	0	219
307	72	80	0	0	168
308	24	78	0	0	214
309	27	18	0	0	171
310	16	20	0	0	183
311	20	17	0	0	200
312	17	29	0	0	210
313	89	53	0	0	259
314	89	94	0	0	175
315	87	96	0	0	191
316	110	89	0	0	211
317	88	95	0	0	177
318	108	100	0	0	167
319	116	94	0	0	202
320	95	91	0	0	184
321	118	86	0	0	178
322	103	88	0	0	178
323	84	95	0	0	156
324	111	100	0	0	167
325	71	98	0	0	170
326	98	99	0	0	164
327	90	102	0	0	178
328	116	89	0	0	161
329	95	117	0	0	170
330	77	105	0	0	200
331	95	86	0	0	185
332	91	89	0	0	204
333	88	103	0	0	220
334	103	91	0	0	164
335	100	120	0	0	232
336	106	94	0	0	205
337	101	93	0	0	201
338	97	107	0	0	164
339	87	100	0	0	189
340	103	90	0	0	180
341	98	84	0	0	150
342	98	95	0	0	181
343	99	81	0	0	189
344	104	89	0	0	165
345	97	90	0	0	174
346	94	100	0	0	184
347	96	100	0	0	177
348	87	109	0	0	158
349	112	73	0	0	205
350	76	89	0	0	184
351	87	110	0	0	169
352	108	91	0	0	186
353	98	91	0	0	194
354	95	97	0	0	155
355	78	97	0	0	185
356	92	88	0	0	198
357	90	95	0	0	175
358	99	89	0	0	193
359	88	81	0	0	166
360	88	103	0	0	185
361	101	96	0	0	173
362	102	103	0	0	210
363	107	113	0	0	158
364	16	57	0	0	206
365	23	25	0	0	156
366	26	16	0	0	204
367	21	26	0	0	197
368	16	21	0	0	161
369	107	106	0	0	202
370	106	95	0	0	176
371	97	88	0	0	189
372	109	94	0	0	196
373	108	116	0	0	148
374	92	88	0	0	184
375	99	103	0	0	182
376	83	102	0	0	200
377	102	98	0	0	169
378	91	117	0	0	194
379	97	110	0	0	201
380	86	91	0	0	224
381	94	91	0	0	207
382	84	90	0	0	200
383	94	95	0	0	204
384	95	103	0	0	184
385	89	110	0	0	232
386	89	93	0	0	195
387	90	83	0	0	201
388	95	92	0	0	241
389	103	103	0	0	171
390	91	90	0	0	148
391	96	105	0	0	187
392	109	98	0	0	183
393	88	96	0	0	182
394	100	93	0	0	205
395	97	82	0	0	170
396	92	118	0	0	186
397	86	97	0	0	171
398	112	84	0	0	172
399	103	75	0	0	197
400	90	94	0	0	173
401	92	95	0	0	200
402	83	95	0	0	183
403	98	109	0	0	231
404	79	91	0	0	168
405	99	90	0	0	187
406	95	95	0	0	164
407	97	76	0	0	173
408	94	104	0	0	194
409	108	96	0	0	168
410	88	92	0	0	190
411	98	101	0	0	191
412	87	95	0	0	145
413	103	99	0	0	185
414	93	119	0	0	191
415	101	110	0	0	204
416	96	88	0	0	191
417	96	83	0	0	154
418	21	33	0	0	184
419	12	21	0	0	181
420	18	16	0	0	160
421	20	19	0	0	153
422	44	23	0	0	165
423	92	104	0	0	197
424	96	92	0	0	194
425	97	102	0	0	172
426	90	95	0	0	186
427	108	94	0	0	195
428	91	99	0	0	185
429	112	94	0	0	173
430	95	114	0	0	189
431	93	80	0	0	192
432	82	101	0	0	184
433	97	132	0	0	199
434	97	111	0	0	174
435	95	89	0	0	151
436	102	98	0	0	193
437	96	105	0	0	181
438	91	87	0	0	197
439	107	95	0	0	141
440	104	102	0	0	176
441	82	83	0	0	168
442	91	80	0	0	191
443	95	98	0	0	153
444	95	110	0	0	170
445	97	90	0	0	165
446	90	106	0	0	189
447	93	95	0	0	151
448	97	88	0	0	189
449	92	108	0	0	197
450	84	78	0	0	167
451	91	107	0	0	177
452	86	96	0	0	171
453	97	91	0	0	163
454	93	80	0	0	194
455	104	96	0	0	193
456	96	109	0	0	173
457	99	95	0	0	187
458	101	94	0	0	195
459	83	95	0	0	196
460	85	100	0	0	164
461	100	110	0	0	171
462	95	100	0	0	187
463	100	99	0	0	173
464	84	89	0	0	170
465	126	93	0	0	183
466	93	87	0	0	168
467	99	88	0	0	217
468	93	91	0	0	193
469	105	97	0	0	192
470	115	124	0	0	161
471	105	101	0	0	210
472	102	104	0	0	184
473	81	82	0	0	188
474	20	21	0	0	175
475	17	18	0	0	168
476	22	16	0	0	186
477	14	22	0	0	176
478	20	25	0	0	176
479	97	73	0	0	180
480	130	114	0	0	158
481	84	88	0	0	178
482	96	100	0	0	161
483	96	92	0	0	173
484	87	101	0	0	189
485	102	104	0	0	173
486	100	86	0	0	171
487	91	90	0	0	153
488	93	117	0	0	154
489	98	88	0	0	200
490	94	99	0	0	192
491	95	100	0	0	180
492	90	91	0	0	224
493	105	115	0	0	211
494	100	113	0	0	175
495	96	87	0	0	184
496	99	78	0	0	183
497	107	86	0	0	222
498	108	108	0	0	164
499	96	99	0	0	185
500	102	121	0	0	196
501	98	87	0	0	201
502	99	115	0	0	207
503	88	97	0	0	185
504	109	93	0	0	180
505	107	105	0	0	187
506	120	110	0	0	191
507	91	82	0	0	173
508	91	98	0	0	211
509	104	100	0	0	192
510	100	90	0	0	177
511	103	91	0	0	174
512	105	104	0	0	169
513	93	95	0	0	166
514	96	100	0	0	193
515	85	90	0	0	208
516	112	101	0	0	174
517	93	114	0	0	178
518	77	86	0	0	181
519	102	82	0	0	176
520	87	104	0	0	157
521	102	102	0	0	157
522	85	105	0	0	159
523	84	99	0	0	190
524	99	87	0	0	177
525	103	98	0	0	221
526	113	91	0	0	178
527	95	106	0	0	174
528	17	34	0	0	191
529	16	23	0	0	208
530	16	18	0	0	197
531	23	23	0	0	187
532	28	23	0	0	166
533	104	87	0	0	221
534	105	99	0	0	169
535	94	96	0	0	196
536	91	91	0	0	172
537	96	70	0	0	167
538	90	93	0	0	187
539	98	102	0	0	148
540	95	104	0	0	166
541	92	104	0	0	198
542	79	107	0	0	171
543	97	88	0	0	174
544	100	82	0	0	174
545	96	93	0	0	191
546	109	101	0	0	193
547	111	110	0	0	162
548	99	94	0	0	178
549	101	110	0	0	164
550	99	103	0	0	185
551	106	103	0	0	163
552	109	93	0	0	184
553	86	78	0	0	157
554	99	86	0	0	180
555	81	82	0	0	224
556	110	84	0	0	190
557	124	103	0	0	214
558	98	107	0	0	169
559	75	93	0	0	167
560	106	99	0	0	181
561	87	107	0	0	141
562	87	114	0	0	169
563	86	100	0	0	195
564	91	83	0	0	160
565	104	110	0	0	179
566	81	106	0	0	159
567	88	101	0	0	162
568	101	106	0	0	177
569	84	88	0	0	169
570	99	87	0	0	154
571	89	103	0	0	157
572	121	76	0	0	187
573	109	115	0	0	175
574	88	110	0	0	193
575	104	115	0	0	184
576	103	110	0	0	168
577	110	92	0	0	189
578	110	86	0	0	189
579	94	100	0	0	205
580	97	96	0	0	217
581	85	102	0	0	184
582	18	69	0	0	147
583	13	13	0	0	141
584	21	15	0	0	198
585	18	22	0	0	160
586	25	22	0	0	181
587	103	67	0	0	201
588	116	98	0	0	170
589	90	109	0	0	232
590	117	83	0	0	167
591	96	114	0	0	220
592	90	93	0	0	192
593	85	109	0	0	180
594	91	113	0	0	157
595	72	104	0	0	176
596	116	99	0	0	175
597	107	96	0	0	245
598	105	95	0	0	178
599	84	88	0	0	179
600	90	98	0	0	181
601	93	84	0	0	141
602	74	114	0	0	167
603	89	74	0	0	195
604	100	107	0	0	167
605	105	94	0	0	181
606	106	88	0	0	171
607	78	85	0	0	187
608	80	83	0	0	158
609	74	106	0	0	195
610	93	82	0	0	170
611	83	95	0	0	196
612	92	101	0	0	149
613	94	101	0	0	227
614	97	104	0	0	169
615	95	119	0	0	168
616	89	111	0	0	165
617	82	97	0	0	169
618	104	109	0	0	143
619	105	101	0	0	167
620	99	96	0	0	177
621	118	93	0	0	220
622	102	96	0	0	217
623	103	110	0	0	189
624	91	92	0	0	187
625	101	80	0	0	193
626	82	100	0	0	183
627	98	94	0	0	180
628	93	83	0	0	165
629	110	89	0	0	204
630	113	98	0	0	186
631	91	98	0	0	196
632	90	98	0	0	156
633	115	88	0	0	190
634	120	95	0	0	166
635	89	105	0	0	150
636	95	109	0	0	181
637	19	59	0	0	179
638	19	14	0	0	165
639	19	15	0	0	195
640	28	17	0	0	167
641	13	15	0	0	187
642	113	94	0	0	160
643	89	96	0	0	191
644	90	95	0	0	203
645	109	97	0	0	161
646	89	100	0	0	147
647	85	95	0	0	177
648	79	94	0	0	200
649	88	82	0	0	153
650	81	114	0	0	206
651	98	100	0	0	190
652	93	102	0	0	164
653	104	101	0	0	171
654	80	101	0	0	172
655	118	105	0	0	158
656	108	94	0	0	189
657	114	88	0	0	154
658	85	90	0	0	193
659	92	102	0	0	182
660	96	102	0	0	202
661	67	104	0	0	244
662	106	106	0	0	172
663	87	100	0	0	186
664	98	96	0	0	193
665	83	108	0	0	158
666	80	81	0	0	139
667	101	100	0	0	230
668	103	94	0	0	180
669	107	85	0	0	181
670	103	85	0	0	186
671	95	100	0	0	207
672	87	119	0	0	173
673	100	78	0	0	158
674	84	86	0	0	184
675	112	115	0	0	176
676	111	106	0	0	184
677	113	105	0	0	199
678	92	110	0	0	183
679	100	119	0	0	221
680	83	111	0	0	237
681	85	90	0	0	203
682	100	94	0	0	162
683	111	98	0	0	187
684	92	93	0	0	195
685	105	109	0	0	210
686	100	104	0	0	204
687	115	95	0	0	206
688	93	100	0	0	208
689	86	91	0	0	151
690	43	103	0	0	197
691	19	24	0	0	190
692	16	32	0	0	185
693	20	22	0	0	152
694	24	19	0	0	178
695	32	16	0	0	183
696	73	48	0	0	200
697	96	79	0	0	173
698	94	80	0	0	173
699	89	116	0	0	189
700	85	111	0	0	195
701	97	91	0	0	170
702	82	98	0	0	170
703	92	85	0	0	195
704	75	98	0	0	145
705	79	105	0	0	193
706	78	84	0	0	172
707	92	98	0	0	198
708	103	107	0	0	169
709	105	83	0	0	176
710	114	93	0	0	186
711	108	94	0	0	185
712	110	104	0	0	155
713	96	93	0	0	175
714	106	83	0	0	214
715	74	85	0	0	175
716	108	104	0	0	177
717	85	91	0	0	189
718	90	72	0	0	174
719	97	124	0	0	181
720	86	107	0	0	173
721	100	100	0	0	194
722	89	77	0	0	166
723	95	97	0	0	181
724	109	100	0	0	170
725	85	106	0	0	153
726	95	104	0	0	168
727	77	85	0	0	178
728	101	95	0	0	170
729	108	90	0	0	145
730	97	103	0	0	189
731	87	88	0	0	148
732	93	82	0	0	178
733	86	94	0	0	167
734	91	67	0	0	193
735	88	103	0	0	180
736	85	96	0	0	167
737	88	110	0	0	186
738	99	99	0	0	209
739	103	107	0	0	201
740	101	85	0	0	165
741	101	109	0	0	164
742	83	104	0	0	185
743	96	92	0	0	148
744	89	87	0	0	177
745	66	118	0	0	173
746	20	27	0	0	159
747	22	22	0	0	194
748	18	20	0	0	184
749	17	22	0	0	158
750	38	18	0	0	166
751	112	83	0	0	180
752	106	79	0	0	187
753	81	110	0	0	136
754	93	116	0	0	196
755	104	102	0	0	168
756	94	82	0	0	171
757	94	88	0	0	183
758	103	103	0	0	206
759	84	95	0	0	169
760	88	95	0	0	130
761	94	93	0	0	157
762	87	102	0	0	189
763	98	100	0	0	182
764	92	99	0	0	176
765	87	103	0	0	155
766	95	88	0	0	159
767	85	110	0	0	197
768	94	71	0	0	189
769	89	92	0	0	176
770	96	102	0	0	173
771	82	105	0	0	211
772	84	96	0	0	151
773	102	88	0	0	147
774	104	95	0	0	195
775	86	106	0	0	146
776	112	93	0	0	172
777	86	106	0	0	193
778	100	96	0	0	231
779	75	91	0	0	172
780	92	90	0	0	158
781	80	91	0	0	195
782	84	81	0	0	185
783	111	118	0	0	175
784	112	106	0	0	190
785	85	98	0	0	164
786	80	112	0	0	177
787	98	92	0	0	238
788	102	82	0	0	170
789	81	99	0	0	172
790	98	123	0	0	164
791	94	108	0	0	164
792	102	79	0	0	177
793	94	96	0	0	166
794	110	110	0	0	163
795	98	102	0	0	156
796	78	119	0	0	183
797	94	94	0	0	176
798	89	85	0	0	187
799	105	114	0	0	192
800	15	62	0	0	172
801	18	21	0	0	182
802	13	22	0	0	167
803	15	20	0	0	205
804	22	26	0	0	167
805	35	50	0	0	235
806	134	92	0	0	154
807	105	111	0	0	151
808	94	103	0	0	150
809	96	97	0	0	157
810	93	86	0	0	181
811	94	108	0	0	180
812	85	110	0	0	168
813	90	96	0	0	161
814	104	97	0	0	184
815	100	106	0	0	213
816	85	98	0	0	171
817	111	108	0	0	187
818	89	95	0	0	197
819	78	74	0	0	169
820	99	104	0	0	185
821	110	88	0	0	201
822	102	92	0	0	157
823	99	114	0	0	207
824	110	92	0	0	172
825	88	79	0	0	193
826	94	87	0	0	172
827	77	88	0	0	174
828	88	96	0	0	148
829	107	108	0	0	207
830	113	92	0	0	177
831	106	98	0	0	185
832	127	100	0	0	186
833	101	107	0	0	177
834	84	105	0	0	206
835	82	90	0	0	189
836	78	91	0	0	172
837	102	108	0	0	223
838	105	68	0	0	179
839	111	97	0	0	173
840	68	98	0	0	170
841	122	89	0	0	183
842	96	95	0	0	209
843	103	101	0	0	182
844	81	92	0	0	232
845	98	140	0	0	180
846	92	81	0	0	197
847	109	95	0	0	231
848	113	100	0	0	203
849	85	87	0	0	171
850	96	92	0	0	182
851	95	101	0	0	167
852	98	104	0	0	180
853	88	102	0	0	180
854	88	96	0	0	201
855	19	20	0	0	191
856	20	16	0	0	194
857	17	17	0	0	183
858	23	18	0	0	140
859	39	16	0	0	185
860	93	115	0	0	239
861	96	111	0	0	158
862	89	73	0	0	199
863	121	92	0	0	183
864	116	89	0	0	184
865	74	115	0	0	178
866	102	113	0	0	180
867	97	101	0	0	150
868	101	103	0	0	187
869	92	115	0	0	174
870	90	90	0	0	177
871	92	111	0	0	190
872	112	117	0	0	195
873	91	90	0	0	143
874	95	84	0	0	179
875	100	80	0	0	165
876	90	108	0	0	184
877	84	117	0	0	176
878	94	93	0	0	240
879	92	92	0	0	194
880	118	120	0	0	179
881	76	110	0	0	192
882	97	97	0	0	177
883	105	91	0	0	168
884	105	105	0	0	170
885	110	95	0	0	194
886	82	113	0	0	156
887	112	95	0	0	186
888	94	98	0	0	193
889	85	94	0	0	188
890	94	101	0	0	185
891	103	121	0	0	177
892	99	85	0	0	214
893	88	115	0	0	171
894	96	98	0	0	157
895	99	107	0	0	188
896	86	98	0	0	173
897	91	95	0	0	194
898	90	76	0	0	181
899	77	114	0	0	165
900	99	107	0	0	199
901	88	93	0	0	193
902	89	95	0	0	173
903	94	100	0	0	192
904	89	99	0	0	181
905	104	90	0	0	194
906	108	102	0	0	189
907	108	119	0	0	188
908	18	63	0	0	176
909	28	17	0	0	168
910	23	22	0	0	147
911	27	20	0	0	202
912	24	20	0	0	169
913	100	85	0	0	169
914	107	92	0	0	194
915	97	94	0	0	190
916	98	97	0	0	194
917	95	94	0	0	218
918	86	97	0	0	238
919	105	111	0	0	176
920	95	112	0	0	188
921	89	80	0	0	188
922	106	100	0	0	165
923	102	104	0	0	201
924	88	106	0	0	174
925	100	103	0	0	197
926	87	93	0	0	168
927	105	92	0	0	178
928	98	108	0	0	186
929	104	97	0	0	201
930	90	93	0	0	175
931	98	86	0	0	193
932	84	92	0	0	181
933	99	106	0	0	161
934	106	109	0	0	175
935	116	91	0	0	233
936	110	89	0	0	176
937	93	105	0	0	209
938	91	97	0	0	149
939	91	115	0	0	166
940	107	95	0	0	167
941	86	94	0	0	170
942	90	96	0	0	217
943	106	92	0	0	180
944	101	90	0	0	146
945	88	103	0	0	215
946	93	108	0	0	140
947	81	83	0	0	177
948	106	95	0	0	174
949	112	108	0	0	193
950	93	92	0	0	186
951	96	86	0	0	180
952	94	105	0	0	165
953	92	102	0	0	175
954	88	102	0	0	195
955	112	91	0	0	215
956	104	93	0	0	196
957	96	94	0	0	193
958	95	96	0	0	239
959	80	115	0	0	177
960	95	86	0	0	174
961	78	103	0	0	189
962	34	119	0	0	152
963	20	18	0	0	167
964	22	15	0	0	189
965	18	13	0	0	170
966	34	11	0	0	168
967	102	19	0	0	171
968	96	105	0	0	170
969	68	95	0	0	173
970	81	112	0	0	205
971	96	112	0	0	171
972	95	88	0	0	166
973	80	110	0	0	174
974	98	91	0	0	158
975	114	107	0	0	208
