         0         0         0         0         0         0         0         0
    0.2404   -3.6828    0.3090    5.8726    0.2404   -3.6828    0.3090    5.8726
    2.3280   -7.2064    2.4917    7.4600    2.3280   -7.2064    2.4917    7.4600
    5.1945   -8.6825    2.4929    7.4600    5.1945   -8.6825    2.4929    7.4600
    8.0554   -9.3524    1.6395    7.4600    8.0554   -9.3524    1.6395    7.4600
   11.5669  -10.0179    0.7311    7.4600   11.5669  -10.0179    0.7311    7.4600
    8.9630   -8.6009   -4.7465   13.0856    8.9630   -8.6009   -4.7465   13.0856
    8.9630   -7.1759   -5.0021   11.6681    8.9630   -7.1759   -5.0021   11.6681
    8.9630   -5.8365   -4.6511    9.9921    8.9630   -5.8365   -4.6511    9.9921
    8.9630   -4.4591   -4.5000    8.7400    8.9630   -4.4591   -4.5000    8.7400
    8.9630   -4.4591   -4.5000    8.7400    8.9630   -4.4591   -4.5000    8.7400
    8.9630   -4.4591   -4.5000    8.7400    8.9630   -4.4591   -4.5000    8.7400
    8.9630   -4.4591   -4.5000    8.7400    8.9630   -4.4591   -4.5000    8.7400
    8.9630   -4.4591   -4.5000    8.7400    8.9630   -4.4591   -4.5000    8.7400
    8.9630   -4.4591   -4.5000    8.7400    8.9630   -4.4591   -4.5000    8.7400
    8.9630   -4.4591   -4.5000    8.7400    8.9630   -4.4591   -4.5000    8.7400
    8.9630   -4.4591   -4.5000    8.7400    8.9630   -4.4591   -4.5000    8.7400
    8.9630   -4.4591   -4.5000    8.7400    8.9630   -4.4591   -4.5000    8.7400
    8.9630   -4.4591   -4.5000    8.7400    8.9630   -4.4591   -4.5000    8.7400
    8.9630   -4.4591   -4.5000    8.7400    8.9630   -4.4591   -4.5000    8.7400
    8.9630   -4.4591   -4.5000    8.7400    8.9630   -4.4591   -4.5000    8.7400
    8.9630   -5.8365   -4.6511    9.9921    8.9630   -5.8365   -4.6511    9.9921
    8.9630   -7.1759   -5.0021   11.6681    8.9630   -7.1759   -5.0021   11.6681
    8.9630   -8.6009   -4.7465   13.0856    8.9630   -8.6009   -4.7465   13.0856
   11.5669  -10.0179    0.7311    7.4600   11.5669  -10.0179    0.7311    7.4600
    8.0554   -9.3524    1.6395    7.4600    8.0554   -9.3524    1.6395    7.4600
    5.1945   -8.6825    2.4929    7.4600    5.1945   -8.6825    2.4929    7.4600
    2.3280   -7.2064    2.4917    7.4600    2.3280   -7.2064    2.4917    7.4600
    0.2404   -3.6828    0.3090    5.8726    0.2404   -3.6828    0.3090    5.8726
         0         0         0         0         0         0         0         0
