# Generated by rtusual2.m
# Shuttle distance (um)  Voltages: #1 #2 #3 #4 (centre)  (V)
   0.0000000e+00  -8.0000000e+00   0.0000000e+00   6.1800000e+00  -8.0000000e+00
   1.8090452e+00  -7.7156195e+00   0.0000000e+00   6.0331768e+00  -7.9883930e+00
   3.6180905e+00  -7.4327880e+00   0.0000000e+00   5.8845659e+00  -7.9768469e+00
   5.4271357e+00  -7.1515204e+00   0.0000000e+00   5.7341923e+00  -7.9653621e+00
   7.2361809e+00  -6.8718317e+00   0.0000000e+00   5.5820812e+00  -7.9539392e+00
   9.0452261e+00  -6.5937368e+00   0.0000000e+00   5.4282579e+00  -7.9425788e+00
   1.0854271e+01  -6.3172504e+00   0.0000000e+00   5.2727475e+00  -7.9312814e+00
   1.2663317e+01  -6.0423877e+00   0.0000000e+00   5.1155752e+00  -7.9200476e+00
   1.4472362e+01  -5.7691633e+00   0.0000000e+00   4.9567661e+00  -7.9088779e+00
   1.6281407e+01  -5.4975924e+00   0.0000000e+00   4.7963455e+00  -7.8977730e+00
   1.8090452e+01  -5.2276897e+00   0.0000000e+00   4.6343386e+00  -7.8867334e+00
   1.9899497e+01  -4.9594701e+00   0.0000000e+00   4.4707704e+00  -7.8757596e+00
   2.1708543e+01  -4.6929486e+00   0.0000000e+00   4.3056663e+00  -7.8648521e+00
   2.3517588e+01  -4.4281401e+00   0.0000000e+00   4.1390513e+00  -7.8540117e+00
   2.5326633e+01  -4.1650594e+00   0.0000000e+00   3.9709507e+00  -7.8432387e+00
   2.7135678e+01  -3.8936765e+00   2.4553867e-03   3.8001928e+00  -7.8329134e+00
   2.8944724e+01  -3.5964691e+00   1.2300904e-02   3.6246600e+00  -7.8236966e+00
   3.0753769e+01  -3.2798011e+00   2.9187371e-02   3.4450360e+00  -7.8153441e+00
   3.2562814e+01  -2.9507861e+00   5.2591220e-02   3.2620926e+00  -7.8075836e+00
   3.4371859e+01  -2.6165374e+00   8.1988881e-02   3.0766020e+00  -7.8001426e+00
   3.6180905e+01  -2.2841684e+00   1.1685679e-01   2.8893359e+00  -7.7927485e+00
   3.7989950e+01  -1.9607925e+00   1.5667137e-01   2.7010666e+00  -7.7851290e+00
   3.9798995e+01  -1.6535231e+00   2.0090906e-01   2.5125658e+00  -7.7770117e+00
   4.1608040e+01  -1.3694736e+00   2.4904628e-01   2.3246058e+00  -7.7681239e+00
   4.3417085e+01  -1.1157574e+00   3.0055948e-01   2.1379584e+00  -7.7581934e+00
   4.5226131e+01  -8.9948788e-01   3.5492508e-01   1.9533956e+00  -7.7469476e+00
   4.7035176e+01  -7.2777843e-01   4.1161951e-01   1.7716894e+00  -7.7341141e+00
   4.8844221e+01  -6.0774245e-01   4.7011920e-01   1.5936119e+00  -7.7194204e+00
   5.0653266e+01  -5.4649335e-01   5.2990059e-01   1.4199351e+00  -7.7025941e+00
   5.2462312e+01  -5.4000000e-01   5.9566845e-01   1.2500231e+00  -7.6790544e+00
   5.4271357e+01  -5.4000000e-01   6.8966468e-01   1.0781373e+00  -7.6296465e+00
   5.6080402e+01  -5.4000000e-01   8.1010686e-01   9.0448180e-01  -7.5548429e+00
   5.7889447e+01  -5.4000000e-01   9.5191493e-01   7.3011885e-01  -7.4578240e+00
   5.9698492e+01  -5.4000000e-01   1.1100088e+00   5.5611065e-01  -7.3417700e+00
   6.1507538e+01  -5.4000000e-01   1.2793085e+00   3.8351942e-01  -7.2098614e+00
   6.3316583e+01  -5.4000000e-01   1.4547338e+00   2.1340736e-01  -7.0652783e+00
   6.5125628e+01  -5.4000000e-01   1.6312048e+00   4.6836686e-02  -6.9112012e+00
   6.6934673e+01  -5.4000000e-01   1.8036413e+00  -1.1513038e-01  -6.7508103e+00
   6.8743719e+01  -5.4000000e-01   1.9669634e+00  -2.7143163e-01  -6.5872860e+00
   7.0552764e+01  -5.4000000e-01   2.1160909e+00  -4.2100485e-01  -6.4238086e+00
   7.2361809e+01  -5.4000000e-01   2.2459437e+00  -5.6278783e-01  -6.2635585e+00
   7.4170854e+01  -5.4000000e-01   2.3514419e+00  -6.9571835e-01  -6.1097158e+00
   7.5979899e+01  -5.4000000e-01   2.4275053e+00  -8.1873419e-01  -5.9654610e+00
   7.7788945e+01  -5.4000000e-01   2.4713776e+00  -9.3131351e-01  -5.8329734e+00
   7.9597990e+01  -5.4000000e-01   2.5064605e+00  -1.0389666e+00  -5.7028722e+00
   8.1407035e+01  -5.4000000e-01   2.5399614e+00  -1.1433339e+00  -5.5721552e+00
   8.3216080e+01  -5.4000000e-01   2.5717109e+00  -1.2443292e+00  -5.4409313e+00
   8.5025126e+01  -5.4000000e-01   2.6015399e+00  -1.3418659e+00  -5.3093095e+00
   8.6834171e+01  -5.4000000e-01   2.6292790e+00  -1.4358577e+00  -5.1773986e+00
   8.8643216e+01  -5.4000000e-01   2.6547591e+00  -1.5262182e+00  -5.0453075e+00
   9.0452261e+01  -5.4000000e-01   2.6778107e+00  -1.6128610e+00  -4.9131452e+00
   9.2261307e+01  -5.4000000e-01   2.6982648e+00  -1.6956997e+00  -4.7810206e+00
   9.4070352e+01  -5.4000000e-01   2.7159519e+00  -1.7746479e+00  -4.6490426e+00
   9.5879397e+01  -5.4000000e-01   2.7307029e+00  -1.8496191e+00  -4.5173200e+00
   9.7688442e+01  -5.4000000e-01   2.7423485e+00  -1.9205271e+00  -4.3859618e+00
   9.9497487e+01  -5.4000000e-01   2.7507194e+00  -1.9872854e+00  -4.2550770e+00
   1.0130653e+02  -5.4000000e-01   2.7556463e+00  -2.0498076e+00  -4.1247743e+00
   1.0311558e+02  -5.4000000e-01   2.7569252e+00  -2.1080257e+00  -3.9951597e+00
   1.0492462e+02  -5.4000000e-01   2.7525234e+00  -2.1629824e+00  -3.8661254e+00
   1.0673367e+02  -5.4000000e-01   2.7418091e+00  -2.2154249e+00  -3.7375338e+00
   1.0854271e+02  -5.4000000e-01   2.7254482e+00  -2.2654983e+00  -3.6093342e+00
   1.1035176e+02  -5.4000000e-01   2.7041064e+00  -2.3133474e+00  -3.4814760e+00
   1.1216080e+02  -5.4000000e-01   2.6784495e+00  -2.3591174e+00  -3.3539084e+00
   1.1396985e+02  -5.4000000e-01   2.6491431e+00  -2.4029532e+00  -3.2265806e+00
   1.1577889e+02  -5.4000000e-01   2.6168530e+00  -2.4449999e+00  -3.0994421e+00
   1.1758794e+02  -5.4000000e-01   2.5822449e+00  -2.4854023e+00  -2.9724420e+00
   1.1939698e+02  -5.4000000e-01   2.5459847e+00  -2.5243057e+00  -2.8455297e+00
   1.2120603e+02  -5.4000000e-01   2.5087379e+00  -2.5618548e+00  -2.7186545e+00
   1.2301508e+02  -5.4000000e-01   2.4711705e+00  -2.5981949e+00  -2.5917656e+00
   1.2482412e+02  -5.4000000e-01   2.4339480e+00  -2.6334708e+00  -2.4648123e+00
   1.2663317e+02  -5.4000000e-01   2.3977362e+00  -2.6678276e+00  -2.3377439e+00
   1.2844221e+02  -5.4000000e-01   2.3632009e+00  -2.7014102e+00  -2.2105097e+00
   1.3025126e+02  -5.4000000e-01   2.3289083e+00  -2.7339492e+00  -2.0835855e+00
   1.3206030e+02  -5.4000000e-01   2.2925827e+00  -2.7650673e+00  -1.9574894e+00
   1.3386935e+02  -5.4000000e-01   2.2544512e+00  -2.7949165e+00  -1.8320108e+00
   1.3567839e+02  -5.4000000e-01   2.2147501e+00  -2.8236506e+00  -1.7069371e+00
   1.3748744e+02  -5.4000000e-01   2.1737155e+00  -2.8514235e+00  -1.5820553e+00
   1.3929648e+02  -5.4000000e-01   2.1315836e+00  -2.8783891e+00  -1.4571526e+00
   1.4110553e+02  -5.4000000e-01   2.0885907e+00  -2.9047011e+00  -1.3320161e+00
   1.4291457e+02  -5.4000000e-01   2.0449730e+00  -2.9305134e+00  -1.2064329e+00
   1.4472362e+02  -5.4000000e-01   2.0009667e+00  -2.9559798e+00  -1.0801901e+00
   1.4653266e+02  -5.4000000e-01   1.9568081e+00  -2.9812543e+00  -9.5307504e-01
   1.4834171e+02  -5.4000000e-01   1.9127333e+00  -3.0064906e+00  -8.2487467e-01
   1.5015075e+02  -5.4000000e-01   1.8689785e+00  -3.0318425e+00  -6.9537619e-01
   1.5195980e+02  -5.4000000e-01   1.8257800e+00  -3.0574640e+00  -5.6436673e-01
   1.5376884e+02  -5.4000000e-01   1.7833740e+00  -3.0835088e+00  -4.3163343e-01
   1.5557789e+02  -5.4000000e-01   1.7416719e+00  -3.1097910e+00  -2.9743841e-01
   1.5738693e+02  -5.4000000e-01   1.6998935e+00  -3.1354974e+00  -1.6290643e-01
   1.5919598e+02  -5.4000000e-01   1.6580130e+00  -3.1607027e+00  -2.7906895e-02
   1.6100503e+02  -5.4000000e-01   1.6160566e+00  -3.1855389e+00   1.0777107e-01
   1.6281407e+02  -5.4000000e-01   1.5740503e+00  -3.2101377e+00   2.4433834e-01
   1.6462312e+02  -5.4000000e-01   1.5320202e+00  -3.2346310e+00   3.8200581e-01
   1.6643216e+02  -5.4000000e-01   1.4899926e+00  -3.2591508e+00   5.2098436e-01
   1.6824121e+02  -5.4000000e-01   1.4479935e+00  -3.2838288e+00   6.6148486e-01
   1.7005025e+02  -5.4000000e-01   1.4060491e+00  -3.3087969e+00   8.0371821e-01
   1.7185930e+02  -5.4000000e-01   1.3641856e+00  -3.3341869e+00   9.4789529e-01
   1.7366834e+02  -5.4000000e-01   1.3224289e+00  -3.3601309e+00   1.0942270e+00
   1.7547739e+02  -5.4000000e-01   1.2808053e+00  -3.3867605e+00   1.2429241e+00
   1.7728643e+02  -5.4000000e-01   1.2393409e+00  -3.4142078e+00   1.3941977e+00
   1.7909548e+02  -5.4000000e-01   1.1980619e+00  -3.4426044e+00   1.5482585e+00
   1.8090452e+02  -5.4000000e-01   1.1575378e+00  -3.4726925e+00   1.7085432e+00
   1.8271357e+02  -5.4000000e-01   1.1206784e+00  -3.5077755e+00   1.8923764e+00
   1.8452261e+02  -5.4000000e-01   1.0870889e+00  -3.5473470e+00   2.0974675e+00
   1.8633166e+02  -5.4000000e-01   1.0557890e+00  -3.5902359e+00   2.3180511e+00
   1.8814070e+02  -5.4000000e-01   1.0257982e+00  -3.6352712e+00   2.5483617e+00
   1.8994975e+02  -5.4000000e-01   9.9613645e-01  -3.6812818e+00   2.7826340e+00
   1.9175879e+02  -5.4000000e-01   9.6582326e-01  -3.7270969e+00   3.0151025e+00
   1.9356784e+02  -5.4000000e-01   9.3387836e-01  -3.7715453e+00   3.2400019e+00
   1.9537688e+02  -5.4000000e-01   8.9932144e-01  -3.8134561e+00   3.4515668e+00
   1.9718593e+02  -5.4000000e-01   8.6117217e-01  -3.8516582e+00   3.6440317e+00
   1.9899497e+02  -5.4000000e-01   8.1845026e-01  -3.8849806e+00   3.8116313e+00
   2.0080402e+02  -5.4000000e-01   7.7017537e-01  -3.9122525e+00   3.9486001e+00
   2.0261307e+02  -5.4000000e-01   7.1536719e-01  -3.9323026e+00   4.0491727e+00
   2.0442211e+02  -5.4000000e-01   6.5304542e-01  -3.9439601e+00   4.1075838e+00
   2.0623116e+02  -5.3278168e-01   5.7745506e-01  -3.9454070e+00   4.1163814e+00
   2.0804020e+02  -4.0496628e-01   4.1327433e-01  -3.9258487e+00   4.0469950e+00
   2.0984925e+02  -1.3607139e-01   1.4813255e-01  -3.8840527e+00   3.9010215e+00
   2.1165829e+02   2.4967439e-01  -2.0056911e-01  -3.8229553e+00   3.6916138e+00
   2.1346734e+02   7.2804248e-01  -6.1542944e-01  -3.7454931e+00   3.4319247e+00
   2.1527638e+02   1.2748043e+00  -1.0790473e+00  -3.6546025e+00   3.1351072e+00
   2.1708543e+02   1.8657311e+00  -1.5740214e+00  -3.5532200e+00   2.8143139e+00
   2.1889447e+02   2.4765945e+00  -2.0829507e+00  -3.4442822e+00   2.4826979e+00
   2.2070352e+02   3.0831658e+00  -2.5884339e+00  -3.3307254e+00   2.1534119e+00
   2.2251256e+02   3.6612164e+00  -3.0730698e+00  -3.2154863e+00   1.8396087e+00
   2.2432161e+02   4.1865177e+00  -3.5194574e+00  -3.1015013e+00   1.5544413e+00
   2.2613065e+02   4.6348411e+00  -3.9101953e+00  -2.9917069e+00   1.3110624e+00
   2.2793970e+02   4.9819580e+00  -4.2278823e+00  -2.8890395e+00   1.1226249e+00
   2.2974874e+02   5.2036399e+00  -4.4551174e+00  -2.7964357e+00   1.0022817e+00
   2.3155779e+02   5.2759814e+00  -4.5747392e+00  -2.7168062e+00   9.6300000e-01
   2.3336683e+02   5.2708488e+00  -4.6403455e+00  -2.6452022e+00   9.6300000e-01
   2.3517588e+02   5.2571554e+00  -4.7024438e+00  -2.5760765e+00   9.6300000e-01
   2.3698492e+02   5.2356891e+00  -4.7608285e+00  -2.5091212e+00   9.6300000e-01
   2.3879397e+02   5.2072378e+00  -4.8152938e+00  -2.4440286e+00   9.6300000e-01
   2.4060302e+02   5.1725894e+00  -4.8656342e+00  -2.3804911e+00   9.6300000e-01
   2.4241206e+02   5.1325317e+00  -4.9116438e+00  -2.3182009e+00   9.6300000e-01
   2.4422111e+02   5.0878528e+00  -4.9531171e+00  -2.2568503e+00   9.6300000e-01
   2.4603015e+02   5.0393405e+00  -4.9898483e+00  -2.1961315e+00   9.6300000e-01
   2.4783920e+02   4.9877826e+00  -5.0216318e+00  -2.1357369e+00   9.6300000e-01
   2.4964824e+02   4.9339671e+00  -5.0482619e+00  -2.0753587e+00   9.6300000e-01
   2.5145729e+02   4.8786819e+00  -5.0695328e+00  -2.0146892e+00   9.6300000e-01
   2.5326633e+02   4.8227149e+00  -5.0852390e+00  -1.9534207e+00   9.6300000e-01
   2.5507538e+02   4.7668540e+00  -5.0951747e+00  -1.8912454e+00   9.6300000e-01
   2.5688442e+02   4.7118870e+00  -5.0991342e+00  -1.8278556e+00   9.6300000e-01
   2.5869347e+02   4.6550114e+00  -5.0985796e+00  -1.7633588e+00   9.6300000e-01
   2.6050251e+02   4.5909180e+00  -5.0963569e+00  -1.6983861e+00   9.6300000e-01
   2.6231156e+02   4.5203730e+00  -5.0926521e+00  -1.6330390e+00   9.6300000e-01
   2.6412060e+02   4.4442474e+00  -5.0876041e+00  -1.5674086e+00   9.6300000e-01
   2.6592965e+02   4.3634121e+00  -5.0813519e+00  -1.5015857e+00   9.6300000e-01
   2.6773869e+02   4.2787380e+00  -5.0740343e+00  -1.4356611e+00   9.6300000e-01
   2.6954774e+02   4.1910960e+00  -5.0657901e+00  -1.3697259e+00   9.6300000e-01
   2.7135678e+02   4.1013571e+00  -5.0567583e+00  -1.3038710e+00   9.6300000e-01
   2.7316583e+02   4.0103920e+00  -5.0470777e+00  -1.2381873e+00   9.6300000e-01
   2.7497487e+02   3.9190718e+00  -5.0368872e+00  -1.1727656e+00   9.6300000e-01
   2.7678392e+02   3.8282674e+00  -5.0263257e+00  -1.1076969e+00   9.6300000e-01
   2.7859296e+02   3.7388497e+00  -5.0155321e+00  -1.0430722e+00   9.6300000e-01
   2.8040201e+02   3.6516895e+00  -5.0046452e+00  -9.7898227e-01   9.6300000e-01
   2.8221106e+02   3.5676579e+00  -4.9938040e+00  -9.1551811e-01   9.6300000e-01
   2.8402010e+02   3.4865562e+00  -4.9826416e+00  -8.5270704e-01   9.6300000e-01
   2.8582915e+02   3.4052049e+00  -4.9695857e+00  -7.9036006e-01   9.6300000e-01
   2.8763819e+02   3.3234759e+00  -4.9547449e+00  -7.2842385e-01   9.6300000e-01
   2.8944724e+02   3.2415489e+00  -4.9383826e+00  -6.6686158e-01   9.6300000e-01
   2.9125628e+02   3.1596035e+00  -4.9207622e+00  -6.0563641e-01   9.6300000e-01
   2.9306533e+02   3.0778193e+00  -4.9021472e+00  -5.4471149e-01   9.6300000e-01
   2.9487437e+02   2.9963758e+00  -4.8828009e+00  -4.8404999e-01   9.6300000e-01
   2.9668342e+02   2.9154528e+00  -4.8629868e+00  -4.2361506e-01   9.6300000e-01
   2.9849246e+02   2.8352297e+00  -4.8429684e+00  -3.6336987e-01   9.6300000e-01
   3.0030151e+02   2.7558863e+00  -4.8230091e+00  -3.0327756e-01   9.6300000e-01
   3.0211055e+02   2.6776020e+00  -4.8033722e+00  -2.4330132e-01   9.6300000e-01
   3.0391960e+02   2.6005566e+00  -4.7843212e+00  -1.8340428e-01   9.6300000e-01
   3.0572864e+02   2.5249295e+00  -4.7661196e+00  -1.2354962e-01   9.6300000e-01
   3.0753769e+02   2.4509005e+00  -4.7490308e+00  -6.3700487e-02   9.6300000e-01
   3.0934673e+02   2.3785203e+00  -4.7330886e+00  -3.8795519e-03   9.6300000e-01
   3.1115578e+02   2.3069226e+00  -4.7167518e+00   5.5506072e-02   9.6300000e-01
   3.1296482e+02   2.2359649e+00  -4.6998723e+00   1.1445167e-01   9.6300000e-01
   3.1477387e+02   2.1657118e+00  -4.6826812e+00   1.7305439e-01   9.6300000e-01
   3.1658291e+02   2.0962282e+00  -4.6654095e+00   2.3141138e-01   9.6300000e-01
   3.1839196e+02   2.0275789e+00  -4.6482881e+00   2.8961980e-01   9.6300000e-01
   3.2020101e+02   1.9598287e+00  -4.6315480e+00   3.4777680e-01   9.6300000e-01
   3.2201005e+02   1.8930425e+00  -4.6154202e+00   4.0597954e-01   9.6300000e-01
   3.2381910e+02   1.8272850e+00  -4.6001357e+00   4.6432516e-01   9.6300000e-01
   3.2562814e+02   1.7626212e+00  -4.5859256e+00   5.2291082e-01   9.6300000e-01
   3.2743719e+02   1.6991158e+00  -4.5730207e+00   5.8183367e-01   9.6300000e-01
   3.2924623e+02   1.6368336e+00  -4.5616522e+00   6.4119086e-01   9.6300000e-01
   3.3105528e+02   1.5758395e+00  -4.5520510e+00   7.0107955e-01   9.6300000e-01
   3.3286432e+02   1.5161983e+00  -4.5444481e+00   7.6159688e-01   9.6300000e-01
   3.3467337e+02   1.4579596e+00  -4.5390245e+00   8.2283081e-01   9.6300000e-01
   3.3648241e+02   1.4007162e+00  -4.5344358e+00   8.8457263e-01   9.6300000e-01
   3.3829146e+02   1.3442809e+00  -4.5300124e+00   9.4669717e-01   9.6300000e-01
   3.4010050e+02   1.2886812e+00  -4.5257823e+00   1.0092013e+00   9.6300000e-01
   3.4190955e+02   1.2339440e+00  -4.5217734e+00   1.0720818e+00   9.6300000e-01
   3.4371859e+02   1.1800967e+00  -4.5180137e+00   1.1353356e+00   9.6300000e-01
   3.4552764e+02   1.1271664e+00  -4.5145311e+00   1.1989596e+00   9.6300000e-01
   3.4733668e+02   1.0751804e+00  -4.5113536e+00   1.2629506e+00   9.6300000e-01
   3.4914573e+02   1.0241657e+00  -4.5085091e+00   1.3273055e+00   9.6300000e-01
   3.5095477e+02   9.7414962e-01  -4.5060255e+00   1.3920210e+00   9.6300000e-01
   3.5276382e+02   9.2515935e-01  -4.5039308e+00   1.4570942e+00   9.6300000e-01
   3.5457286e+02   8.7722206e-01  -4.5022530e+00   1.5225218e+00   9.6300000e-01
   3.5638191e+02   8.3036494e-01  -4.5010200e+00   1.5883008e+00   9.6300000e-01
   3.5819095e+02   7.8461519e-01  -4.5002596e+00   1.6544279e+00   9.6300000e-01
   3.6000000e+02   7.4000000e-01  -4.5000000e+00   1.7209000e+00   9.6300000e-01
