# Rf minimum position in the X direction (across the trap)
# using calculatestuff.m
# Position Z (m)   Design m. position (m)   Twisted RF m. position (m)
  -1.6000000e-03  -1.6122715e-19  -7.6855524e-07
  -1.5893333e-03   8.4649303e-20  -7.6720334e-07
  -1.5786667e-03  -7.6844207e-20  -7.6136069e-07
  -1.5680000e-03  -7.5325891e-20  -7.5741884e-07
  -1.5573333e-03  -7.3841367e-20  -7.5309375e-07
  -1.5466667e-03  -3.6059888e-19  -7.4837051e-07
  -1.5360000e-03   5.2906879e-20  -7.4891306e-07
  -1.5253333e-03   5.4647032e-20  -7.4141824e-07
  -1.5146667e-03  -2.7565862e-19  -7.3707636e-07
  -1.5040000e-03  -2.7477441e-19  -7.3271927e-07
  -1.4933333e-03   1.8011012e-20  -7.2926607e-07
  -1.4826667e-03   1.4503026e-19  -7.2802265e-07
  -1.4720000e-03   1.0496796e-19  -7.2210274e-07
  -1.4613333e-03  -1.0362804e-19  -7.2143084e-07
  -1.4506667e-03  -3.1338608e-19  -7.1725192e-07
  -1.4400000e-03  -1.0140439e-19  -7.1480804e-07
  -1.4293333e-03  -1.8526081e-19  -7.0902116e-07
  -1.4186667e-03  -5.6768934e-20  -7.0858397e-07
  -1.4080000e-03  -5.5624135e-20  -6.9990106e-07
  -1.3973333e-03  -5.4503224e-20  -6.9728896e-07
  -1.3866667e-03  -1.0382908e-20  -6.9416409e-07
  -1.3760000e-03  -3.5448123e-19  -6.9487914e-07
  -1.3653333e-03  -2.2449918e-19  -6.8676987e-07
  -1.3546667e-03  -3.9797679e-19  -6.8643972e-07
  -1.3440000e-03   1.2529932e-19  -6.7834682e-07
  -1.3333333e-03   1.2692002e-19  -6.7506494e-07
  -1.3226667e-03  -2.6673532e-19  -6.7356032e-07
  -1.3120000e-03  -4.6156590e-20  -6.6593148e-07
  -1.3013333e-03  -2.6628308e-19  -6.6602321e-07
  -1.2906667e-03  -1.7734121e-19  -6.5831358e-07
  -1.2800000e-03  -2.6582738e-19  -6.5451360e-07
  -1.2693333e-03   2.3632241e-21  -6.5036951e-07
  -1.2586667e-03   1.8271810e-19  -6.4878840e-07
  -1.2480000e-03  -4.0436388e-20  -6.4470591e-07
  -1.2373333e-03  -8.4603610e-20  -6.3808908e-07
  -1.2266667e-03  -8.3817108e-20  -6.3419860e-07
  -1.2160000e-03  -3.0963527e-19  -6.2814774e-07
  -1.2053333e-03  -8.2259208e-20  -6.2491489e-07
  -1.1946667e-03  -4.0050253e-19  -6.2121015e-07
  -1.1840000e-03  -8.0709985e-20  -6.1365360e-07
  -1.1733333e-03  -3.5491196e-19  -6.0997607e-07
  -1.1626667e-03  -3.5480886e-19  -6.0020526e-07
  -1.1520000e-03  -1.7050579e-19  -5.9637900e-07
  -1.1413333e-03  -3.1572077e-20  -5.8875316e-07
  -1.1306667e-03  -7.6944189e-20  -5.8531446e-07
  -1.1200000e-03  -2.9881478e-20  -5.7780983e-07
  -1.1093333e-03  -1.2175921e-19  -5.6929764e-07
  -1.0986667e-03  -3.5324943e-19  -5.6086723e-07
  -1.0880000e-03  -1.6681982e-19  -5.5926932e-07
  -1.0773333e-03  -4.4542996e-19  -5.5159723e-07
  -1.0666667e-03  -3.0515900e-19  -5.4407045e-07
  -1.0560000e-03  -7.1543860e-20  -5.3412011e-07
  -1.0453333e-03   1.6246351e-19  -5.2931731e-07
  -1.0346667e-03  -7.0047196e-20  -5.2188620e-07
  -1.0240000e-03  -3.4965869e-19  -5.1568600e-07
  -1.0133333e-03  -6.8550962e-20  -5.0538347e-07
  -1.0026667e-03  -1.6139650e-19  -5.0102618e-07
  -9.9200000e-04  -2.0749800e-19  -4.9231618e-07
  -9.8133333e-04  -3.4723890e-19  -4.8290091e-07
  -9.7066667e-04  -1.5925463e-19  -4.7252881e-07
  -9.6000000e-04  -2.5226372e-19  -4.6946260e-07
  -9.4933333e-04  -1.5785623e-19  -4.6003078e-07
  -9.3866667e-04  -3.9124937e-19  -4.5124139e-07
  -9.2800000e-04  -1.0965234e-19  -4.4180527e-07
  -9.1733333e-04  -1.5582088e-19  -4.3590719e-07
  -9.0666667e-04  -3.8933311e-19  -4.2900769e-07
  -8.9600000e-04  -3.4181029e-19  -4.2101648e-07
  -8.8533333e-04  -3.8806190e-19  -4.1491821e-07
  -8.7466667e-04   1.2773653e-19  -4.0252693e-07
  -8.6400000e-04  -1.2151478e-20  -3.9627838e-07
  -8.5333333e-04  -1.0523630e-19  -3.8670279e-07
  -8.4266667e-04   8.2722387e-20  -3.8225081e-07
  -8.3200000e-04  -5.7271103e-20  -3.7488481e-07
  -8.2133333e-04   3.7050132e-20  -3.6547749e-07
  -8.1066667e-04   1.3144742e-19  -3.5713431e-07
  -8.0000000e-04  -5.5706389e-20  -3.4710359e-07
  -7.8933333e-04  -1.9614049e-19  -3.3919553e-07
  -7.7866667e-04   8.6285658e-20  -3.3302425e-07
  -7.6800000e-04  -5.4284724e-20  -3.2345721e-07
  -7.5733333e-04  -1.0092833e-19  -3.1561830e-07
  -7.4666667e-04  -5.3412988e-20  -3.0583023e-07
  -7.3600000e-04   8.8523661e-20  -2.9809507e-07
  -7.2533333e-04  -1.4702095e-19  -2.9250960e-07
  -7.1466667e-04  -5.2207631e-20  -2.8158136e-07
  -7.0400000e-04  -3.3582878e-19  -2.7629821e-07
  -6.9333333e-04  -3.3584909e-19  -2.6376686e-07
  -6.8266667e-04  -2.4089260e-19  -2.5721943e-07
  -6.7200000e-04  -9.8324962e-20  -2.4967286e-07
  -6.6133333e-04  -2.9194643e-21  -2.4411733e-07
  -6.5066667e-04  -5.0202508e-20  -2.3229896e-07
  -6.4000000e-04  -9.7679515e-20  -2.2621621e-07
  -6.2933333e-04  -1.4530868e-19  -2.1985135e-07
  -6.1866667e-04  -2.8894601e-19  -2.1052908e-07
  -6.0800000e-04   9.4850698e-20  -2.0241084e-07
  -5.9733333e-04  -3.3742541e-19  -1.9581590e-07
  -5.8666667e-04  -9.6824067e-20  -1.8416692e-07
  -5.7600000e-04  -1.9323879e-19  -1.7549837e-07
  -5.6533333e-04  -1.9332958e-19  -1.7031478e-07
  -5.5466667e-04  -2.9028683e-19  -1.6659851e-07
  -5.4400000e-04   9.7851517e-20  -1.5680687e-07
  -5.3333333e-04   1.0329780e-21  -1.4696008e-07
  -5.2266667e-04  -3.8847212e-19  -1.4366417e-07
  -5.1200000e-04  -9.6013488e-20  -1.3480620e-07
  -5.0133333e-04  -1.9370342e-19  -1.2637510e-07
  -4.9066667e-04  -9.5795325e-20  -1.1407396e-07
  -4.8000000e-04  -2.4283052e-19  -1.1067685e-07
  -4.6933333e-04  -9.5556371e-20  -9.6249530e-08
  -4.5866667e-04  -1.4456462e-19  -8.9953501e-08
  -4.4800000e-04  -1.9375152e-19  -7.7497375e-08
  -4.3733333e-04  -2.9226501e-19  -7.1915723e-08
  -4.2666667e-04  -9.5044469e-20  -6.3992552e-08
  -4.1600000e-04   1.5205357e-19  -5.8657373e-08
  -4.0533333e-04  -1.9371090e-19  -5.0209789e-08
  -3.9466667e-04  -2.4306184e-19  -3.8637007e-08
  -3.8400000e-04  -2.4299488e-19  -3.1186873e-08
  -3.7333333e-04  -9.4293729e-20  -2.5017484e-08
  -3.6266667e-04  -1.4370130e-19  -1.5736676e-08
  -3.5200000e-04   1.0427251e-19  -2.3223886e-09
  -3.4133333e-04  -1.4327079e-19   4.1298834e-09
  -3.3066667e-04  -2.4213002e-19   1.2134607e-08
  -3.2000000e-04  -1.9234978e-19   2.2206203e-08
  -3.0933333e-04  -9.3074507e-20   2.9184419e-08
  -2.9866667e-04   1.0513213e-19   3.8726669e-08
  -2.8800000e-04  -1.9151393e-19   4.2847186e-08
  -2.7733333e-04   6.5083487e-21   5.5480726e-08
  -2.6666667e-04  -2.8982150e-19   6.5503322e-08
  -2.5600000e-04  -3.8830529e-19   7.0358045e-08
  -2.4533333e-04   7.0066839e-21   8.2400552e-08
  -2.3466667e-04  -1.4077222e-19   9.2107355e-08
  -2.2400000e-04  -2.8832551e-19   1.0049989e-07
  -2.1333333e-04  -9.0991570e-20   1.0476070e-07
  -2.0266667e-04  -9.0756767e-20   1.1133784e-07
  -1.9200000e-04  -1.3964009e-19   1.2352277e-07
  -1.8133333e-04   1.5499852e-19   1.2853664e-07
  -1.7066667e-04   5.6957517e-20   1.4090991e-07
  -1.6000000e-04  -1.3877928e-19   1.4587368e-07
  -1.4933333e-04  -1.3853822e-19   1.5514986e-07
  -1.3866667e-04  -4.3144297e-19   1.6289125e-07
  -1.2800000e-04   8.3547936e-21   1.6680799e-07
  -1.1733333e-04  -1.8660129e-19   1.7661439e-07
  -1.0666667e-04  -8.8910834e-20   1.8721326e-07
  -9.6000000e-05  -2.3480056e-19   1.9370545e-07
  -8.5333333e-05   8.6495058e-21   2.0680293e-07
  -7.4666667e-05  -1.3714108e-19   2.1000764e-07
  -6.4000000e-05  -1.8560928e-19   2.2032530e-07
  -5.3333333e-05  -3.7979480e-19   2.2960515e-07
  -4.2666667e-05   1.0595011e-19   2.3914856e-07
  -3.2000000e-05  -8.8229961e-20   2.4616605e-07
  -2.1333333e-05   8.8814350e-21   2.5499258e-07
  -1.0666667e-05   2.0304566e-19   2.6075966e-07
   0.0000000e+00  -2.8232912e-19   2.6937032e-07
   1.0666667e-05   2.0304566e-19   2.8137845e-07
   2.1333333e-05   8.8814350e-21   2.9075824e-07
   3.2000000e-05  -8.8229961e-20   2.9647717e-07
   4.2666667e-05   1.0595011e-19   3.0873281e-07
   5.3333333e-05  -3.7979480e-19   3.1430118e-07
   6.4000000e-05  -1.8560928e-19   3.2120423e-07
   7.4666667e-05  -1.3714108e-19   3.3468013e-07
   8.5333333e-05   8.6495058e-21   3.4297801e-07
   9.6000000e-05  -2.3480056e-19   3.5418197e-07
   1.0666667e-04  -8.8910834e-20   3.5920145e-07
   1.1733333e-04  -1.8660129e-19   3.6617101e-07
   1.2800000e-04   8.3547936e-21   3.7353762e-07
   1.3866667e-04  -4.3144297e-19   3.8703157e-07
   1.4933333e-04  -1.3853822e-19   3.9489130e-07
   1.6000000e-04  -1.3877928e-19   4.0020471e-07
   1.7066667e-04   5.6957517e-20   4.1266264e-07
   1.8133333e-04   1.5499852e-19   4.1864970e-07
   1.9200000e-04  -1.3964009e-19   4.2854742e-07
   2.0266667e-04  -9.0756767e-20   4.4170293e-07
   2.1333333e-04  -9.0991570e-20   4.5011881e-07
   2.2400000e-04  -2.8832551e-19   4.5959757e-07
   2.3466667e-04  -1.4077222e-19   4.6308925e-07
   2.4533333e-04   7.0066839e-21   4.7547867e-07
   2.5600000e-04  -3.8830529e-19   4.8758450e-07
   2.6666667e-04  -2.8982150e-19   4.9273372e-07
   2.7733333e-04   6.5083487e-21   5.0146073e-07
   2.8800000e-04  -1.9151393e-19   5.1103118e-07
   2.9866667e-04   1.0513213e-19   5.1726215e-07
   3.0933333e-04  -9.3074507e-20   5.2715613e-07
   3.2000000e-04  -1.9234978e-19   5.3650337e-07
   3.3066667e-04  -2.4213002e-19   5.4168448e-07
   3.4133333e-04  -1.4327079e-19   5.5540420e-07
   3.5200000e-04   1.0427251e-19   5.6280956e-07
   3.6266667e-04  -1.4370130e-19   5.6085794e-07
   3.7333333e-04  -9.4293729e-20   5.7626237e-07
   3.8400000e-04  -2.4299488e-19   5.8126432e-07
   3.9466667e-04  -2.4306184e-19   5.9392292e-07
   4.0533333e-04  -1.9371090e-19   5.9532805e-07
   4.1600000e-04   1.5205357e-19   6.0300736e-07
   4.2666667e-04  -9.5044469e-20   6.1439129e-07
   4.3733333e-04  -2.9226501e-19   6.2166639e-07
   4.4800000e-04  -1.9375152e-19   6.2974131e-07
   4.5866667e-04  -1.4456462e-19   6.3420844e-07
   4.6933333e-04  -9.5556371e-20   6.4140050e-07
   4.8000000e-04  -2.4283052e-19   6.4957790e-07
   4.9066667e-04  -9.5795325e-20   6.4965299e-07
   5.0133333e-04  -1.9370342e-19   6.6194313e-07
   5.1200000e-04  -9.6013488e-20   6.6634829e-07
   5.2266667e-04  -3.8847212e-19   6.7294882e-07
   5.3333333e-04   1.0329780e-21   6.8192690e-07
   5.4400000e-04   9.7851517e-20   6.8538947e-07
   5.5466667e-04  -2.9028683e-19   6.9171395e-07
   5.6533333e-04  -1.9332958e-19   6.9602893e-07
   5.7600000e-04  -1.9323879e-19   7.0345768e-07
   5.8666667e-04  -9.6824067e-20   7.1580258e-07
   5.9733333e-04  -3.3742541e-19   7.1844754e-07
   6.0800000e-04   9.4850698e-20   7.2217855e-07
   6.1866667e-04  -2.8894601e-19   7.2989369e-07
   6.2933333e-04  -1.4530868e-19   7.3713452e-07
   6.4000000e-04  -9.7679515e-20   7.4098495e-07
   6.5066667e-04  -5.0202508e-20   7.4613917e-07
   6.6133333e-04  -2.9194643e-21   7.5683393e-07
   6.7200000e-04  -9.8324962e-20   7.6305704e-07
   6.8266667e-04  -2.4089260e-19   7.6676444e-07
   6.9333333e-04  -3.3584909e-19   7.7363337e-07
   7.0400000e-04  -3.3582878e-19   7.7867243e-07
   7.1466667e-04  -5.2207631e-20   7.8762853e-07
   7.2533333e-04  -1.4702095e-19   7.9153036e-07
   7.3600000e-04   8.8523661e-20   8.0370886e-07
   7.4666667e-04  -5.3412988e-20   8.0727757e-07
   7.5733333e-04  -1.0092833e-19   8.1523358e-07
   7.6800000e-04  -5.4284724e-20   8.1759599e-07
   7.7866667e-04   8.6285658e-20   8.3148318e-07
   7.8933333e-04  -1.9614049e-19   8.3444386e-07
   8.0000000e-04  -5.5706389e-20   8.4427502e-07
   8.1066667e-04   1.3144742e-19   8.5040956e-07
   8.2133333e-04   3.7050132e-20   8.5706394e-07
   8.3200000e-04  -5.7271103e-20   8.6493746e-07
   8.4266667e-04   8.2722387e-20   8.7190899e-07
   8.5333333e-04  -1.0523630e-19   8.7794633e-07
   8.6400000e-04  -1.2151478e-20   8.8914170e-07
   8.7466667e-04   1.2773653e-19   8.9031758e-07
   8.8533333e-04  -3.8806190e-19   9.0135815e-07
   8.9600000e-04  -3.4181029e-19   9.0654930e-07
   9.0666667e-04  -3.8933311e-19   9.1616316e-07
   9.1733333e-04  -1.5582088e-19   9.2358247e-07
   9.2800000e-04  -1.0965234e-19   9.3031176e-07
   9.3866667e-04  -3.9124937e-19   9.4073332e-07
   9.4933333e-04  -1.5785623e-19   9.4798513e-07
   9.6000000e-04  -2.5226372e-19   9.5663218e-07
   9.7066667e-04  -1.5925463e-19   9.6468968e-07
   9.8133333e-04  -3.4723890e-19   9.7056181e-07
   9.9200000e-04  -2.0749800e-19   9.7701404e-07
   1.0026667e-03  -1.6139650e-19   9.8345901e-07
   1.0133333e-03  -6.8550962e-20   9.9076267e-07
   1.0240000e-03  -3.4965869e-19   9.9819937e-07
   1.0346667e-03  -7.0047196e-20   1.0066728e-06
   1.0453333e-03   1.6246351e-19   1.0138142e-06
   1.0560000e-03  -7.1543860e-20   1.0221289e-06
   1.0666667e-03  -3.0515900e-19   1.0274009e-06
   1.0773333e-03  -4.4542996e-19   1.0288375e-06
   1.0880000e-03  -1.6681982e-19   1.0367694e-06
   1.0986667e-03  -3.5324943e-19   1.0441720e-06
   1.1093333e-03  -1.2175921e-19   1.0450269e-06
   1.1200000e-03  -2.9881478e-20   1.0504983e-06
   1.1306667e-03  -7.6944189e-20   1.0544606e-06
   1.1413333e-03  -3.1572077e-20   1.0625577e-06
   1.1520000e-03  -1.7050579e-19   1.0637526e-06
   1.1626667e-03  -3.5480886e-19   1.0685457e-06
   1.1733333e-03  -3.5491196e-19   1.0737703e-06
   1.1840000e-03  -8.0709985e-20   1.0751007e-06
   1.1946667e-03  -4.0050253e-19   1.0778766e-06
   1.2053333e-03  -8.2259208e-20   1.0810389e-06
   1.2160000e-03  -3.0963527e-19   1.0896840e-06
   1.2266667e-03  -8.3817108e-20   1.0928881e-06
   1.2373333e-03  -8.4603610e-20   1.0926002e-06
   1.2480000e-03  -4.0436388e-20   1.0992019e-06
   1.2586667e-03   1.8271810e-19   1.0997850e-06
   1.2693333e-03   2.3632241e-21   1.1073516e-06
   1.2800000e-03  -2.6582738e-19   1.1054119e-06
   1.2906667e-03  -1.7734121e-19   1.1097776e-06
   1.3013333e-03  -2.6628308e-19   1.1098982e-06
   1.3120000e-03  -4.6156590e-20   1.1107872e-06
   1.3226667e-03  -2.6673532e-19   1.1152059e-06
   1.3333333e-03   1.2692002e-19   1.1157725e-06
   1.3440000e-03   1.2529932e-19   1.1178429e-06
   1.3546667e-03  -3.9797679e-19   1.1197542e-06
   1.3653333e-03  -2.2449918e-19   1.1241155e-06
   1.3760000e-03  -3.5448123e-19   1.1223608e-06
   1.3866667e-03  -1.0382908e-20   1.1297390e-06
   1.3973333e-03  -5.4503224e-20   1.1305259e-06
   1.4080000e-03  -5.5624135e-20   1.1348583e-06
   1.4186667e-03  -5.6768934e-20   1.1381323e-06
   1.4293333e-03  -1.8526081e-19   1.1410143e-06
   1.4400000e-03  -1.0140439e-19   1.1435576e-06
   1.4506667e-03  -3.1338608e-19   1.1457952e-06
   1.4613333e-03  -1.0362804e-19   1.1480414e-06
   1.4720000e-03   1.0496796e-19   1.1496370e-06
   1.4826667e-03   1.4503026e-19   1.1558652e-06
   1.4933333e-03   1.8011012e-20   1.1589626e-06
   1.5040000e-03  -2.7477441e-19   1.1595052e-06
   1.5146667e-03  -2.7565862e-19   1.1619984e-06
   1.5253333e-03   5.4647032e-20   1.1672967e-06
   1.5360000e-03   5.2906879e-20   1.1723630e-06
   1.5466667e-03  -3.6059888e-19   1.1764918e-06
   1.5573333e-03  -7.3841367e-20   1.1828170e-06
   1.5680000e-03  -7.5325891e-20   1.1834173e-06
   1.5786667e-03  -7.6844207e-20   1.1864207e-06
   1.5893333e-03   8.4649303e-20   1.1883930e-06
   1.6000000e-03  -1.6122715e-19   1.1985080e-06
