# Rf minimum position in the Y direction (perpendicular to the trap)
# using calculatestuff.m
# Position Z (m)   Design m. position (m)   Twisted RF m. position (m)
  -1.6000000e-03   1.2347834e-05   1.5517837e-05
  -1.5893333e-03   1.2347163e-05   1.5499062e-05
  -1.5786667e-03   1.2343090e-05   1.5484407e-05
  -1.5680000e-03   1.2347209e-05   1.5460700e-05
  -1.5573333e-03   1.2349745e-05   1.5446851e-05
  -1.5466667e-03   1.2351867e-05   1.5422030e-05
  -1.5360000e-03   1.2350154e-05   1.5395263e-05
  -1.5253333e-03   1.2348303e-05   1.5373247e-05
  -1.5146667e-03   1.2354109e-05   1.5349327e-05
  -1.5040000e-03   1.2347705e-05   1.5329894e-05
  -1.4933333e-03   1.2361526e-05   1.5304314e-05
  -1.4826667e-03   1.2364222e-05   1.5287041e-05
  -1.4720000e-03   1.2361949e-05   1.5270153e-05
  -1.4613333e-03   1.2367917e-05   1.5251595e-05
  -1.4506667e-03   1.2369831e-05   1.5230118e-05
  -1.4400000e-03   1.2369701e-05   1.5207458e-05
  -1.4293333e-03   1.2373059e-05   1.5174447e-05
  -1.4186667e-03   1.2376119e-05   1.5153272e-05
  -1.4080000e-03   1.2382649e-05   1.5134524e-05
  -1.3973333e-03   1.2386167e-05   1.5120833e-05
  -1.3866667e-03   1.2393184e-05   1.5098877e-05
  -1.3760000e-03   1.2398913e-05   1.5073925e-05
  -1.3653333e-03   1.2408766e-05   1.5055263e-05
  -1.3546667e-03   1.2411867e-05   1.5034015e-05
  -1.3440000e-03   1.2413540e-05   1.5012561e-05
  -1.3333333e-03   1.2417070e-05   1.4997607e-05
  -1.3226667e-03   1.2416981e-05   1.4972641e-05
  -1.3120000e-03   1.2425121e-05   1.4945109e-05
  -1.3013333e-03   1.2432545e-05   1.4934466e-05
  -1.2906667e-03   1.2438391e-05   1.4909408e-05
  -1.2800000e-03   1.2442372e-05   1.4889035e-05
  -1.2693333e-03   1.2449592e-05   1.4861129e-05
  -1.2586667e-03   1.2451116e-05   1.4842933e-05
  -1.2480000e-03   1.2451869e-05   1.4817134e-05
  -1.2373333e-03   1.2460695e-05   1.4793245e-05
  -1.2266667e-03   1.2461590e-05   1.4769493e-05
  -1.2160000e-03   1.2467915e-05   1.4745000e-05
  -1.2053333e-03   1.2474627e-05   1.4717212e-05
  -1.1946667e-03   1.2477494e-05   1.4688867e-05
  -1.1840000e-03   1.2481726e-05   1.4677203e-05
  -1.1733333e-03   1.2487593e-05   1.4649221e-05
  -1.1626667e-03   1.2486874e-05   1.4620255e-05
  -1.1520000e-03   1.2488284e-05   1.4593304e-05
  -1.1413333e-03   1.2491046e-05   1.4560608e-05
  -1.1306667e-03   1.2496546e-05   1.4538672e-05
  -1.1200000e-03   1.2489492e-05   1.4513204e-05
  -1.1093333e-03   1.2504061e-05   1.4486510e-05
  -1.0986667e-03   1.2509903e-05   1.4456898e-05
  -1.0880000e-03   1.2517873e-05   1.4435684e-05
  -1.0773333e-03   1.2515910e-05   1.4405885e-05
  -1.0666667e-03   1.2515684e-05   1.4377470e-05
  -1.0560000e-03   1.2523194e-05   1.4338465e-05
  -1.0453333e-03   1.2521909e-05   1.4308904e-05
  -1.0346667e-03   1.2529946e-05   1.4287323e-05
  -1.0240000e-03   1.2524394e-05   1.4258010e-05
  -1.0133333e-03   1.2530690e-05   1.4230232e-05
  -1.0026667e-03   1.2532694e-05   1.4200563e-05
  -9.9200000e-04   1.2533386e-05   1.4163694e-05
  -9.8133333e-04   1.2536120e-05   1.4136211e-05
  -9.7066667e-04   1.2541120e-05   1.4109940e-05
  -9.6000000e-04   1.2547305e-05   1.4080073e-05
  -9.4933333e-04   1.2542569e-05   1.4051819e-05
  -9.3866667e-04   1.2549111e-05   1.4015220e-05
  -9.2800000e-04   1.2549778e-05   1.3990167e-05
  -9.1733333e-04   1.2557416e-05   1.3955455e-05
  -9.0666667e-04   1.2560739e-05   1.3926481e-05
  -8.9600000e-04   1.2562004e-05   1.3892361e-05
  -8.8533333e-04   1.2566799e-05   1.3855244e-05
  -8.7466667e-04   1.2561320e-05   1.3824579e-05
  -8.6400000e-04   1.2567870e-05   1.3800444e-05
  -8.5333333e-04   1.2570718e-05   1.3766007e-05
  -8.4266667e-04   1.2572942e-05   1.3726145e-05
  -8.3200000e-04   1.2569498e-05   1.3695226e-05
  -8.2133333e-04   1.2575716e-05   1.3665287e-05
  -8.1066667e-04   1.2573521e-05   1.3635958e-05
  -8.0000000e-04   1.2578339e-05   1.3606973e-05
  -7.8933333e-04   1.2577775e-05   1.3567692e-05
  -7.7866667e-04   1.2581979e-05   1.3531615e-05
  -7.6800000e-04   1.2586614e-05   1.3504344e-05
  -7.5733333e-04   1.2582155e-05   1.3465489e-05
  -7.4666667e-04   1.2590793e-05   1.3433149e-05
  -7.3600000e-04   1.2593104e-05   1.3395155e-05
  -7.2533333e-04   1.2587674e-05   1.3365017e-05
  -7.1466667e-04   1.2592687e-05   1.3335459e-05
  -7.0400000e-04   1.2598108e-05   1.3304233e-05
  -6.9333333e-04   1.2598998e-05   1.3268554e-05
  -6.8266667e-04   1.2604090e-05   1.3238838e-05
  -6.7200000e-04   1.2603768e-05   1.3194989e-05
  -6.6133333e-04   1.2610257e-05   1.3165886e-05
  -6.5066667e-04   1.2613226e-05   1.3139147e-05
  -6.4000000e-04   1.2616585e-05   1.3107729e-05
  -6.2933333e-04   1.2622884e-05   1.3062988e-05
  -6.1866667e-04   1.2625047e-05   1.3030797e-05
  -6.0800000e-04   1.2630188e-05   1.3006824e-05
  -5.9733333e-04   1.2627712e-05   1.2969553e-05
  -5.8666667e-04   1.2638796e-05   1.2940329e-05
  -5.7600000e-04   1.2633626e-05   1.2904822e-05
  -5.6533333e-04   1.2640043e-05   1.2869821e-05
  -5.5466667e-04   1.2642017e-05   1.2836898e-05
  -5.4400000e-04   1.2650050e-05   1.2809083e-05
  -5.3333333e-04   1.2656009e-05   1.2771453e-05
  -5.2266667e-04   1.2653599e-05   1.2733849e-05
  -5.1200000e-04   1.2659528e-05   1.2702469e-05
  -5.0133333e-04   1.2662346e-05   1.2669966e-05
  -4.9066667e-04   1.2666762e-05   1.2635311e-05
  -4.8000000e-04   1.2664448e-05   1.2601155e-05
  -4.6933333e-04   1.2671647e-05   1.2561431e-05
  -4.5866667e-04   1.2670817e-05   1.2525362e-05
  -4.4800000e-04   1.2675285e-05   1.2493975e-05
  -4.3733333e-04   1.2677026e-05   1.2460959e-05
  -4.2666667e-04   1.2680974e-05   1.2423813e-05
  -4.1600000e-04   1.2683334e-05   1.2393066e-05
  -4.0533333e-04   1.2684640e-05   1.2349975e-05
  -3.9466667e-04   1.2682764e-05   1.2315480e-05
  -3.8400000e-04   1.2684919e-05   1.2280948e-05
  -3.7333333e-04   1.2683273e-05   1.2237615e-05
  -3.6266667e-04   1.2687096e-05   1.2205377e-05
  -3.5200000e-04   1.2685852e-05   1.2166744e-05
  -3.4133333e-04   1.2691502e-05   1.2131747e-05
  -3.3066667e-04   1.2693327e-05   1.2091834e-05
  -3.2000000e-04   1.2688341e-05   1.2057801e-05
  -3.0933333e-04   1.2687878e-05   1.2012625e-05
  -2.9866667e-04   1.2686022e-05   1.1971820e-05
  -2.8800000e-04   1.2688341e-05   1.1940299e-05
  -2.7733333e-04   1.2692988e-05   1.1897973e-05
  -2.6666667e-04   1.2689501e-05   1.1864946e-05
  -2.5600000e-04   1.2686613e-05   1.1829663e-05
  -2.4533333e-04   1.2687919e-05   1.1786085e-05
  -2.3466667e-04   1.2692407e-05   1.1743246e-05
  -2.2400000e-04   1.2685838e-05   1.1711627e-05
  -2.1333333e-04   1.2685838e-05   1.1672084e-05
  -2.0266667e-04   1.2687138e-05   1.1629746e-05
  -1.9200000e-04   1.2685875e-05   1.1593353e-05
  -1.8133333e-04   1.2685257e-05   1.1557008e-05
  -1.7066667e-04   1.2685491e-05   1.1515302e-05
  -1.6000000e-04   1.2687180e-05   1.1480809e-05
  -1.4933333e-04   1.2686152e-05   1.1434414e-05
  -1.3866667e-04   1.2690208e-05   1.1391721e-05
  -1.2800000e-04   1.2682200e-05   1.1352546e-05
  -1.1733333e-04   1.2682270e-05   1.1315909e-05
  -1.0666667e-04   1.2684095e-05   1.1282892e-05
  -9.6000000e-05   1.2682831e-05   1.1239836e-05
  -8.5333333e-05   1.2687636e-05   1.1201743e-05
  -7.4666667e-05   1.2687679e-05   1.1166556e-05
  -6.4000000e-05   1.2688454e-05   1.1130815e-05
  -5.3333333e-05   1.2682445e-05   1.1097684e-05
  -4.2666667e-05   1.2682445e-05   1.1052676e-05
  -3.2000000e-05   1.2688246e-05   1.1010260e-05
  -2.1333333e-05   1.2680108e-05   1.0976365e-05
  -1.0666667e-05   1.2687814e-05   1.0936306e-05
   0.0000000e+00   1.2686178e-05   1.0896481e-05
   1.0666667e-05   1.2687814e-05   1.0856012e-05
   2.1333333e-05   1.2680108e-05   1.0819338e-05
   3.2000000e-05   1.2688246e-05   1.0779717e-05
   4.2666667e-05   1.2682445e-05   1.0747136e-05
   5.3333333e-05   1.2682445e-05   1.0710888e-05
   6.4000000e-05   1.2688454e-05   1.0664340e-05
   7.4666667e-05   1.2687679e-05   1.0619457e-05
   8.5333333e-05   1.2687636e-05   1.0585833e-05
   9.6000000e-05   1.2682831e-05   1.0549660e-05
   1.0666667e-04   1.2684095e-05   1.0511002e-05
   1.1733333e-04   1.2682270e-05   1.0472416e-05
   1.2800000e-04   1.2682200e-05   1.0434199e-05
   1.3866667e-04   1.2690208e-05   1.0394843e-05
   1.4933333e-04   1.2686152e-05   1.0360503e-05
   1.6000000e-04   1.2687180e-05   1.0322872e-05
   1.7066667e-04   1.2685491e-05   1.0285587e-05
   1.8133333e-04   1.2685257e-05   1.0246429e-05
   1.9200000e-04   1.2685875e-05   1.0206104e-05
   2.0266667e-04   1.2687138e-05   1.0168697e-05
   2.1333333e-04   1.2685838e-05   1.0127706e-05
   2.2400000e-04   1.2685838e-05   1.0090070e-05
   2.3466667e-04   1.2692407e-05   1.0049863e-05
   2.4533333e-04   1.2687919e-05   1.0019809e-05
   2.5600000e-04   1.2686613e-05   9.9843891e-06
   2.6666667e-04   1.2689501e-05   9.9418653e-06
   2.7733333e-04   1.2692988e-05   9.9089784e-06
   2.8800000e-04   1.2688341e-05   9.8662896e-06
   2.9866667e-04   1.2686022e-05   9.8292917e-06
   3.0933333e-04   1.2687878e-05   9.7893532e-06
   3.2000000e-04   1.2688341e-05   9.7569372e-06
   3.3066667e-04   1.2693327e-05   9.7158344e-06
   3.4133333e-04   1.2691502e-05   9.6804663e-06
   3.5200000e-04   1.2685852e-05   9.6439203e-06
   3.6266667e-04   1.2687096e-05   9.6055835e-06
   3.7333333e-04   1.2683273e-05   9.5632953e-06
   3.8400000e-04   1.2684919e-05   9.5315669e-06
   3.9466667e-04   1.2682764e-05   9.4914801e-06
   4.0533333e-04   1.2684640e-05   9.4557207e-06
   4.1600000e-04   1.2683334e-05   9.4191048e-06
   4.2666667e-04   1.2680974e-05   9.3809891e-06
   4.3733333e-04   1.2677026e-05   9.3389850e-06
   4.4800000e-04   1.2675285e-05   9.2977595e-06
   4.5866667e-04   1.2670817e-05   9.2622008e-06
   4.6933333e-04   1.2671647e-05   9.2268154e-06
   4.8000000e-04   1.2664448e-05   9.1878172e-06
   4.9066667e-04   1.2666762e-05   9.1446624e-06
   5.0133333e-04   1.2662346e-05   9.1141178e-06
   5.1200000e-04   1.2659528e-05   9.0695584e-06
   5.2266667e-04   1.2653599e-05   9.0299449e-06
   5.3333333e-04   1.2656009e-05   8.9921096e-06
   5.4400000e-04   1.2650050e-05   8.9546521e-06
   5.5466667e-04   1.2642017e-05   8.9161198e-06
   5.6533333e-04   1.2640043e-05   8.8788329e-06
   5.7600000e-04   1.2633626e-05   8.8377360e-06
   5.8666667e-04   1.2638796e-05   8.8049701e-06
   5.9733333e-04   1.2627712e-05   8.7639850e-06
   6.0800000e-04   1.2630188e-05   8.7257035e-06
   6.1866667e-04   1.2625047e-05   8.6885328e-06
   6.2933333e-04   1.2622884e-05   8.6445832e-06
   6.4000000e-04   1.2616585e-05   8.6112592e-06
   6.5066667e-04   1.2613226e-05   8.5774542e-06
   6.6133333e-04   1.2610257e-05   8.5361164e-06
   6.7200000e-04   1.2603768e-05   8.5007566e-06
   6.8266667e-04   1.2604090e-05   8.4623864e-06
   6.9333333e-04   1.2598998e-05   8.4303844e-06
   7.0400000e-04   1.2598108e-05   8.3908598e-06
   7.1466667e-04   1.2592687e-05   8.3589723e-06
   7.2533333e-04   1.2587674e-05   8.3199722e-06
   7.3600000e-04   1.2593104e-05   8.2854198e-06
   7.4666667e-04   1.2590793e-05   8.2482565e-06
   7.5733333e-04   1.2582155e-05   8.2113257e-06
   7.6800000e-04   1.2586614e-05   8.1793944e-06
   7.7866667e-04   1.2581979e-05   8.1394974e-06
   7.8933333e-04   1.2577775e-05   8.1090438e-06
   8.0000000e-04   1.2578339e-05   8.0731076e-06
   8.1066667e-04   1.2573521e-05   8.0362073e-06
   8.2133333e-04   1.2575716e-05   8.0053593e-06
   8.3200000e-04   1.2569498e-05   7.9614086e-06
   8.4266667e-04   1.2572942e-05   7.9294259e-06
   8.5333333e-04   1.2570718e-05   7.8956822e-06
   8.6400000e-04   1.2567870e-05   7.8646018e-06
   8.7466667e-04   1.2561320e-05   7.8268719e-06
   8.8533333e-04   1.2566799e-05   7.7943487e-06
   8.9600000e-04   1.2562004e-05   7.7614135e-06
   9.0666667e-04   1.2560739e-05   7.7237214e-06
   9.1733333e-04   1.2557416e-05   7.6915073e-06
   9.2800000e-04   1.2549778e-05   7.6618442e-06
   9.3866667e-04   1.2549111e-05   7.6246100e-06
   9.4933333e-04   1.2542569e-05   7.5904849e-06
   9.6000000e-04   1.2547305e-05   7.5597957e-06
   9.7066667e-04   1.2541120e-05   7.5225991e-06
   9.8133333e-04   1.2536120e-05   7.4881110e-06
   9.9200000e-04   1.2533386e-05   7.4563467e-06
   1.0026667e-03   1.2532694e-05   7.4262368e-06
   1.0133333e-03   1.2530690e-05   7.3914190e-06
   1.0240000e-03   1.2524394e-05   7.3591641e-06
   1.0346667e-03   1.2529946e-05   7.3276603e-06
   1.0453333e-03   1.2521909e-05   7.2960496e-06
   1.0560000e-03   1.2523194e-05   7.2594813e-06
   1.0666667e-03   1.2515684e-05   7.2297497e-06
   1.0773333e-03   1.2515910e-05   7.1967531e-06
   1.0880000e-03   1.2517873e-05   7.1651572e-06
   1.0986667e-03   1.2509903e-05   7.1331875e-06
   1.1093333e-03   1.2504061e-05   7.1009572e-06
   1.1200000e-03   1.2489492e-05   7.0697480e-06
   1.1306667e-03   1.2496546e-05   7.0356888e-06
   1.1413333e-03   1.2491046e-05   7.0040648e-06
   1.1520000e-03   1.2488284e-05   6.9803272e-06
   1.1626667e-03   1.2486874e-05   6.9419370e-06
   1.1733333e-03   1.2487593e-05   6.9138079e-06
   1.1840000e-03   1.2481726e-05   6.8887511e-06
   1.1946667e-03   1.2477494e-05   6.8511484e-06
   1.2053333e-03   1.2474627e-05   6.8210910e-06
   1.2160000e-03   1.2467915e-05   6.7923888e-06
   1.2266667e-03   1.2461590e-05   6.7634013e-06
   1.2373333e-03   1.2460695e-05   6.7318683e-06
   1.2480000e-03   1.2451869e-05   6.7013190e-06
   1.2586667e-03   1.2451116e-05   6.6723048e-06
   1.2693333e-03   1.2449592e-05   6.6424753e-06
   1.2800000e-03   1.2442372e-05   6.6081739e-06
   1.2906667e-03   1.2438391e-05   6.5817501e-06
   1.3013333e-03   1.2432545e-05   6.5529253e-06
   1.3120000e-03   1.2425121e-05   6.5240439e-06
   1.3226667e-03   1.2416981e-05   6.4947830e-06
   1.3333333e-03   1.2417070e-05   6.4647669e-06
   1.3440000e-03   1.2413540e-05   6.4352474e-06
   1.3546667e-03   1.2411867e-05   6.4065105e-06
   1.3653333e-03   1.2408766e-05   6.3769600e-06
   1.3760000e-03   1.2398913e-05   6.3488357e-06
   1.3866667e-03   1.2393184e-05   6.3176255e-06
   1.3973333e-03   1.2386167e-05   6.2927408e-06
   1.4080000e-03   1.2382649e-05   6.2646951e-06
   1.4186667e-03   1.2376119e-05   6.2328019e-06
   1.4293333e-03   1.2373059e-05   6.2122210e-06
   1.4400000e-03   1.2369701e-05   6.1886390e-06
   1.4506667e-03   1.2369831e-05   6.1585431e-06
   1.4613333e-03   1.2367917e-05   6.1310955e-06
   1.4720000e-03   1.2361949e-05   6.1049594e-06
   1.4826667e-03   1.2364222e-05   6.0779286e-06
   1.4933333e-03   1.2361526e-05   6.0497616e-06
   1.5040000e-03   1.2347705e-05   6.0275651e-06
   1.5146667e-03   1.2354109e-05   6.0022734e-06
   1.5253333e-03   1.2348303e-05   5.9769820e-06
   1.5360000e-03   1.2350154e-05   5.9568197e-06
   1.5466667e-03   1.2351867e-05   5.9324565e-06
   1.5573333e-03   1.2349745e-05   5.9062280e-06
   1.5680000e-03   1.2347209e-05   5.8833913e-06
   1.5786667e-03   1.2343090e-05   5.8626322e-06
   1.5893333e-03   1.2347163e-05   5.8379056e-06
   1.6000000e-03   1.2347834e-05   5.8150875e-06
