1	141	150	0	0	202
2	180	141	0	0	212
3	146	149	0	0	209
4	147	158	0	0	207
5	123	140	0	0	205
6	162	138	0	0	213
7	145	141	0	0	215
8	156	145	0	0	207
9	168	148	0	0	215
10	136	131	0	0	212
11	150	138	0	0	206
12	180	155	0	0	204
13	142	159	0	0	222
14	146	132	0	0	195
15	153	128	0	0	200
16	143	148	0	0	212
17	158	127	0	0	207
18	161	144	0	0	203
19	148	164	0	0	204
20	148	177	0	0	208
21	150	156	0	0	212
22	158	146	0	0	213
23	144	163	0	0	211
24	163	151	0	0	210
25	155	143	0	0	201
26	150	155	0	0	206
27	144	149	0	0	214
28	150	118	0	0	210
29	131	140	0	0	207
30	150	148	0	0	196
31	149	145	0	0	214
32	166	150	0	0	200
33	136	138	0	0	196
34	162	142	0	0	201
35	124	139	0	0	207
36	157	155	0	0	212
37	146	143	0	0	207
38	148	138	0	0	203
39	167	154	0	0	215
40	159	137	0	0	216
41	143	166	0	0	204
42	128	145	0	0	205
43	158	166	0	0	210
44	161	144	0	0	198
45	141	126	0	0	207
46	135	158	0	0	211
47	160	138	0	0	205
48	141	145	0	0	205
49	170	140	0	0	209
50	143	138	0	0	214
51	128	129	0	0	208
52	141	146	0	0	209
53	130	162	0	0	212
54	144	151	0	0	201
55	129	141	0	0	212
56	151	164	0	0	210
57	145	130	0	0	204
58	166	134	0	0	211
59	130	142	0	0	205
60	154	149	0	0	221
61	148	158	0	0	203
62	149	135	0	0	209
63	126	140	0	0	208
64	154	148	0	0	201
65	150	144	0	0	205
66	155	149	0	0	213
67	152	137	0	0	208
68	146	137	0	0	206
69	150	124	0	0	206
70	141	131	0	0	210
71	130	124	0	0	209
72	142	162	0	0	211
73	142	139	0	0	211
74	127	138	0	0	212
75	149	159	0	0	205
76	165	141	0	0	224
77	144	161	0	0	201
78	142	134	0	0	216
79	140	175	0	0	199
80	162	146	0	0	213
81	150	151	0	0	201
82	134	147	0	0	220
83	137	140	0	0	222
84	143	114	0	0	208
85	130	144	0	0	212
86	152	173	0	0	205
87	145	146	0	0	208
88	156	152	0	0	211
89	143	149	0	0	196
90	158	144	0	0	206
91	127	165	0	0	212
92	130	154	0	0	206
93	142	153	0	0	204
94	137	140	0	0	203
95	144	174	0	0	198
96	153	138	0	0	203
97	150	132	0	0	211
98	167	131	0	0	200
99	147	143	0	0	213
100	145	153	0	0	212
101	127	159	0	0	206
102	147	156	0	0	205
103	136	163	0	0	209
104	171	128	0	0	206
105	154	153	0	0	221
106	142	152	0	0	209
107	146	153	0	0	212
108	139	155	0	0	209
109	145	127	0	0	206
110	135	140	0	0	208
111	156	121	0	0	219
112	142	161	0	0	205
113	161	179	0	0	203
114	127	163	0	0	209
115	151	128	0	0	203
116	151	160	0	0	211
117	155	134	0	0	211
118	150	138	0	0	203
119	131	143	0	0	217
120	137	132	0	0	215
121	152	163	0	0	203
122	140	136	0	0	211
123	146	148	0	0	209
124	156	127	0	0	226
125	159	158	0	0	200
126	155	139	0	0	213
127	178	141	0	0	207
128	147	134	0	0	208
129	127	124	0	0	202
130	139	127	0	0	209
131	133	147	0	0	212
132	160	154	0	0	216
133	133	165	0	0	204
134	147	143	0	0	213
135	156	141	0	0	209
136	160	162	0	0	207
137	130	135	0	0	192
138	138	134	0	0	203
139	133	139	0	0	202
140	128	136	0	0	204
141	132	136	0	0	204
142	150	142	0	0	219
143	152	127	0	0	213
144	171	132	0	0	192
145	151	142	0	0	198
146	153	157	0	0	206
147	159	162	0	0	195
148	152	153	0	0	213
149	140	135	0	0	211
150	136	160	0	0	196
151	144	135	0	0	215
152	140	156	0	0	203
153	152	166	0	0	208
154	159	120	0	0	210
155	129	175	0	0	222
156	149	126	0	0	217
157	170	134	0	0	211
158	147	144	0	0	198
159	127	150	0	0	208
160	139	143	0	0	213
161	131	151	0	0	216
162	143	155	0	0	209
163	145	174	0	0	206
164	139	136	0	0	204
165	139	122	0	0	217
166	185	150	0	0	191
167	236	215	0	0	205
168	215	217	0	0	210
169	217	216	0	0	202
170	197	203	0	0	206
171	230	219	0	0	214
172	206	215	0	0	209
173	251	197	0	0	205
174	223	230	0	0	211
175	220	223	0	0	221
176	213	203	0	0	210
177	223	224	0	0	203
178	200	215	0	0	210
179	201	229	0	0	207
180	213	213	0	0	210
181	222	193	0	0	189
182	217	221	0	0	197
183	209	209	0	0	216
184	241	200	0	0	201
185	210	227	0	0	211
186	215	239	0	0	206
187	232	195	0	0	211
188	179	234	0	0	208
189	219	213	0	0	214
190	211	235	0	0	219
191	200	205	0	0	210
192	214	229	0	0	200
193	204	214	0	0	200
194	213	228	0	0	207
195	228	238	0	0	206
196	175	233	0	0	196
197	192	207	0	0	203
198	229	208	0	0	216
199	225	195	0	0	223
200	212	193	0	0	204
201	201	187	0	0	202
202	241	208	0	0	198
203	221	241	0	0	217
204	187	214	0	0	204
205	242	210	0	0	207
206	230	216	0	0	201
207	237	203	0	0	211
208	234	206	0	0	207
209	224	218	0	0	221
210	223	190	0	0	221
211	209	241	0	0	225
212	242	188	0	0	210
213	229	229	0	0	206
214	187	237	0	0	208
215	203	236	0	0	229
216	194	221	0	0	209
217	231	215	0	0	208
218	257	217	0	0	204
219	204	202	0	0	212
220	239	212	0	0	220
221	244	212	0	0	207
222	241	206	0	0	209
223	204	227	0	0	209
224	213	219	0	0	195
225	209	238	0	0	205
226	210	223	0	0	206
227	198	256	0	0	216
228	197	200	0	0	211
229	202	214	0	0	206
230	237	245	0	0	205
231	228	214	0	0	202
232	213	212	0	0	215
233	206	222	0	0	199
234	242	201	0	0	203
235	196	216	0	0	210
236	229	224	0	0	204
237	233	215	0	0	197
238	223	223	0	0	213
239	258	212	0	0	219
240	228	209	0	0	198
241	211	219	0	0	209
242	215	220	0	0	214
243	221	200	0	0	209
244	230	197	0	0	219
245	212	235	0	0	217
246	221	228	0	0	215
247	230	234	0	0	196
248	218	211	0	0	199
249	220	215	0	0	219
250	217	229	0	0	208
251	208	232	0	0	219
252	241	192	0	0	207
253	214	205	0	0	198
254	190	219	0	0	216
255	235	226	0	0	214
256	204	210	0	0	217
257	208	223	0	0	195
258	204	198	0	0	206
259	217	196	0	0	217
260	222	210	0	0	206
261	217	225	0	0	225
262	222	186	0	0	214
263	237	196	0	0	203
264	231	211	0	0	211
265	213	200	0	0	207
266	212	214	0	0	201
267	220	197	0	0	215
268	224	184	0	0	206
269	195	219	0	0	203
270	226	211	0	0	204
271	197	201	0	0	210
272	207	235	0	0	211
273	210	233	0	0	219
274	233	192	0	0	215
275	218	190	0	0	212
276	171	210	0	0	215
277	163	132	0	0	212
278	148	149	0	0	210
279	155	153	0	0	220
280	170	137	0	0	218
281	162	134	0	0	210
282	137	147	0	0	219
283	129	148	0	0	202
284	153	155	0	0	214
285	141	144	0	0	211
286	161	152	0	0	213
287	163	148	0	0	221
288	160	143	0	0	212
289	144	161	0	0	214
290	142	166	0	0	222
291	146	162	0	0	212
292	154	143	0	0	205
293	160	131	0	0	212
294	171	141	0	0	198
295	128	141	0	0	224
296	132	154	0	0	204
297	127	157	0	0	231
298	151	167	0	0	216
299	148	152	0	0	221
300	146	152	0	0	216
301	137	145	0	0	203
302	144	136	0	0	219
303	127	152	0	0	215
304	140	135	0	0	202
305	151	144	0	0	217
306	164	149	0	0	210
307	147	131	0	0	207
308	144	145	0	0	200
309	138	152	0	0	218
310	132	143	0	0	220
311	164	161	0	0	241
312	141	154	0	0	249
313	153	142	0	0	241
314	156	136	0	0	221
315	134	149	0	0	226
316	130	139	0	0	235
317	142	119	0	0	237
318	153	138	0	0	241
319	135	159	0	0	232
320	155	146	0	0	234
321	166	149	0	0	228
322	153	136	0	0	236
323	138	140	0	0	234
324	149	144	0	0	227
325	133	136	0	0	232
326	161	158	0	0	237
327	159	142	0	0	216
328	136	139	0	0	234
329	158	135	0	0	232
330	126	146	0	0	224
331	152	128	0	0	233
332	122	151	0	0	220
333	149	147	0	0	224
334	133	122	0	0	243
335	120	136	0	0	239
336	167	119	0	0	235
337	146	149	0	0	234
338	165	134	0	0	232
339	173	159	0	0	238
340	228	200	0	0	222
341	204	215	0	0	238
342	225	224	0	0	226
343	231	224	0	0	228
344	224	203	0	0	226
345	224	210	0	0	233
346	192	204	0	0	227
347	214	236	0	0	223
348	198	216	0	0	223
349	207	219	0	0	235
350	222	214	0	0	229
351	202	210	0	0	238
352	229	206	0	0	232
353	203	202	0	0	231
354	216	203	0	0	233
355	226	246	0	0	230
356	280	259	0	0	235
357	272	243	0	0	234
358	264	272	0	0	234
359	254	288	0	0	241
360	287	271	0	0	237
361	256	290	0	0	220
362	262	269	0	0	229
363	291	284	0	0	215
364	249	316	0	0	238
365	288	297	0	0	226
366	268	287	0	0	234
367	288	270	0	0	223
368	272	285	0	0	227
369	270	278	0	0	223
370	246	267	0	0	232
371	292	303	0	0	228
372	263	304	0	0	244
373	278	298	0	0	244
374	275	307	0	0	226
375	281	251	0	0	240
376	286	302	0	0	233
377	237	287	0	0	247
378	290	255	0	0	236
379	290	277	0	0	231
380	296	247	0	0	233
381	229	261	0	0	221
382	287	275	0	0	219
383	285	288	0	0	229
384	270	330	0	0	228
385	299	316	0	0	229
386	298	266	0	0	232
387	269	261	0	0	237
388	273	280	0	0	218
389	293	278	0	0	229
390	276	275	0	0	221
391	268	252	0	0	226
392	286	267	0	0	245
393	301	305	0	0	233
394	290	291	0	0	223
395	276	276	0	0	240
396	294	246	0	0	231
397	255	283	0	0	220
398	241	285	0	0	230
399	272	266	0	0	224
400	287	289	0	0	242
401	294	315	0	0	224
402	279	280	0	0	231
403	273	265	0	0	228
404	278	284	0	0	241
405	256	275	0	0	229
406	268	253	0	0	223
407	272	271	0	0	221
408	257	284	0	0	229
409	279	276	0	0	242
410	277	267	0	0	235
411	240	239	0	0	232
412	276	292	0	0	238
413	264	276	0	0	233
414	256	299	0	0	250
415	256	272	0	0	239
416	266	280	0	0	229
417	316	268	0	0	234
418	266	287	0	0	231
419	297	267	0	0	236
420	265	269	0	0	227
421	279	285	0	0	229
422	268	293	0	0	241
423	289	284	0	0	223
424	323	313	0	0	230
425	274	284	0	0	215
426	289	261	0	0	230
427	271	288	0	0	233
428	254	283	0	0	239
429	281	249	0	0	230
430	274	301	0	0	235
431	272	277	0	0	240
432	261	255	0	0	236
433	255	263	0	0	231
434	283	237	0	0	238
435	264	276	0	0	231
436	267	307	0	0	226
437	288	263	0	0	227
438	256	256	0	0	228
439	270	279	0	0	232
440	291	303	0	0	236
441	285	263	0	0	248
442	291	265	0	0	237
443	270	293	0	0	245
444	292	293	0	0	237
445	280	292	0	0	235
446	265	293	0	0	245
447	266	282	0	0	246
448	284	295	0	0	244
449	258	269	0	0	235
450	297	266	0	0	236
451	271	258	0	0	236
452	309	307	0	0	253
453	266	291	0	0	228
454	292	260	0	0	235
455	290	258	0	0	226
456	234	262	0	0	237
457	264	285	0	0	243
458	268	266	0	0	238
459	257	281	0	0	244
460	297	282	0	0	236
461	250	278	0	0	242
462	287	260	0	0	246
463	274	250	0	0	240
464	295	291	0	0	240
465	289	273	0	0	249
466	246	252	0	0	246
467	250	260	0	0	236
468	306	270	0	0	239
469	272	282	0	0	236
470	312	286	0	0	235
471	289	279	0	0	243
472	325	252	0	0	243
473	301	254	0	0	256
474	301	235	0	0	234
475	278	302	0	0	241
476	298	284	0	0	244
477	296	256	0	0	253
478	284	282	0	0	255
479	284	289	0	0	239
480	288	298	0	0	238
481	245	277	0	0	251
482	274	248	0	0	255
483	278	263	0	0	233
484	267	263	0	0	229
485	265	259	0	0	235
486	252	270	0	0	239
487	282	267	0	0	226
488	280	243	0	0	243
489	303	282	0	0	229
490	298	278	0	0	218
491	261	275	0	0	228
492	311	241	0	0	229
493	278	299	0	0	230
494	304	282	0	0	227
495	251	298	0	0	227
496	273	272	0	0	244
497	291	285	0	0	235
498	242	283	0	0	225
499	286	284	0	0	239
500	275	274	0	0	226
501	278	266	0	0	226
502	320	288	0	0	243
503	269	279	0	0	245
504	303	268	0	0	238
505	267	285	0	0	242
506	247	268	0	0	241
507	277	247	0	0	246
508	315	288	0	0	241
509	276	286	0	0	247
510	269	276	0	0	249
511	270	281	0	0	242
512	278	261	0	0	245
513	274	278	0	0	243
514	320	296	0	0	246
515	284	274	0	0	241
516	262	251	0	0	237
517	286	276	0	0	245
518	295	263	0	0	240
519	279	307	0	0	230
520	303	304	0	0	238
521	276	308	0	0	233
522	285	289	0	0	238
523	297	282	0	0	226
524	297	273	0	0	230
525	264	291	0	0	228
526	227	271	0	0	232
527	267	272	0	0	228
528	323	258	0	0	255
529	253	286	0	0	254
530	305	295	0	0	251
531	291	300	0	0	256
532	301	291	0	0	239
533	295	295	0	0	241
534	322	266	0	0	241
535	303	283	0	0	238
536	271	282	0	0	246
537	291	277	0	0	253
538	279	299	0	0	242
539	293	279	0	0	239
540	282	284	0	0	252
541	385	359	0	0	233
542	359	396	0	0	236
543	434	373	0	0	246
544	388	363	0	0	241
545	379	371	0	0	239
546	413	419	0	0	234
547	399	386	0	0	245
548	357	389	0	0	237
549	403	408	0	0	239
550	403	377	0	0	243
551	394	401	0	0	242
552	374	427	0	0	241
553	387	396	0	0	234
554	399	386	0	0	245
555	388	375	0	0	239
556	372	336	0	0	245
557	366	369	0	0	238
558	400	396	0	0	237
559	371	412	0	0	239
560	408	391	0	0	235
561	399	386	0	0	236
562	380	370	0	0	242
563	387	366	0	0	234
564	400	421	0	0	245
565	408	388	0	0	240
566	386	362	0	0	243
567	379	364	0	0	244
568	366	392	0	0	237
569	365	376	0	0	231
570	402	407	0	0	247
571	357	421	0	0	249
572	392	413	0	0	234
573	418	366	0	0	233
574	336	396	0	0	239
575	442	369	0	0	244
576	365	384	0	0	252
577	330	293	0	0	256
578	361	339	0	0	250
579	337	353	0	0	249
580	325	337	0	0	253
581	358	355	0	0	248
582	310	344	0	0	249
583	327	334	0	0	244
584	330	367	0	0	248
585	327	335	0	0	256
586	322	352	0	0	247
587	338	311	0	0	260
588	327	358	0	0	241
589	310	349	0	0	238
590	291	336	0	0	249
591	338	322	0	0	249
592	346	329	0	0	239
593	347	377	0	0	240
594	348	340	0	0	244
595	361	345	0	0	238
596	346	301	0	0	236
597	343	362	0	0	242
598	358	343	0	0	245
599	353	361	0	0	241
600	318	310	0	0	260
601	315	334	0	0	261
602	355	348	0	0	256
603	312	326	0	0	263
604	340	322	0	0	254
605	322	308	0	0	242
606	350	363	0	0	247
607	352	359	0	0	242
608	369	341	0	0	245
609	305	344	0	0	249
610	341	327	0	0	249
611	332	359	0	0	246
612	336	359	0	0	251
613	413	402	0	0	248
614	369	421	0	0	260
615	449	400	0	0	237
616	415	413	0	0	245
617	414	423	0	0	240
618	408	414	0	0	238
619	424	417	0	0	235
620	421	428	0	0	250
621	424	375	0	0	256
622	430	379	0	0	250
623	404	433	0	0	254
624	425	385	0	0	265
625	434	409	0	0	245
626	416	448	0	0	268
627	425	419	0	0	244
628	429	440	0	0	256
629	409	418	0	0	248
630	422	403	0	0	256
631	367	403	0	0	240
632	403	406	0	0	250
633	370	417	0	0	245
634	379	431	0	0	240
635	451	436	0	0	252
636	401	420	0	0	257
637	417	399	0	0	249
638	405	408	0	0	257
639	415	406	0	0	245
640	427	425	0	0	247
641	407	462	0	0	246
642	436	442	0	0	264
643	410	431	0	0	250
644	421	431	0	0	250
645	433	410	0	0	247
646	410	432	0	0	244
647	406	400	0	0	258
648	451	433	0	0	250
649	485	450	0	0	252
650	428	454	0	0	248
651	442	435	0	0	244
652	418	457	0	0	255
653	483	470	0	0	240
654	487	478	0	0	253
655	414	465	0	0	247
656	408	499	0	0	244
657	418	387	0	0	247
658	454	449	0	0	242
659	433	452	0	0	259
660	447	443	0	0	247
661	477	433	0	0	261
662	427	454	0	0	252
663	434	464	0	0	262
664	471	424	0	0	257
665	451	465	0	0	254
666	459	441	0	0	260
667	414	445	0	0	250
668	447	420	0	0	252
669	459	477	0	0	248
670	440	429	0	0	249
671	441	432	0	0	253
672	428	465	0	0	250
673	444	473	0	0	257
674	456	433	0	0	247
675	471	468	0	0	245
676	450	407	0	0	242
677	381	427	0	0	235
678	430	434	0	0	258
679	395	461	0	0	246
680	412	388	0	0	264
681	429	422	0	0	254
682	453	478	0	0	246
683	471	436	0	0	254
684	458	440	0	0	250
685	445	452	0	0	256
686	442	436	0	0	243
687	418	430	0	0	251
688	437	449	0	0	245
689	443	473	0	0	248
690	406	433	0	0	254
691	482	476	0	0	253
692	452	455	0	0	255
693	445	428	0	0	258
694	427	416	0	0	250
695	473	423	0	0	241
696	456	462	0	0	249
697	452	414	0	0	249
698	492	456	0	0	245
699	449	464	0	0	245
700	466	415	0	0	244
701	443	431	0	0	242
702	451	458	0	0	254
703	425	483	0	0	254
704	448	411	0	0	246
705	398	444	0	0	251
706	424	427	0	0	245
707	456	483	0	0	257
708	411	504	0	0	242
709	417	443	0	0	245
710	482	452	0	0	239
711	471	477	0	0	244
712	473	454	0	0	257
713	451	471	0	0	252
714	470	461	0	0	250
715	423	442	0	0	248
716	441	487	0	0	253
717	442	487	0	0	281
718	445	478	0	0	251
719	470	502	0	0	242
720	462	453	0	0	244
721	423	403	0	0	259
722	467	462	0	0	254
723	419	459	0	0	252
724	457	470	0	0	256
725	489	460	0	0	258
726	388	431	0	0	246
727	457	429	0	0	252
728	454	382	0	0	251
729	435	412	0	0	279
730	425	405	0	0	267
731	393	399	0	0	260
732	416	430	0	0	260
733	403	451	0	0	260
734	444	400	0	0	250
735	409	392	0	0	241
736	484	418	0	0	258
737	158	174	0	0	259
738	133	156	0	0	242
739	225	212	0	0	243
740	215	234	0	0	255
741	231	240	0	0	263
742	209	218	0	0	245
743	189	214	0	0	245
744	214	172	0	0	262
745	208	197	0	0	246
746	212	197	0	0	273
747	210	235	0	0	253
748	207	198	0	0	260
749	241	209	0	0	271
750	238	209	0	0	241
751	222	194	0	0	250
752	202	206	0	0	246
753	205	219	0	0	246
754	234	228	0	0	249
755	203	236	0	0	256
756	219	216	0	0	253
757	211	202	0	0	252
758	220	192	0	0	271
759	214	191	0	0	266
760	224	262	0	0	268
761	189	184	0	0	262
762	188	211	0	0	266
763	210	201	0	0	273
764	216	224	0	0	258
765	207	190	0	0	258
766	204	220	0	0	256
767	227	206	0	0	266
768	227	225	0	0	252
769	168	193	0	0	270
770	216	204	0	0	270
771	213	225	0	0	264
772	225	213	0	0	253
773	196	228	0	0	266
774	213	205	0	0	293
775	199	198	0	0	275
776	205	226	0	0	273
777	204	217	0	0	266
778	252	216	0	0	259
779	213	202	0	0	252
780	246	225	0	0	250
781	211	216	0	0	258
782	221	219	0	0	259
783	223	188	0	0	259
784	197	225	0	0	255
785	214	235	0	0	271
786	202	211	0	0	270
787	206	180	0	0	261
788	184	219	0	0	254
789	196	214	0	0	252
790	199	189	0	0	249
791	197	228	0	0	273
792	197	220	0	0	254
793	187	228	0	0	264
794	191	192	0	0	266
795	180	198	0	0	253
796	190	224	0	0	273
797	233	218	0	0	277
798	181	197	0	0	263
799	236	208	0	0	253
800	216	209	0	0	265
801	207	234	0	0	284
802	232	232	0	0	252
803	208	224	0	0	272
804	224	207	0	0	271
805	205	227	0	0	274
806	192	183	0	0	266
807	194	203	0	0	261
808	217	203	0	0	260
809	205	228	0	0	258
810	193	193	0	0	257
811	203	197	0	0	268
812	213	195	0	0	272
813	188	217	0	0	261
814	217	220	0	0	265
815	206	218	0	0	261
816	217	217	0	0	268
817	227	198	0	0	258
818	203	206	0	0	258
819	219	201	0	0	266
820	211	196	0	0	270
821	205	206	0	0	269
822	225	221	0	0	276
823	233	213	0	0	264
824	229	240	0	0	273
825	195	216	0	0	273
826	225	217	0	0	261
827	237	203	0	0	277
828	192	192	0	0	275
829	202	207	0	0	274
830	210	207	0	0	270
831	211	196	0	0	269
832	237	195	0	0	276
833	199	203	0	0	267
834	193	222	0	0	279
835	206	224	0	0	265
836	219	219	0	0	267
837	220	236	0	0	279
838	230	226	0	0	262
839	195	241	0	0	264
840	206	220	0	0	287
841	217	216	0	0	279
842	235	217	0	0	271
843	193	207	0	0	281
844	199	211	0	0	264
845	227	209	0	0	269
846	211	213	0	0	272
847	234	213	0	0	266
848	229	223	0	0	269
849	208	253	0	0	267
850	228	212	0	0	263
851	202	216	0	0	260
852	207	231	0	0	271
853	191	227	0	0	268
854	203	225	0	0	267
855	203	205	0	0	278
856	221	215	0	0	266
857	223	195	0	0	261
858	219	205	0	0	267
859	211	189	0	0	266
860	219	237	0	0	272
861	215	205	0	0	262
862	223	216	0	0	265
863	210	201	0	0	258
864	255	226	0	0	283
865	217	212	0	0	259
866	190	211	0	0	265
