1	1476	0	1476	524
2	1376	0	1376	517
3	1472	0	1472	508
4	1432	0	1432	517
5	1396	0	1396	510
6	1348	0	1348	516
7	1400	0	1400	515
8	1420	0	1420	518
9	1436	0	1436	509
10	1476	0	1476	512
11	1392	0	1392	515
12	1508	0	1508	516
13	1404	0	1404	517
14	1508	0	1508	522
15	1432	0	1432	521
16	1416	0	1416	514
17	1476	0	1476	516
18	1464	0	1464	510
19	1424	0	1424	520
20	1496	0	1496	519
21	1404	0	1404	525
22	1372	0	1372	515
23	1448	0	1448	525
24	1488	0	1488	515
25	1412	0	1412	521
26	1480	0	1480	518
27	1432	0	1432	513
28	1368	0	1368	514
29	1372	0	1372	515
30	1392	0	1392	521
31	1408	0	1408	517
32	1404	0	1404	513
33	1448	0	1448	500
34	1364	0	1364	503
35	1428	0	1428	505
36	1440	0	1440	506
37	1436	0	1436	504
38	1448	0	1448	509
39	1408	0	1408	491
40	1380	0	1380	496
41	1360	0	1360	496
42	1424	0	1424	507
43	1428	0	1428	503
44	1416	0	1416	509
45	1336	0	1336	523
46	1452	0	1452	509
47	1404	0	1404	519
48	1412	0	1412	523
49	1400	0	1400	519
50	1424	0	1424	516
51	1484	0	1484	505
52	1396	0	1396	502
53	1424	0	1424	507
54	1368	0	1368	518
55	1412	0	1412	512
56	1404	0	1404	511
57	1376	0	1376	512
58	1364	0	1364	500
59	1408	0	1408	510
60	1468	0	1468	514
61	1344	0	1344	519
62	1392	0	1392	506
63	1492	0	1492	513
64	1384	0	1384	512
65	1368	0	1368	507
66	1360	0	1360	505
67	1416	0	1416	509
68	1412	0	1412	501
69	1344	0	1344	506
70	1392	0	1392	504
71	1308	0	1308	502
72	1276	0	1276	509
73	1396	0	1396	515
74	1364	0	1364	514
75	1440	0	1440	509
76	1460	0	1460	520
77	1444	0	1444	509
78	1424	0	1424	512
79	1368	0	1368	510
80	1444	0	1444	519
81	1348	0	1348	515
82	1312	0	1312	510
83	1408	0	1408	512
84	1392	0	1392	507
85	1368	0	1368	507
86	1448	0	1448	516
87	1400	0	1400	515
88	1312	0	1312	520
89	1380	0	1380	510
90	1448	0	1448	512
91	1268	0	1268	506
92	1428	0	1428	497
93	1376	0	1376	509
94	1448	0	1448	518
95	1336	0	1336	508
96	1328	0	1328	506
97	1444	0	1444	513
98	1412	0	1412	515
99	1448	0	1448	520
100	1392	0	1392	521
101	1416	0	1416	519
102	1452	0	1452	524
103	1396	0	1396	515
104	1400	0	1400	500
105	1360	0	1360	504
106	1324	0	1324	504
107	1348	0	1348	515
108	1368	0	1368	518
109	1436	0	1436	512
110	1488	0	1488	509
111	1460	0	1460	513
112	1428	0	1428	513
113	1436	0	1436	515
114	1448	0	1448	519
115	1448	0	1448	506
116	1396	0	1396	506
117	1384	0	1384	505
118	1404	0	1404	507
119	1364	0	1364	509
120	1384	0	1384	504
121	1384	0	1384	521
122	1452	0	1452	517
123	1460	0	1460	512
124	1484	0	1484	511
125	1488	0	1488	523
126	1440	0	1440	509
127	1412	0	1412	510
128	1448	0	1448	506
129	1384	0	1384	513
130	1404	0	1404	518
131	1492	0	1492	514
132	1416	0	1416	515
133	1452	0	1452	512
134	1368	0	1368	516
135	1368	0	1368	507
136	1396	0	1396	524
137	1428	0	1428	512
138	1408	0	1408	511
139	1420	0	1420	511
140	1376	0	1376	518
141	1460	0	1460	517
142	1400	0	1400	511
143	1444	0	1444	511
144	1464	0	1464	514
145	1376	0	1376	511
146	1432	0	1432	506
147	1388	0	1388	512
148	1472	0	1472	511
149	1352	0	1352	511
150	1416	0	1416	512
151	1504	0	1504	509
152	1432	0	1432	518
153	1392	0	1392	512
154	1508	0	1508	521
155	1440	0	1440	523
156	1392	0	1392	524
157	1388	0	1388	522
158	1396	0	1396	508
159	1480	0	1480	518
160	1420	0	1420	517
161	1424	0	1424	511
162	1412	0	1412	512
163	1480	0	1480	517
164	1404	0	1404	516
165	1364	0	1364	509
166	1436	0	1436	524
167	1452	0	1452	523
168	1400	0	1400	510
169	1400	0	1400	505
170	1408	0	1408	508
171	1408	0	1408	513
172	1384	0	1384	510
173	1444	0	1444	510
174	1428	0	1428	518
175	1388	0	1388	524
176	1480	0	1480	522
177	1476	0	1476	520
178	1464	0	1464	517
179	1440	0	1440	511
180	1388	0	1388	515
181	1488	0	1488	525
182	1468	0	1468	513
183	1424	0	1424	512
184	1368	0	1368	511
185	1388	0	1388	523
186	1424	0	1424	509
187	1444	0	1444	522
188	1384	0	1384	517
189	1376	0	1376	516
190	1412	0	1412	510
191	1480	0	1480	525
192	1472	0	1472	514
193	1500	0	1500	513
194	1412	0	1412	509
195	1396	0	1396	517
196	1460	0	1460	518
197	1432	0	1432	514
198	1376	0	1376	525
199	1376	0	1376	528
200	1420	0	1420	511
201	1396	0	1396	521
202	1380	0	1380	523
203	1412	0	1412	516
204	1456	0	1456	519
205	1400	0	1400	518
206	1392	0	1392	514
207	1380	0	1380	515
208	1492	0	1492	524
209	1364	0	1364	510
210	1372	0	1372	504
211	1344	0	1344	508
212	1460	0	1460	502
213	1468	0	1468	507
214	1392	0	1392	511
215	1292	0	1292	511
216	1348	0	1348	515
217	1408	0	1408	518
218	1372	0	1372	511
219	1376	0	1376	514
220	1444	0	1444	512
221	1404	0	1404	500
222	1352	0	1352	507
223	1360	0	1360	504
224	1428	0	1428	504
225	1380	0	1380	506
226	1300	0	1300	506
227	1360	0	1360	510
228	1356	0	1356	509
229	1376	0	1376	508
230	1372	0	1372	501
231	1452	0	1452	509
232	1380	0	1380	510
233	1440	0	1440	519
234	1440	0	1440	512
235	1380	0	1380	508
236	1372	0	1372	504
237	1496	0	1496	506
238	1288	0	1288	502
239	1408	0	1408	501
240	1400	0	1400	508
241	1412	0	1412	504
242	1420	0	1420	512
243	1452	0	1452	503
244	1424	0	1424	511
245	1392	0	1392	511
246	1352	0	1352	497
247	1336	0	1336	506
248	1360	0	1360	496
249	1420	0	1420	509
250	1332	0	1332	510
251	1324	0	1324	507
252	1396	0	1396	514
253	1416	0	1416	509
254	1432	0	1432	510
255	1360	0	1360	515
256	1324	0	1324	518
257	1448	0	1448	521
258	1440	0	1440	509
259	1344	0	1344	513
260	1440	0	1440	504
261	1372	0	1372	502
262	1416	0	1416	501
263	1420	0	1420	506
264	1468	0	1468	511
265	1400	0	1400	515
266	1428	0	1428	517
267	1352	0	1352	508
268	1364	0	1364	505
269	1304	0	1304	507
270	1348	0	1348	510
271	1376	0	1376	513
272	1436	0	1436	511
273	1352	0	1352	519
274	1360	0	1360	500
275	1380	0	1380	508
276	1416	0	1416	514
277	1408	0	1408	508
278	1332	0	1332	506
279	1392	0	1392	512
280	1380	0	1380	500
281	1432	0	1432	507
282	1452	0	1452	505
283	1388	0	1388	512
284	1456	0	1456	517
285	1456	0	1456	516
286	1388	0	1388	510
287	1420	0	1420	517
288	1396	0	1396	521
289	1436	0	1436	518
290	1440	0	1440	510
291	1380	0	1380	507
292	1372	0	1372	510
293	1376	0	1376	515
294	1416	0	1416	510
295	1468	0	1468	518
296	1376	0	1376	515
297	1368	0	1368	516
298	1464	0	1464	505
299	1336	0	1336	503
300	1412	0	1412	511
301	1364	0	1364	510
302	1376	0	1376	517
303	1352	0	1352	510
304	1424	0	1424	516
305	1388	0	1388	510
306	1412	0	1412	508
307	1424	0	1424	507
308	1380	0	1380	516
309	1436	0	1436	506
310	1392	0	1392	514
311	1468	0	1468	509
312	1356	0	1356	512
313	1400	0	1400	510
314	1324	0	1324	512
315	1460	0	1460	512
316	1416	0	1416	513
317	1420	0	1420	520
318	1396	0	1396	518
319	1468	0	1468	524
320	1412	0	1412	516
321	1424	0	1424	517
322	1384	0	1384	517
323	1400	0	1400	506
324	1412	0	1412	517
325	1396	0	1396	513
326	1464	0	1464	522
327	1460	0	1460	517
328	1448	0	1448	517
329	1396	0	1396	510
330	1356	0	1356	514
331	1404	0	1404	510
332	1380	0	1380	512
333	1392	0	1392	514
334	1464	0	1464	516
335	1420	0	1420	512
336	1400	0	1400	515
337	1516	0	1516	508
338	1388	0	1388	512
339	1328	0	1328	514
340	1392	0	1392	512
341	1444	0	1444	519
342	1492	0	1492	508
343	1368	0	1368	514
344	1388	0	1388	515
345	1388	0	1388	512
346	1440	0	1440	511
347	1368	0	1368	517
348	1484	0	1484	511
349	1420	0	1420	516
350	1372	0	1372	515
351	1436	0	1436	513
352	1452	0	1452	517
353	1392	0	1392	512
354	1384	0	1384	509
355	1388	0	1388	509
356	1432	0	1432	506
357	1476	0	1476	506
358	1404	0	1404	515
359	1464	0	1464	521
360	1384	0	1384	514
361	1456	0	1456	521
362	1360	0	1360	509
363	1412	0	1412	512
364	1400	0	1400	514
365	1396	0	1396	513
366	1428	0	1428	525
367	1504	0	1504	524
368	1412	0	1412	510
369	1316	0	1316	522
370	1440	0	1440	519
371	1356	0	1356	509
372	1428	0	1428	503
373	1488	0	1488	510
374	1360	0	1360	512
375	1376	0	1376	516
376	1352	0	1352	511
377	1412	0	1412	513
378	1348	0	1348	499
379	1352	0	1352	505
380	1360	0	1360	503
381	1384	0	1384	501
382	1420	0	1420	512
383	1456	0	1456	521
384	1420	0	1420	509
385	1312	0	1312	521
386	1212	0	1212	505
387	1408	0	1408	510
388	1464	0	1464	508
389	1324	0	1324	518
390	1344	0	1344	521
391	1380	0	1380	500
392	1364	0	1364	503
393	1368	0	1368	499
394	1412	0	1412	506
395	1340	0	1340	510
396	1396	0	1396	504
397	1364	0	1364	506
398	1332	0	1332	507
399	1404	0	1404	507
400	1400	0	1400	504
401	1324	0	1324	505
402	1400	0	1400	511
403	1352	0	1352	514
404	1348	0	1348	503
405	1384	0	1384	500
406	1352	0	1352	513
407	1388	0	1388	506
408	1456	0	1456	513
409	1360	0	1360	509
410	1424	0	1424	507
411	1400	0	1400	513
412	1320	0	1320	507
413	1448	0	1448	511
414	1432	0	1432	505
415	1432	0	1432	516
416	1432	0	1432	511
417	1432	0	1432	510
418	1408	0	1408	502
419	1384	0	1384	507
420	1328	0	1328	511
421	1408	0	1408	509
422	1436	0	1436	516
423	1396	0	1396	511
424	1460	0	1460	510
425	1408	0	1408	514
426	1384	0	1384	517
427	1440	0	1440	508
428	1424	0	1424	506
429	1464	0	1464	514
430	1440	0	1440	519
431	1416	0	1416	515
432	1420	0	1420	513
433	1412	0	1412	501
434	1320	0	1320	514
435	1412	0	1412	508
436	1380	0	1380	508
437	1384	0	1384	509
438	1408	0	1408	512
439	1340	0	1340	509
440	1448	0	1448	514
441	1436	0	1436	508
442	1400	0	1400	508
443	1356	0	1356	506
444	1396	0	1396	509
445	1368	0	1368	515
446	1380	0	1380	504
447	1392	0	1392	508
448	1432	0	1432	506
449	1384	0	1384	513
450	1440	0	1440	504
451	1480	0	1480	510
452	1392	0	1392	505
453	1428	0	1428	514
454	1388	0	1388	510
455	1408	0	1408	517
456	1444	0	1444	513
457	1296	0	1296	508
458	1388	0	1388	509
459	1364	0	1364	506
460	1348	0	1348	514
461	1420	0	1420	517
462	1404	0	1404	518
463	1472	0	1472	511
464	1428	0	1428	510
465	1316	0	1316	504
466	1348	0	1348	509
467	1344	0	1344	512
468	1424	0	1424	510
469	1396	0	1396	508
470	1376	0	1376	520
471	1352	0	1352	508
472	1460	0	1460	515
473	1452	0	1452	519
474	1436	0	1436	520
475	1376	0	1376	516
476	1316	0	1316	513
477	1316	0	1316	516
478	1364	0	1364	517
479	1472	0	1472	510
480	1408	0	1408	511
481	1372	0	1372	517
482	1432	0	1432	520
483	1392	0	1392	523
484	1392	0	1392	507
485	1308	0	1308	518
486	1332	0	1332	508
487	1440	0	1440	505
488	1392	0	1392	509
489	1364	0	1364	509
490	1464	0	1464	514
491	1444	0	1444	521
492	1392	0	1392	514
493	1424	0	1424	512
494	1388	0	1388	507
495	1444	0	1444	507
496	1456	0	1456	522
497	1400	0	1400	514
498	1392	0	1392	508
499	1288	0	1288	514
500	1392	0	1392	513
501	1428	0	1428	520
502	1408	0	1408	515
503	1464	0	1464	508
504	1312	0	1312	522
505	1420	0	1420	520
506	1356	0	1356	513
507	1432	0	1432	512
508	1460	0	1460	514
509	1460	0	1460	512
510	1504	0	1504	522
511	1404	0	1404	512
512	1388	0	1388	508
513	1420	0	1420	509
514	1300	0	1300	511
515	1460	0	1460	515
516	1348	0	1348	510
517	1408	0	1408	515
518	1396	0	1396	515
519	1448	0	1448	508
520	1404	0	1404	514
521	1400	0	1400	517
522	1440	0	1440	519
523	1468	0	1468	520
524	1356	0	1356	511
525	1336	0	1336	514
526	1456	0	1456	508
527	1408	0	1408	505
528	1412	0	1412	515
529	1392	0	1392	509
530	1432	0	1432	504
531	1408	0	1408	512
532	1396	0	1396	510
533	1464	0	1464	516
534	1476	0	1476	521
535	1448	0	1448	516
536	1452	0	1452	516
537	1392	0	1392	520
538	1376	0	1376	505
539	1392	0	1392	510
540	1356	0	1356	516
541	1376	0	1376	511
542	1420	0	1420	509
543	1480	0	1480	521
544	1472	0	1472	518
545	1408	0	1408	517
546	1420	0	1420	515
547	1392	0	1392	518
548	1440	0	1440	516
549	1452	0	1452	508
550	1428	0	1428	505
551	1332	0	1332	516
552	1392	0	1392	513
553	1468	0	1468	515
554	1368	0	1368	521
555	1492	0	1492	508
556	1380	0	1380	515
557	1396	0	1396	510
558	1380	0	1380	515
559	1428	0	1428	511
560	1320	0	1320	507
561	1312	0	1312	500
562	1384	0	1384	501
563	1384	0	1384	499
564	1348	0	1348	513
565	1364	0	1364	503
566	1360	0	1360	500
567	1392	0	1392	500
568	1384	0	1384	506
569	1292	0	1292	506
570	1416	0	1416	511
571	1400	0	1400	513
572	1344	0	1344	507
573	1380	0	1380	505
574	1432	0	1432	506
575	1368	0	1368	501
576	1352	0	1352	508
577	1360	0	1360	509
578	1360	0	1360	508
579	1408	0	1408	512
580	1356	0	1356	508
581	1348	0	1348	518
582	1400	0	1400	511
583	1436	0	1436	511
584	1380	0	1380	510
585	1336	0	1336	511
586	1244	0	1244	499
587	1376	0	1376	499
588	1336	0	1336	501
589	1340	0	1340	500
590	1292	0	1292	503
591	1408	0	1408	496
592	1344	0	1344	502
593	1376	0	1376	510
594	1372	0	1372	511
595	1376	0	1376	507
596	1352	0	1352	509
597	1404	0	1404	510
598	1308	0	1308	514
599	1344	0	1344	509
600	1368	0	1368	507
601	1444	0	1444	506
602	1364	0	1364	508
603	1352	0	1352	507
604	1400	0	1400	512
605	1408	0	1408	513
606	1344	0	1344	510
607	1428	0	1428	515
608	1408	0	1408	502
609	1348	0	1348	504
610	1336	0	1336	507
611	1284	0	1284	505
612	1280	0	1280	517
613	1436	0	1436	511
614	1420	0	1420	506
615	1456	0	1456	513
616	1400	0	1400	510
617	1368	0	1368	514
618	1328	0	1328	505
619	1416	0	1416	510
620	1324	0	1324	505
621	1436	0	1436	505
622	1444	0	1444	507
623	1340	0	1340	505
624	1448	0	1448	519
625	1404	0	1404	506
626	1348	0	1348	516
627	1368	0	1368	509
628	1404	0	1404	509
629	1388	0	1388	513
630	1388	0	1388	513
631	1464	0	1464	504
632	1468	0	1468	505
633	1416	0	1416	519
634	1380	0	1380	517
635	1392	0	1392	516
636	1416	0	1416	512
637	1476	0	1476	517
638	1360	0	1360	507
639	1360	0	1360	508
640	1372	0	1372	514
641	1444	0	1444	509
642	1356	0	1356	511
643	1472	0	1472	529
644	1460	0	1460	517
645	1424	0	1424	512
646	1424	0	1424	507
647	1412	0	1412	517
648	1400	0	1400	507
649	1408	0	1408	506
650	1344	0	1344	508
651	1284	0	1284	512
652	1412	0	1412	506
653	1320	0	1320	509
654	1424	0	1424	514
655	1444	0	1444	527
656	1484	0	1484	512
657	1488	0	1488	514
658	1440	0	1440	523
659	1380	0	1380	519
660	1376	0	1376	507
661	1384	0	1384	514
662	1464	0	1464	518
663	1400	0	1400	510
664	1492	0	1492	507
665	1428	0	1428	508
666	1456	0	1456	503
667	1360	0	1360	510
668	1468	0	1468	513
669	1424	0	1424	515
670	1444	0	1444	519
671	1464	0	1464	519
672	1420	0	1420	510
673	1468	0	1468	510
674	1484	0	1484	517
675	1392	0	1392	524
676	1432	0	1432	519
677	1524	0	1524	516
678	1404	0	1404	521
679	1436	0	1436	503
680	1332	0	1332	510
681	1436	0	1436	502
682	1392	0	1392	502
683	1408	0	1408	513
684	1388	0	1388	520
685	1368	0	1368	521
686	1404	0	1404	525
687	1436	0	1436	513
688	1384	0	1384	519
689	1480	0	1480	514
690	1428	0	1428	524
691	1468	0	1468	515
692	1440	0	1440	511
693	1464	0	1464	505
694	1432	0	1432	522
695	1476	0	1476	524
696	1520	0	1520	511
697	1416	0	1416	507
698	1440	0	1440	510
699	1460	0	1460	508
700	1416	0	1416	511
701	1412	0	1412	509
702	1396	0	1396	508
703	1448	0	1448	514
704	1420	0	1420	515
705	1360	0	1360	523
706	1480	0	1480	513
707	1472	0	1472	508
708	1468	0	1468	513
709	1496	0	1496	510
710	1416	0	1416	518
711	1432	0	1432	505
712	1432	0	1432	515
713	1456	0	1456	503
714	1400	0	1400	513
715	1428	0	1428	506
716	1428	0	1428	507
717	1420	0	1420	502
718	1372	0	1372	512
719	1436	0	1436	515
720	1420	0	1420	516
721	1312	0	1312	508
722	1444	0	1444	503
723	1332	0	1332	521
724	1380	0	1380	522
725	1384	0	1384	510
726	1388	0	1388	512
727	1368	0	1368	508
728	1376	0	1376	519
729	1328	0	1328	508
730	1332	0	1332	511
731	1404	0	1404	505
732	1372	0	1372	509
733	1384	0	1384	508
734	1404	0	1404	512
735	1412	0	1412	509
736	1392	0	1392	510
737	1364	0	1364	513
738	1384	0	1384	504
739	1384	0	1384	514
740	1356	0	1356	501
741	1308	0	1308	507
742	1456	0	1456	510
743	1284	0	1284	500
744	1408	0	1408	511
745	1384	0	1384	505
746	1364	0	1364	513
747	1336	0	1336	504
748	1356	0	1356	506
749	1384	0	1384	503
750	1352	0	1352	502
751	1372	0	1372	497
752	1368	0	1368	507
753	1384	0	1384	500
754	1344	0	1344	506
755	1456	0	1456	507
756	1492	0	1492	511
757	1420	0	1420	508
758	1420	0	1420	510
759	1444	0	1444	510
760	1476	0	1476	513
761	1352	0	1352	502
762	1416	0	1416	511
763	1400	0	1400	502
764	1448	0	1448	501
765	1400	0	1400	507
766	1444	0	1444	500
767	1328	0	1328	507
768	1372	0	1372	504
769	1400	0	1400	513
770	1388	0	1388	505
771	1428	0	1428	508
772	1444	0	1444	505
773	1368	0	1368	518
774	1368	0	1368	507
775	1344	0	1344	499
776	1388	0	1388	506
777	1376	0	1376	500
778	1428	0	1428	498
779	1352	0	1352	505
780	1448	0	1448	506
781	1420	0	1420	517
782	1332	0	1332	500
783	1336	0	1336	510
784	1340	0	1340	508
785	1392	0	1392	509
786	1404	0	1404	509
787	1412	0	1412	501
788	1356	0	1356	494
789	1444	0	1444	503
790	1360	0	1360	512
791	1404	0	1404	508
792	1464	0	1464	505
793	1444	0	1444	510
794	1336	0	1336	505
795	1368	0	1368	504
796	1428	0	1428	503
797	1388	0	1388	502
798	1304	0	1304	511
799	1448	0	1448	505
800	1332	0	1332	514
801	1436	0	1436	509
802	1376	0	1376	501
803	1384	0	1384	499
804	1308	0	1308	502
805	1420	0	1420	501
806	1488	0	1488	511
807	1456	0	1456	509
808	1472	0	1472	513
809	1448	0	1448	519
810	1352	0	1352	506
811	1376	0	1376	511
812	1424	0	1424	500
813	1380	0	1380	506
814	1384	0	1384	500
815	1424	0	1424	506
816	1432	0	1432	504
817	1404	0	1404	501
818	1396	0	1396	504
819	1496	0	1496	509
820	1408	0	1408	509
821	1352	0	1352	523
822	1432	0	1432	507
823	1404	0	1404	513
824	1408	0	1408	508
825	1384	0	1384	506
826	1348	0	1348	508
827	1428	0	1428	512
828	1372	0	1372	512
829	1464	0	1464	504
830	1368	0	1368	518
831	1380	0	1380	515
832	1420	0	1420	517
833	1312	0	1312	510
834	1432	0	1432	508
835	1452	0	1452	513
836	1424	0	1424	507
837	1360	0	1360	510
838	1328	0	1328	500
839	1492	0	1492	512
840	1528	0	1528	509
841	1420	0	1420	511
842	1464	0	1464	512
843	1424	0	1424	510
844	1520	0	1520	517
845	1432	0	1432	505
846	1408	0	1408	512
847	1372	0	1372	514
848	1364	0	1364	509
849	1424	0	1424	510
850	1416	0	1416	514
851	1440	0	1440	523
852	1512	0	1512	524
853	1432	0	1432	509
854	1444	0	1444	519
855	1416	0	1416	521
856	1460	0	1460	520
857	1492	0	1492	514
858	1328	0	1328	514
859	1400	0	1400	515
860	1392	0	1392	512
861	1372	0	1372	513
862	1408	0	1408	516
863	1408	0	1408	509
864	1496	0	1496	515
865	1508	0	1508	521
866	1472	0	1472	521
867	1364	0	1364	518
868	1432	0	1432	516
869	1396	0	1396	507
870	1448	0	1448	514
871	1388	0	1388	512
872	1408	0	1408	510
873	1524	0	1524	517
874	1456	0	1456	525
875	1500	0	1500	507
876	1428	0	1428	526
877	1424	0	1424	514
878	1440	0	1440	515
879	1448	0	1448	517
880	1400	0	1400	515
881	1476	0	1476	512
882	1388	0	1388	518
883	1404	0	1404	507
884	1432	0	1432	508
885	1460	0	1460	510
886	1384	0	1384	517
887	1444	0	1444	501
888	1400	0	1400	516
889	1464	0	1464	510
890	1364	0	1364	523
891	1404	0	1404	508
892	1388	0	1388	523
893	1328	0	1328	510
894	1408	0	1408	515
895	1304	0	1304	507
896	1388	0	1388	510
897	1504	0	1504	509
898	1304	0	1304	508
899	1316	0	1316	509
900	1388	0	1388	500
901	1376	0	1376	501
902	1372	0	1372	508
903	1372	0	1372	505
904	1376	0	1376	504
905	1368	0	1368	507
906	1432	0	1432	505
907	1400	0	1400	505
908	1480	0	1480	507
909	1456	0	1456	518
910	1464	0	1464	507
911	1408	0	1408	512
912	1412	0	1412	511
913	1400	0	1400	519
914	1464	0	1464	501
915	1396	0	1396	502
916	1356	0	1356	502
917	1348	0	1348	507
918	1336	0	1336	507
919	1372	0	1372	504
920	1420	0	1420	501
921	1312	0	1312	499
922	1372	0	1372	505
923	1376	0	1376	506
924	1348	0	1348	505
925	1320	0	1320	517
926	1368	0	1368	512
927	1380	0	1380	507
928	1336	0	1336	510
929	1452	0	1452	513
930	1440	0	1440	508
931	1324	0	1324	505
932	1440	0	1440	503
933	1412	0	1412	502
934	1384	0	1384	511
935	1372	0	1372	497
936	1336	0	1336	508
937	1304	0	1304	502
938	1444	0	1444	500
939	1340	0	1340	508
940	1412	0	1412	516
941	1396	0	1396	507
942	1352	0	1352	502
943	1356	0	1356	502
944	1344	0	1344	508
945	1360	0	1360	500
946	1412	0	1412	502
947	1444	0	1444	511
948	1320	0	1320	506
949	1372	0	1372	500
950	1424	0	1424	500
951	1404	0	1404	508
952	1460	0	1460	507
953	1412	0	1412	515
954	1388	0	1388	511
955	1412	0	1412	504
956	1440	0	1440	502
957	1332	0	1332	511
958	1320	0	1320	499
959	1428	0	1428	500
960	1368	0	1368	505
961	1240	0	1240	508
962	1404	0	1404	504
963	1400	0	1400	513
964	1348	0	1348	497
965	1468	0	1468	506
966	1312	0	1312	511
967	1408	0	1408	505
968	1352	0	1352	501
969	1404	0	1404	507
970	1328	0	1328	505
971	1460	0	1460	504
972	1324	0	1324	514
973	1344	0	1344	501
974	1344	0	1344	500
975	1320	0	1320	504
976	1388	0	1388	506
977	1392	0	1392	509
978	1384	0	1384	505
979	1308	0	1308	504
980	1380	0	1380	505
981	1436	0	1436	513
982	1388	0	1388	522
983	1444	0	1444	511
984	1456	0	1456	514
985	1408	0	1408	525
986	1460	0	1460	506
987	1404	0	1404	501
988	1408	0	1408	504
989	1424	0	1424	502
990	1452	0	1452	509
991	1400	0	1400	498
992	1412	0	1412	515
993	1464	0	1464	506
994	1340	0	1340	508
995	1384	0	1384	525
996	1440	0	1440	523
997	1500	0	1500	516
998	1404	0	1404	516
999	1472	0	1472	503
1000	1404	0	1404	510
1001	1400	0	1400	508
1002	1416	0	1416	512
1003	1416	0	1416	511
1004	1488	0	1488	503
1005	1484	0	1484	518
1006	1440	0	1440	500
1007	1380	0	1380	519
1008	1440	0	1440	501
1009	1428	0	1428	512
1010	1444	0	1444	506
1011	1464	0	1464	515
1012	1416	0	1416	504
1013	1376	0	1376	514
1014	1476	0	1476	520
1015	1524	0	1524	514
1016	1500	0	1500	520
1017	1420	0	1420	515
1018	1424	0	1424	501
1019	1464	0	1464	513
1020	1496	0	1496	521
1021	1492	0	1492	509
1022	1452	0	1452	502
1023	1428	0	1428	515
1024	1500	0	1500	502
1025	1392	0	1392	507
1026	1456	0	1456	510
1027	1452	0	1452	503
1028	1524	0	1524	509
1029	1384	0	1384	511
1030	1416	0	1416	513
1031	1540	0	1540	515
1032	1460	0	1460	513
1033	1404	0	1404	514
1034	1444	0	1444	519
1035	1472	0	1472	508
1036	1516	0	1516	511
1037	1396	0	1396	514
1038	1420	0	1420	516
1039	1420	0	1420	517
1040	1424	0	1424	507
1041	1456	0	1456	513
1042	1480	0	1480	516
1043	1408	0	1408	512
1044	1468	0	1468	509
1045	1500	0	1500	510
1046	1516	0	1516	513
1047	1392	0	1392	515
1048	1460	0	1460	508
1049	1392	0	1392	509
1050	1448	0	1448	509
1051	1488	0	1488	505
1052	1460	0	1460	514
1053	1448	0	1448	524
1054	1400	0	1400	513
1055	1388	0	1388	518
1056	1392	0	1392	512
1057	1380	0	1380	511
1058	1388	0	1388	515
1059	1380	0	1380	508
1060	1460	0	1460	505
1061	1360	0	1360	507
1062	1448	0	1448	504
1063	1404	0	1404	505
1064	1288	0	1288	501
1065	1420	0	1420	507
1066	1380	0	1380	508
1067	1384	0	1384	505
1068	1348	0	1348	507
1069	1388	0	1388	503
1070	1400	0	1400	498
1071	1368	0	1368	507
1072	1384	0	1384	507
1073	1356	0	1356	507
1074	1356	0	1356	504
1075	1428	0	1428	506
1076	1388	0	1388	503
1077	1376	0	1376	508
1078	1340	0	1340	507
1079	1428	0	1428	492
1080	1412	0	1412	504
1081	1440	0	1440	510
1082	1348	0	1348	500
1083	1368	0	1368	505
1084	1400	0	1400	504
1085	1440	0	1440	507
1086	1380	0	1380	512
1087	1408	0	1408	512
1088	1408	0	1408	500
1089	1340	0	1340	499
1090	1356	0	1356	508
1091	1416	0	1416	509
1092	1380	0	1380	506
1093	1388	0	1388	506
1094	1420	0	1420	509
1095	1352	0	1352	504
1096	1280	0	1280	496
1097	1448	0	1448	497
1098	1368	0	1368	498
1099	1432	0	1432	503
1100	1352	0	1352	509
1101	1356	0	1356	494
1102	1348	0	1348	494
1103	1348	0	1348	502
1104	1460	0	1460	499
1105	1468	0	1468	505
1106	1328	0	1328	507
1107	1416	0	1416	504
1108	1380	0	1380	502
1109	1404	0	1404	498
1110	1328	0	1328	505
1111	1420	0	1420	515
1112	1424	0	1424	518
1113	1472	0	1472	510
1114	1376	0	1376	500
1115	1480	0	1480	508
1116	1428	0	1428	503
1117	1412	0	1412	496
1118	1356	0	1356	502
1119	1368	0	1368	503
1120	1388	0	1388	500
1121	1336	0	1336	498
1122	1412	0	1412	507
1123	1292	0	1292	500
1124	1416	0	1416	504
1125	1408	0	1408	501
1126	1440	0	1440	504
1127	1472	0	1472	520
1128	1372	0	1372	507
1129	1424	0	1424	508
1130	1360	0	1360	509
1131	1464	0	1464	508
1132	1388	0	1388	507
1133	1428	0	1428	507
1134	1436	0	1436	510
1135	1412	0	1412	503
1136	1432	0	1432	510
1137	1364	0	1364	511
1138	1452	0	1452	511
1139	1440	0	1440	506
1140	1468	0	1468	503
1141	1452	0	1452	512
1142	1392	0	1392	506
1143	1368	0	1368	513
1144	1424	0	1424	503
1145	1432	0	1432	510
1146	1400	0	1400	510
1147	1468	0	1468	512
1148	1436	0	1436	510
1149	1468	0	1468	518
1150	1388	0	1388	512
1151	1464	0	1464	513
1152	1408	0	1408	512
1153	1436	0	1436	501
1154	1392	0	1392	508
1155	1456	0	1456	500
1156	1372	0	1372	503
1157	1460	0	1460	519
1158	1420	0	1420	513
1159	1360	0	1360	501
1160	1404	0	1404	504
1161	1408	0	1408	501
1162	1460	0	1460	509
1163	1340	0	1340	507
1164	1484	0	1484	511
1165	1444	0	1444	511
1166	1380	0	1380	505
1167	1496	0	1496	513
1168	1464	0	1464	511
1169	1412	0	1412	511
1170	1372	0	1372	514
1171	1432	0	1432	510
1172	1480	0	1480	513
1173	1408	0	1408	513
1174	1388	0	1388	504
1175	1484	0	1484	512
1176	1448	0	1448	509
1177	1468	0	1468	514
1178	1380	0	1380	506
1179	1476	0	1476	502
1180	1472	0	1472	517
1181	1460	0	1460	506
1182	1440	0	1440	516
1183	1504	0	1504	515
1184	1472	0	1472	503
1185	1472	0	1472	516
1186	1532	0	1532	510
1187	1448	0	1448	510
1188	1408	0	1408	503
1189	1472	0	1472	511
1190	1492	0	1492	506
1191	1492	0	1492	516
1192	1484	0	1484	515
1193	1400	0	1400	506
1194	1484	0	1484	510
1195	1448	0	1448	504
1196	1424	0	1424	510
1197	1472	0	1472	516
1198	1536	0	1536	512
1199	1404	0	1404	514
1200	1384	0	1384	517
1201	1408	0	1408	511
1202	1452	0	1452	516
1203	1424	0	1424	506
1204	1452	0	1452	505
1205	1484	0	1484	512
1206	1424	0	1424	510
1207	1480	0	1480	511
1208	1396	0	1396	510
1209	1424	0	1424	518
1210	1400	0	1400	507
1211	1532	0	1532	511
1212	1424	0	1424	509
1213	1440	0	1440	504
1214	1476	0	1476	507
1215	1448	0	1448	515
1216	1456	0	1456	517
1217	1504	0	1504	523
1218	1508	0	1508	519
1219	1524	0	1524	504
1220	1544	0	1544	513
1221	1484	0	1484	508
1222	1460	0	1460	506
1223	1424	0	1424	512
1224	1540	0	1540	514
1225	1476	0	1476	515
1226	1500	0	1500	516
1227	1356	0	1356	521
1228	1452	0	1452	509
1229	1452	0	1452	517
1230	1424	0	1424	507
1231	1424	0	1424	522
1232	1416	0	1416	511
1233	1400	0	1400	501
1234	1492	0	1492	510
1235	1424	0	1424	502
1236	1452	0	1452	518
1237	1412	0	1412	506
1238	1444	0	1444	510
1239	1460	0	1460	510
1240	1408	0	1408	510
1241	1404	0	1404	503
1242	1476	0	1476	500
1243	1388	0	1388	504
1244	1304	0	1304	499
1245	1424	0	1424	502
1246	1424	0	1424	508
1247	1296	0	1296	504
1248	1368	0	1368	508
1249	1380	0	1380	505
1250	1416	0	1416	506
1251	1336	0	1336	509
1252	1392	0	1392	507
1253	1360	0	1360	506
1254	1404	0	1404	500
1255	1496	0	1496	496
1256	1352	0	1352	490
1257	1316	0	1316	493
1258	1368	0	1368	508
1259	1400	0	1400	509
1260	1380	0	1380	505
1261	1460	0	1460	501
1262	1484	0	1484	509
1263	1396	0	1396	507
1264	1488	0	1488	513
1265	1356	0	1356	515
1266	1400	0	1400	514
1267	1340	0	1340	495
1268	1372	0	1372	496
1269	1340	0	1340	503
1270	1400	0	1400	501
1271	1448	0	1448	500
1272	1412	0	1412	513
1273	1376	0	1376	507
1274	1464	0	1464	498
1275	1380	0	1380	505
1276	1296	0	1296	504
1277	1392	0	1392	507
1278	1396	0	1396	503
1279	1408	0	1408	507
1280	1416	0	1416	509
1281	1372	0	1372	502
1282	1384	0	1384	512
1283	1416	0	1416	507
1284	1392	0	1392	502
1285	1396	0	1396	511
1286	1396	0	1396	496
1287	1360	0	1360	500
1288	1364	0	1364	509
1289	1444	0	1444	515
1290	1404	0	1404	508
1291	1340	0	1340	510
1292	1404	0	1404	507
1293	1536	0	1536	516
1294	1388	0	1388	510
1295	1400	0	1400	498
1296	1420	0	1420	513
1297	1408	0	1408	509
1298	1412	0	1412	500
1299	1420	0	1420	507
1300	1376	0	1376	501
1301	1368	0	1368	508
1302	1356	0	1356	505
1303	1436	0	1436	513
1304	1412	0	1412	506
1305	1428	0	1428	518
1306	1392	0	1392	507
1307	1336	0	1336	498
1308	1428	0	1428	510
1309	1388	0	1388	507
1310	1440	0	1440	508
1311	1356	0	1356	507
1312	1412	0	1412	512
1313	1384	0	1384	505
1314	1444	0	1444	510
1315	1428	0	1428	521
1316	1420	0	1420	514
1317	1452	0	1452	525
1318	1468	0	1468	516
1319	1520	0	1520	521
1320	1460	0	1460	508
1321	1464	0	1464	513
1322	1364	0	1364	516
1323	1356	0	1356	503
1324	1368	0	1368	506
1325	1540	0	1540	510
1326	1452	0	1452	522
1327	1480	0	1480	523
1328	1428	0	1428	518
1329	1428	0	1428	511
1330	1324	0	1324	504
1331	1404	0	1404	512
1332	1448	0	1448	516
1333	1416	0	1416	511
1334	1408	0	1408	510
1335	1412	0	1412	515
1336	1508	0	1508	515
1337	1468	0	1468	513
1338	1388	0	1388	519
1339	1464	0	1464	505
1340	1376	0	1376	509
1341	1516	0	1516	517
1342	1504	0	1504	512
1343	1460	0	1460	515
1344	1460	0	1460	521
1345	1452	0	1452	516
1346	1484	0	1484	517
1347	1484	0	1484	522
1348	1436	0	1436	506
1349	1508	0	1508	513
1350	1476	0	1476	519
1351	1488	0	1488	518
1352	1476	0	1476	507
1353	1380	0	1380	504
1354	1536	0	1536	502
1355	1408	0	1408	509
1356	1416	0	1416	505
1357	1432	0	1432	516
1358	1524	0	1524	517
1359	1504	0	1504	515
1360	1464	0	1464	508
1361	1500	0	1500	506
1362	1488	0	1488	516
1363	1564	0	1564	514
1364	1412	0	1412	512
1365	1480	0	1480	513
1366	1524	0	1524	513
1367	1508	0	1508	509
1368	1456	0	1456	509
1369	1584	0	1584	518
1370	1528	0	1528	518
1371	1456	0	1456	505
1372	1468	0	1468	507
1373	1496	0	1496	509
1374	1536	0	1536	512
1375	1572	0	1572	511
1376	1516	0	1516	513
1377	1472	0	1472	514
1378	1520	0	1520	513
1379	1584	0	1584	511
1380	1392	0	1392	518
1381	1588	0	1588	523
1382	1460	0	1460	513
1383	1432	0	1432	519
1384	1580	0	1580	528
1385	1628	0	1628	506
1386	1528	0	1528	508
1387	1516	0	1516	513
1388	1572	0	1572	512
1389	1504	0	1504	519
1390	1572	0	1572	511
1391	1496	0	1496	517
1392	1536	0	1536	520
1393	1448	0	1448	507
1394	1556	0	1556	511
1395	1512	0	1512	504
1396	1524	0	1524	508
1397	1552	0	1552	509
1398	1484	0	1484	520
1399	1500	0	1500	508
1400	1448	0	1448	513
1401	1548	0	1548	509
1402	1416	0	1416	518
1403	1536	0	1536	512
1404	1504	0	1504	506
1405	1412	0	1412	508
1406	1384	0	1384	520
1407	1444	0	1444	512
1408	1456	0	1456	517
1409	1392	0	1392	524
1410	1436	0	1436	524
1411	1472	0	1472	510
1412	1464	0	1464	501
1413	1448	0	1448	516
1414	1448	0	1448	517
1415	1376	0	1376	504
1416	1476	0	1476	516
1417	1456	0	1456	510
1418	1400	0	1400	507
1419	1488	0	1488	514
1420	1400	0	1400	512
1421	1420	0	1420	504
1422	1416	0	1416	507
1423	1392	0	1392	506
1424	1412	0	1412	518
1425	1324	0	1324	511
1426	1388	0	1388	512
1427	1428	0	1428	520
1428	1444	0	1444	503
1429	1368	0	1368	511
1430	1440	0	1440	500
1431	1336	0	1336	501
1432	1324	0	1324	511
1433	1420	0	1420	502
1434	1448	0	1448	511
1435	1468	0	1468	512
1436	1404	0	1404	521
1437	1488	0	1488	506
1438	1476	0	1476	515
1439	1388	0	1388	502
1440	1428	0	1428	506
1441	1436	0	1436	513
1442	1344	0	1344	499
1443	1352	0	1352	490
1444	1368	0	1368	493
1445	1472	0	1472	510
1446	1344	0	1344	504
1447	1372	0	1372	508
1448	1356	0	1356	502
1449	1396	0	1396	516
1450	1404	0	1404	521
1451	1396	0	1396	511
1452	1456	0	1456	503
1453	1416	0	1416	500
1454	1364	0	1364	502
1455	1396	0	1396	504
1456	1368	0	1368	501
1457	1432	0	1432	506
1458	1468	0	1468	513
1459	1436	0	1436	503
1460	1444	0	1444	501
1461	1396	0	1396	506
1462	1352	0	1352	501
1463	1380	0	1380	503
1464	1448	0	1448	511
1465	1424	0	1424	496
1466	1416	0	1416	509
1467	1368	0	1368	502
1468	1392	0	1392	510
1469	1444	0	1444	500
1470	1404	0	1404	506
1471	1408	0	1408	506
1472	1360	0	1360	507
1473	1392	0	1392	514
1474	1424	0	1424	515
1475	1480	0	1480	508
1476	1448	0	1448	507
1477	1472	0	1472	507
1478	1404	0	1404	506
1479	1392	0	1392	507
1480	1392	0	1392	513
1481	1468	0	1468	503
1482	1472	0	1472	507
1483	1452	0	1452	506
1484	1420	0	1420	500
1485	1372	0	1372	506
1486	1396	0	1396	500
1487	1400	0	1400	509
1488	1424	0	1424	505
1489	1452	0	1452	501
1490	1444	0	1444	511
1491	1460	0	1460	500
1492	1384	0	1384	500
1493	1484	0	1484	502
1494	1392	0	1392	511
1495	1436	0	1436	502
1496	1456	0	1456	508
1497	1472	0	1472	499
1498	1436	0	1436	521
1499	1532	0	1532	519
1500	1396	0	1396	517
1501	1488	0	1488	513
1502	1512	0	1512	511
1503	1464	0	1464	509
1504	1424	0	1424	504
1505	1504	0	1504	511
1506	1456	0	1456	499
1507	1496	0	1496	511
1508	1480	0	1480	503
1509	1492	0	1492	506
1510	1524	0	1524	508
1511	1432	0	1432	507
1512	1428	0	1428	509
1513	1492	0	1492	529
1514	1544	0	1544	508
1515	1508	0	1508	503
1516	1532	0	1532	511
1517	1516	0	1516	519
1518	1460	0	1460	512
1519	1532	0	1532	514
1520	1544	0	1544	508
1521	1424	0	1424	508
1522	1496	0	1496	513
1523	1552	0	1552	521
1524	1504	0	1504	515
1525	1552	0	1552	513
1526	1528	0	1528	520
1527	1568	0	1568	509
1528	1496	0	1496	514
1529	1500	0	1500	524
1530	1492	0	1492	514
1531	1636	0	1636	512
1532	1484	0	1484	511
1533	1544	0	1544	507
1534	1560	0	1560	519
1535	1524	0	1524	504
1536	1508	0	1508	519
1537	1508	0	1508	513
1538	1508	0	1508	515
1539	1584	0	1584	502
1540	1528	0	1528	510
1541	1508	0	1508	498
1542	1532	0	1532	506
1543	1580	0	1580	510
1544	1660	0	1660	517
1545	1612	0	1612	525
1546	1592	0	1592	518
1547	1680	0	1680	523
1548	1580	0	1580	511
1549	1600	0	1600	512
1550	1508	0	1508	513
1551	1548	0	1548	516
1552	1500	0	1500	516
1553	1616	0	1616	507
1554	1564	0	1564	508
1555	1624	0	1624	513
1556	1492	0	1492	510
1557	1596	0	1596	508
1558	1604	0	1604	515
1559	1596	0	1596	518
1560	1540	0	1540	518
1561	1600	0	1600	512
1562	1592	0	1592	524
1563	1600	0	1600	516
1564	1544	0	1544	505
1565	1476	0	1476	511
1566	1452	0	1452	519
1567	1520	0	1520	520
1568	1672	0	1672	525
1569	1620	0	1620	521
1570	1492	0	1492	516
1571	1500	0	1500	509
1572	1412	0	1412	510
1573	1480	0	1480	510
1574	1472	0	1472	516
1575	1504	0	1504	510
1576	1512	0	1512	510
1577	1404	0	1404	512
1578	1448	0	1448	514
1579	1476	0	1476	513
1580	1488	0	1488	519
1581	1500	0	1500	526
1582	1492	0	1492	507
1583	1360	0	1360	510
1584	1416	0	1416	509
1585	1480	0	1480	509
1586	1472	0	1472	502
1587	1436	0	1436	507
1588	1436	0	1436	511
1589	1440	0	1440	503
1590	1400	0	1400	506
1591	1452	0	1452	509
1592	1396	0	1396	503
1593	1364	0	1364	509
1594	1464	0	1464	499
1595	1348	0	1348	501
1596	1440	0	1440	501
1597	1440	0	1440	503
1598	1344	0	1344	499
1599	1372	0	1372	513
1600	1416	0	1416	512
1601	1376	0	1376	503
1602	1436	0	1436	505
1603	1440	0	1440	518
1604	1324	0	1324	504
1605	1392	0	1392	512
1606	1452	0	1452	518
1607	1440	0	1440	518
1608	1456	0	1456	506
1609	1456	0	1456	519
1610	1388	0	1388	512
1611	1408	0	1408	499
1612	1420	0	1420	503
1613	1344	0	1344	503
1614	1340	0	1340	517
1615	1396	0	1396	503
1616	1424	0	1424	511
1617	1492	0	1492	512
1618	1432	0	1432	504
1619	1376	0	1376	506
1620	1432	0	1432	506
1621	1400	0	1400	511
1622	1420	0	1420	513
1623	1416	0	1416	517
1624	1472	0	1472	509
1625	1440	0	1440	506
1626	1376	0	1376	514
1627	1416	0	1416	513
1628	1444	0	1444	517
1629	1380	0	1380	502
1630	1468	0	1468	507
1631	1372	0	1372	497
1632	1448	0	1448	504
1633	1432	0	1432	505
1634	1444	0	1444	510
1635	1384	0	1384	505
1636	1444	0	1444	510
1637	1424	0	1424	503
1638	1424	0	1424	506
1639	1448	0	1448	510
1640	1436	0	1436	513
1641	1488	0	1488	511
1642	1392	0	1392	506
1643	1440	0	1440	509
1644	1364	0	1364	501
1645	1476	0	1476	508
1646	1392	0	1392	508
1647	1388	0	1388	506
1648	1340	0	1340	508
1649	1420	0	1420	517
1650	1492	0	1492	519
1651	1460	0	1460	506
1652	1504	0	1504	511
1653	1432	0	1432	513
1654	1420	0	1420	517
1655	1432	0	1432	510
1656	1356	0	1356	510
1657	1496	0	1496	506
1658	1420	0	1420	513
1659	1444	0	1444	511
1660	1452	0	1452	513
1661	1352	0	1352	513
1662	1356	0	1356	510
1663	1376	0	1376	507
1664	1372	0	1372	502
1665	1420	0	1420	504
1666	1440	0	1440	513
1667	1396	0	1396	507
1668	1400	0	1400	510
1669	1452	0	1452	502
1670	1344	0	1344	509
1671	1476	0	1476	500
1672	1460	0	1460	520
1673	1444	0	1444	499
1674	1536	0	1536	513
1675	1516	0	1516	516
1676	1472	0	1472	509
1677	1388	0	1388	505
1678	1436	0	1436	504
1679	1376	0	1376	505
1680	1492	0	1492	512
1681	1448	0	1448	505
1682	1500	0	1500	502
1683	1440	0	1440	514
1684	1516	0	1516	517
1685	1488	0	1488	514
1686	1564	0	1564	509
1687	1516	0	1516	515
1688	1448	0	1448	506
1689	1468	0	1468	501
1690	1496	0	1496	503
1691	1468	0	1468	514
1692	1496	0	1496	505
1693	1436	0	1436	510
1694	1572	0	1572	506
1695	1528	0	1528	515
1696	1540	0	1540	511
1697	1516	0	1516	512
1698	1484	0	1484	506
1699	1484	0	1484	507
1700	1488	0	1488	511
1701	1512	0	1512	516
1702	1544	0	1544	508
1703	1540	0	1540	497
1704	1572	0	1572	508
1705	1604	0	1604	513
1706	1568	0	1568	504
1707	1556	0	1556	511
1708	1552	0	1552	510
1709	1576	0	1576	515
1710	1528	0	1528	513
1711	1584	0	1584	515
1712	1504	0	1504	504
1713	1532	0	1532	500
1714	1568	0	1568	512
1715	1584	0	1584	513
1716	1480	0	1480	509
1717	1620	0	1620	506
1718	1636	0	1636	509
1719	1588	0	1588	520
1720	1588	0	1588	519
1721	1604	0	1604	517
1722	1636	0	1636	520
1723	1480	0	1480	502
1724	1532	0	1532	509
1725	1588	0	1588	508
1726	1564	0	1564	506
1727	1516	0	1516	507
1728	1568	0	1568	506
1729	1600	0	1600	507
1730	1624	0	1624	512
1731	1472	0	1472	511
1732	1616	0	1616	506
1733	1588	0	1588	513
1734	1636	0	1636	518
1735	1632	0	1632	517
1736	1620	0	1620	515
1737	1572	0	1572	521
1738	1640	0	1640	513
1739	1576	0	1576	510
1740	1612	0	1612	526
1741	1532	0	1532	523
1742	1536	0	1536	521
1743	1480	0	1480	503
1744	1488	0	1488	504
1745	1436	0	1436	513
1746	1480	0	1480	513
1747	1448	0	1448	503
1748	1432	0	1432	506
1749	1432	0	1432	510
1750	1416	0	1416	507
1751	1396	0	1396	513
1752	1476	0	1476	516
1753	1460	0	1460	522
1754	1408	0	1408	516
1755	1440	0	1440	507
1756	1388	0	1388	504
1757	1400	0	1400	512
1758	1452	0	1452	514
1759	1440	0	1440	509
1760	1420	0	1420	506
1761	1424	0	1424	498
1762	1372	0	1372	500
1763	1364	0	1364	507
1764	1408	0	1408	509
1765	1412	0	1412	504
1766	1488	0	1488	501
1767	1460	0	1460	503
1768	1404	0	1404	513
1769	1460	0	1460	508
1770	1436	0	1436	513
1771	1412	0	1412	509
1772	1460	0	1460	504
1773	1376	0	1376	506
1774	1508	0	1508	506
1775	1396	0	1396	518
1776	1344	0	1344	499
1777	1276	0	1276	506
1778	1456	0	1456	507
1779	1420	0	1420	500
1780	1392	0	1392	500
1781	1444	0	1444	501
1782	1400	0	1400	500
1783	1336	0	1336	500
1784	1428	0	1428	506
1785	1428	0	1428	500
1786	1420	0	1420	494
1787	1340	0	1340	502
1788	1376	0	1376	498
1789	1440	0	1440	504
1790	1376	0	1376	494
1791	1408	0	1408	501
1792	1352	0	1352	500
1793	1428	0	1428	494
1794	1376	0	1376	510
1795	1380	0	1380	501
1796	1380	0	1380	506
1797	1372	0	1372	500
1798	1348	0	1348	497
1799	1380	0	1380	497
1800	1420	0	1420	509
1801	1440	0	1440	503
1802	1408	0	1408	503
1803	1416	0	1416	497
1804	1408	0	1408	512
1805	1388	0	1388	505
1806	1380	0	1380	496
1807	1364	0	1364	514
1808	1392	0	1392	501
1809	1456	0	1456	504
1810	1440	0	1440	501
1811	1396	0	1396	502
1812	1404	0	1404	505
1813	1444	0	1444	512
1814	1408	0	1408	508
1815	1416	0	1416	497
1816	1448	0	1448	507
1817	1412	0	1412	499
1818	1496	0	1496	525
1819	1404	0	1404	501
1820	1372	0	1372	500
1821	1364	0	1364	503
1822	1388	0	1388	494
1823	1428	0	1428	498
1824	1392	0	1392	505
1825	1416	0	1416	503
1826	1420	0	1420	504
1827	1472	0	1472	504
1828	1408	0	1408	500
1829	1368	0	1368	505
1830	1400	0	1400	507
1831	1360	0	1360	503
1832	1460	0	1460	511
1833	1404	0	1404	506
1834	1452	0	1452	506
1835	1392	0	1392	509
1836	1460	0	1460	510
1837	1344	0	1344	504
1838	1456	0	1456	507
1839	1428	0	1428	508
1840	1488	0	1488	502
1841	1516	0	1516	504
1842	1500	0	1500	501
1843	1376	0	1376	501
1844	1492	0	1492	505
1845	1420	0	1420	494
1846	1428	0	1428	516
1847	1448	0	1448	500
1848	1480	0	1480	505
1849	1472	0	1472	518
1850	1472	0	1472	502
1851	1380	0	1380	521
1852	1492	0	1492	519
1853	1456	0	1456	514
1854	1536	0	1536	519
1855	1484	0	1484	503
1856	1496	0	1496	510
1857	1452	0	1452	503
1858	1532	0	1532	501
1859	1500	0	1500	513
1860	1468	0	1468	508
1861	1508	0	1508	503
1862	1540	0	1540	511
1863	1528	0	1528	507
1864	1528	0	1528	516
1865	1528	0	1528	510
1866	1488	0	1488	521
1867	1488	0	1488	513
1868	1584	0	1584	503
1869	1576	0	1576	500
1870	1460	0	1460	504
1871	1532	0	1532	502
1872	1548	0	1548	514
1873	1492	0	1492	505
1874	1516	0	1516	505
1875	1596	0	1596	509
1876	1584	0	1584	507
1877	1552	0	1552	502
1878	1532	0	1532	515
1879	1576	0	1576	505
1880	1548	0	1548	511
1881	1540	0	1540	503
1882	1612	0	1612	502
1883	1580	0	1580	506
1884	1636	0	1636	510
1885	1596	0	1596	515
1886	1600	0	1600	515
1887	1580	0	1580	513
1888	1616	0	1616	509
1889	1568	0	1568	508
1890	1652	0	1652	504
1891	1584	0	1584	506
1892	1600	0	1600	511
1893	1728	0	1728	514
1894	1656	0	1656	518
1895	1584	0	1584	510
1896	1604	0	1604	518
1897	1672	0	1672	518
1898	1628	0	1628	513
1899	1676	0	1676	518
1900	1596	0	1596	511
1901	1612	0	1612	515
1902	1584	0	1584	521
1903	1692	0	1692	508
1904	1516	0	1516	515
1905	1572	0	1572	517
1906	1620	0	1620	519
1907	1596	0	1596	520
1908	1552	0	1552	517
1909	1552	0	1552	512
1910	1640	0	1640	510
1911	1644	0	1644	523
1912	1696	0	1696	514
1913	1672	0	1672	521
1914	1600	0	1600	515
1915	1560	0	1560	518
1916	1540	0	1540	506
1917	1544	0	1544	521
1918	1488	0	1488	521
1919	1464	0	1464	528
1920	1524	0	1524	520
1921	1484	0	1484	518
1922	1396	0	1396	517
1923	1408	0	1408	522
1924	1472	0	1472	506
1925	1372	0	1372	514
1926	1376	0	1376	500
1927	1456	0	1456	512
1928	1404	0	1404	513
1929	1452	0	1452	507
1930	1420	0	1420	514
1931	1468	0	1468	512
1932	1456	0	1456	520
1933	1412	0	1412	515
1934	1396	0	1396	510
1935	1408	0	1408	508
1936	1420	0	1420	511
1937	1436	0	1436	512
1938	1388	0	1388	512
1939	1352	0	1352	504
1940	1420	0	1420	512
1941	1420	0	1420	506
1942	1368	0	1368	504
1943	1384	0	1384	503
1944	1444	0	1444	500
1945	1356	0	1356	509
1946	1456	0	1456	501
1947	1336	0	1336	509
1948	1428	0	1428	507
1949	1492	0	1492	514
1950	1452	0	1452	515
1951	1432	0	1432	507
1952	1380	0	1380	516
1953	0	0	0	0
1954	0	0	0	0
1955	0	0	0	0
1956	0	0	0	0
1957	0	0	0	0
1958	0	0	0	0
1959	0	0	0	0
1960	0	0	0	0
1961	0	0	0	0
1962	0	0	0	0
1963	0	0	0	0
1964	0	0	0	0
1965	0	0	0	0
1966	0	0	0	0
1967	0	0	0	0
1968	0	0	0	0
1969	0	0	0	0
1970	0	0	0	0
1971	0	0	0	0
1972	0	0	0	0
1973	0	0	0	0
1974	0	0	0	0
1975	0	0	0	0
1976	0	0	0	0
1977	0	0	0	0
1978	0	0	0	0
1979	0	0	0	0
1980	0	0	0	0
1981	0	0	0	0
1982	0	0	0	0
1983	0	0	0	0
1984	0	0	0	0
1985	0	0	0	0
1986	0	0	0	0
1987	0	0	0	0
1988	0	0	0	0
1989	0	0	0	0
1990	0	0	0	0
1991	0	0	0	0
1992	0	0	0	0
1993	0	0	0	0
1994	0	0	0	0
1995	0	0	0	0
1996	0	0	0	0
1997	0	0	0	0
1998	0	0	0	0
1999	0	0	0	0
2000	0	0	0	0
