1	2136	0	2136	424
2	2140	0	2140	428
3	2136	0	2136	430
4	2012	0	2012	431
5	2112	0	2112	434
6	2184	0	2184	438
7	2132	0	2132	441
8	2108	0	2108	441
9	2064	0	2064	445
10	2060	0	2060	445
11	1900	0	1900	448
12	2004	0	2004	450
13	1828	0	1828	453
14	1864	0	1864	457
15	2004	0	2004	460
16	1996	0	1996	460
17	1888	0	1888	469
18	1940	0	1940	468
19	1828	0	1828	469
20	1844	0	1844	474
21	1884	0	1884	472
22	1900	0	1900	477
23	1836	0	1836	478
24	1860	0	1860	481
25	1852	0	1852	484
26	1864	0	1864	488
27	1740	0	1740	471
28	1988	0	1988	440
29	2232	0	2232	416
30	2328	0	2328	386
31	2796	0	2796	358
32	3116	0	3116	331
33	3512	0	3512	303
34	3532	0	3532	272
35	3468	0	3468	244
36	2952	0	2952	215
37	2424	0	2424	188
38	1960	0	1960	159
39	1840	0	1840	132
40	1724	0	1724	104
41	1628	0	1628	85
42	1696	0	1696	86
43	1652	0	1652	95
44	1652	0	1652	97
45	1620	0	1620	97
46	1652	0	1652	102
47	1632	0	1632	105
48	1640	0	1640	106
49	1720	0	1720	111
50	1680	0	1680	111
51	1700	0	1700	115
52	1628	0	1628	117
53	1640	0	1640	120
54	1724	0	1724	119
55	1680	0	1680	125
56	1740	0	1740	128
57	1668	0	1668	126
58	1688	0	1688	127
59	1688	0	1688	133
60	1664	0	1664	134
61	1692	0	1692	143
62	1688	0	1688	140
63	1668	0	1668	145
64	1716	0	1716	148
65	1744	0	1744	150
66	1744	0	1744	148
67	1744	0	1744	152
68	1756	0	1756	158
69	1784	0	1784	159
70	1760	0	1760	161
71	1756	0	1756	162
72	1732	0	1732	168
73	1828	0	1828	167
74	1820	0	1820	171
75	1860	0	1860	175
76	1900	0	1900	173
77	1812	0	1812	180
78	1852	0	1852	180
79	1812	0	1812	182
80	1892	0	1892	188
81	2040	0	2040	189
82	2020	0	2020	190
83	2028	0	2028	196
84	2060	0	2060	195
85	2116	0	2116	197
86	2056	0	2056	201
87	2084	0	2084	203
88	2132	0	2132	207
89	2068	0	2068	208
90	2248	0	2248	207
91	2256	0	2256	212
92	2236	0	2236	217
93	2316	0	2316	218
94	2440	0	2440	219
95	2532	0	2532	226
96	2604	0	2604	224
97	2556	0	2556	232
98	2680	0	2680	230
99	2696	0	2696	236
100	2676	0	2676	235
101	2800	0	2800	241
102	2752	0	2752	242
103	2808	0	2808	244
104	2872	0	2872	244
105	2896	0	2896	249
106	3072	0	3072	253
107	3116	0	3116	252
108	3220	0	3220	258
109	3288	0	3288	259
110	3148	0	3148	263
111	3280	0	3280	269
112	3304	0	3304	267
113	3272	0	3272	272
114	3344	0	3344	272
115	3256	0	3256	277
116	3332	0	3332	277
117	3428	0	3428	278
118	3532	0	3532	286
119	3448	0	3448	285
120	3464	0	3464	285
121	3564	0	3564	289
122	3492	0	3492	294
123	3612	0	3612	300
124	3648	0	3648	294
125	3460	0	3460	299
126	3668	0	3668	302
127	3464	0	3464	304
128	3524	0	3524	307
129	3580	0	3580	312
130	3664	0	3664	313
131	3440	0	3440	315
132	3496	0	3496	319
133	3464	0	3464	323
134	3548	0	3548	324
135	3408	0	3408	326
136	3548	0	3548	326
137	3508	0	3508	330
138	3508	0	3508	333
139	3404	0	3404	335
140	3232	0	3232	338
141	3180	0	3180	340
142	3172	0	3172	341
143	3192	0	3192	345
144	3360	0	3360	347
145	3176	0	3176	352
146	3224	0	3224	353
147	3132	0	3132	355
148	3084	0	3084	358
149	3144	0	3144	363
150	3060	0	3060	363
151	3008	0	3008	366
152	2924	0	2924	370
153	2924	0	2924	370
154	2728	0	2728	372
155	2820	0	2820	375
156	2896	0	2896	379
157	2720	0	2720	381
158	2736	0	2736	382
159	2756	0	2756	386
160	2676	0	2676	388
161	2652	0	2652	392
162	2580	0	2580	393
163	2708	0	2708	398
164	2648	0	2648	400
165	2440	0	2440	401
166	2376	0	2376	399
167	2316	0	2316	409
168	2264	0	2264	409
169	2312	0	2312	411
170	2284	0	2284	415
171	2340	0	2340	416
172	2216	0	2216	417
173	2160	0	2160	420
174	2280	0	2280	425
175	2184	0	2184	428
176	2068	0	2068	427
177	2060	0	2060	432
178	1972	0	1972	431
179	2104	0	2104	439
180	2020	0	2020	440
181	2104	0	2104	441
182	2024	0	2024	442
183	2040	0	2040	449
184	2032	0	2032	449
185	2020	0	2020	450
186	2012	0	2012	456
187	2012	0	2012	458
188	1988	0	1988	456
189	1976	0	1976	461
190	2012	0	2012	465
191	1960	0	1960	467
192	1924	0	1924	467
193	1868	0	1868	470
194	1872	0	1872	473
195	1892	0	1892	478
196	1872	0	1872	479
197	1812	0	1812	482
198	1928	0	1928	482
199	1832	0	1832	487
200	1808	0	1808	468
201	1972	0	1972	439
202	2200	0	2200	414
203	2476	0	2476	385
204	2932	0	2932	353
205	3324	0	3324	326
206	3496	0	3496	299
207	3624	0	3624	271
208	3348	0	3348	242
209	2896	0	2896	212
210	2352	0	2352	184
211	1920	0	1920	153
212	1832	0	1832	127
213	1724	0	1724	101
214	1676	0	1676	88
215	1640	0	1640	92
216	1724	0	1724	96
217	1692	0	1692	97
218	1648	0	1648	95
219	1676	0	1676	103
220	1652	0	1652	104
221	1628	0	1628	104
222	1640	0	1640	108
223	1696	0	1696	113
224	1668	0	1668	114
225	1760	0	1760	118
226	1716	0	1716	122
227	1708	0	1708	124
228	1760	0	1760	123
229	1648	0	1648	126
230	1676	0	1676	130
231	1740	0	1740	136
232	1656	0	1656	136
233	1644	0	1644	137
234	1700	0	1700	141
235	1700	0	1700	141
236	1768	0	1768	143
237	1844	0	1844	150
238	2792	0	2792	153
239	5248	0	5248	153
240	7032	0	7032	154
241	6748	0	6748	159
242	7144	0	7144	162
243	6444	0	6444	162
244	7376	0	7376	163
245	56292	0	56292	167
246	251848	0	251848	170
247	57312	0	57312	173
248	20464	0	20464	176
249	24664	0	24664	177
250	78896	0	78896	182
251	31144	0	31144	183
252	33704	0	33704	185
253	167176	0	167176	188
254	475660	0	475660	191
255	284652	0	284652	194
256	557988	0	557988	198
257	525752	0	525752	198
258	538300	0	538300	202
259	518492	0	518492	203
260	557528	0	557528	204
261	774924	0	774924	208
262	970888	0	970888	211
263	601404	0	601404	210
264	572792	0	572792	216
265	496504	0	496504	218
266	284908	0	284908	223
267	59824	0	59824	223
268	142340	0	142340	228
269	886556	0	886556	229
270	629296	0	629296	234
271	313944	0	313944	232
272	563696	0	563696	235
273	591368	0	591368	239
274	464860	0	464860	242
275	481100	0	481100	244
276	414468	0	414468	249
277	576772	0	576772	253
278	498712	0	498712	251
279	148380	0	148380	251
280	131284	0	131284	258
281	151924	0	151924	258
282	245564	0	245564	261
283	295540	0	295540	265
284	423172	0	423172	266
285	417652	0	417652	267
286	366604	0	366604	273
287	366104	0	366104	273
288	170212	0	170212	279
289	96604	0	96604	282
290	56996	0	56996	281
291	23668	0	23668	288
292	34408	0	34408	287
293	8060	0	8060	290
294	6516	0	6516	295
295	6740	0	6740	294
296	5936	0	5936	295
297	6940	0	6940	297
298	8004	0	8004	305
299	10984	0	10984	305
300	14108	0	14108	307
301	23000	0	23000	310
302	50692	0	50692	313
303	16180	0	16180	317
304	13364	0	13364	319
305	10696	0	10696	317
306	10644	0	10644	321
307	30116	0	30116	323
308	566452	0	566452	325
309	2375348	0	2375348	330
310	1124540	0	1124540	335
311	1124632	0	1124632	337
312	606932	0	606932	340
313	612792	0	612792	337
314	976556	0	976556	343
315	560304	0	560304	348
316	99844	0	99844	347
317	135828	0	135828	351
318	340416	0	340416	353
319	466600	0	466600	354
320	457148	0	457148	360
321	376508	0	376508	360
322	310104	0	310104	366
323	370312	0	370312	363
324	583824	0	583824	367
325	660840	0	660840	370
326	583220	0	583220	374
327	458928	0	458928	375
328	428372	0	428372	375
329	371832	0	371832	382
330	300476	0	300476	382
331	234072	0	234072	387
332	551300	0	551300	389
333	477880	0	477880	390
334	253584	0	253584	390
335	178764	0	178764	395
336	197152	0	197152	397
337	293384	0	293384	401
338	166580	0	166580	401
339	53752	0	53752	407
340	13056	0	13056	408
341	4612	0	4612	413
342	2736	0	2736	413
343	2388	0	2388	417
344	2296	0	2296	421
345	2244	0	2244	419
346	2144	0	2144	422
347	2240	0	2240	424
348	2244	0	2244	429
349	2128	0	2128	428
350	2112	0	2112	433
351	2260	0	2260	435
352	2092	0	2092	442
353	2056	0	2056	442
354	2040	0	2040	442
355	2052	0	2052	450
356	1932	0	1932	449
357	2036	0	2036	450
358	2020	0	2020	452
359	2044	0	2044	458
360	1996	0	1996	458
361	1968	0	1968	460
362	1940	0	1940	464
363	2120	0	2120	467
364	1964	0	1964	470
365	1948	0	1948	474
366	1988	0	1988	477
367	1836	0	1836	479
368	1816	0	1816	480
369	1756	0	1756	482
370	1860	0	1860	485
371	1844	0	1844	488
372	1888	0	1888	471
373	1948	0	1948	444
374	2148	0	2148	415
375	2560	0	2560	387
376	2952	0	2952	358
377	3304	0	3304	329
378	3572	0	3572	301
379	3644	0	3644	276
380	3448	0	3448	242
381	3020	0	3020	217
382	2424	0	2424	187
383	1972	0	1972	157
384	1816	0	1816	131
385	1676	0	1676	99
386	1760	0	1760	90
387	1632	0	1632	91
388	1584	0	1584	95
389	1756	0	1756	95
390	1676	0	1676	98
391	1736	0	1736	101
392	1636	0	1636	103
393	1712	0	1712	106
394	1700	0	1700	109
395	1644	0	1644	112
396	1740	0	1740	113
397	1696	0	1696	117
398	1716	0	1716	118
399	1776	0	1776	120
400	1752	0	1752	125
401	1728	0	1728	124
402	1716	0	1716	129
403	1652	0	1652	132
404	1684	0	1684	133
405	1728	0	1728	137
406	1700	0	1700	139
407	1804	0	1804	143
408	1684	0	1684	148
409	1716	0	1716	148
410	1720	0	1720	147
411	1692	0	1692	152
412	1784	0	1784	155
413	1828	0	1828	159
414	1784	0	1784	157
415	1836	0	1836	161
416	1820	0	1820	167
417	1856	0	1856	165
418	1772	0	1772	169
419	1808	0	1808	169
420	1804	0	1804	176
421	1884	0	1884	175
422	1992	0	1992	178
423	1896	0	1896	186
424	1916	0	1916	183
425	2128	0	2128	188
426	2076	0	2076	191
427	1996	0	1996	192
428	2060	0	2060	194
429	1996	0	1996	195
430	2124	0	2124	201
431	2088	0	2088	203
432	2184	0	2184	205
433	2188	0	2188	208
434	2148	0	2148	210
435	2272	0	2272	215
436	2128	0	2128	216
437	2456	0	2456	219
438	2544	0	2544	222
439	2548	0	2548	224
440	2640	0	2640	222
441	2624	0	2624	229
442	2616	0	2616	232
443	2620	0	2620	230
444	2720	0	2720	234
445	2800	0	2800	241
446	2944	0	2944	240
447	3036	0	3036	239
448	3128	0	3128	247
449	3156	0	3156	248
450	3100	0	3100	248
451	3104	0	3104	251
452	3104	0	3104	256
453	3172	0	3172	256
454	3180	0	3180	261
455	3176	0	3176	264
456	3244	0	3244	266
457	3400	0	3400	268
458	3548	0	3548	273
459	3460	0	3460	273
460	3556	0	3556	277
461	3484	0	3484	284
462	3504	0	3504	283
463	3632	0	3632	284
464	3564	0	3564	288
465	3576	0	3576	290
466	3640	0	3640	294
467	3632	0	3632	294
468	3684	0	3684	298
469	3664	0	3664	299
470	3756	0	3756	301
471	3720	0	3720	309
472	3716	0	3716	310
473	3636	0	3636	309
474	3656	0	3656	312
475	3576	0	3576	314
476	3600	0	3600	317
477	3540	0	3540	321
478	3576	0	3576	322
479	3648	0	3648	328
480	3644	0	3644	328
481	3492	0	3492	330
482	3656	0	3656	330
483	3476	0	3476	337
484	3492	0	3492	335
485	3440	0	3440	341
486	3456	0	3456	343
487	3356	0	3356	344
488	3328	0	3328	346
489	3348	0	3348	348
490	3200	0	3200	354
491	3300	0	3300	356
492	3248	0	3248	355
493	3164	0	3164	356
494	3028	0	3028	367
495	2996	0	2996	365
496	2940	0	2940	366
497	2952	0	2952	368
498	2944	0	2944	373
499	3100	0	3100	372
500	2852	0	2852	379
501	2816	0	2816	379
502	2820	0	2820	380
503	2628	0	2628	387
504	2596	0	2596	385
505	2668	0	2668	390
506	2708	0	2708	394
507	2692	0	2692	396
508	2560	0	2560	396
509	2628	0	2628	402
510	2544	0	2544	403
511	2424	0	2424	408
512	2508	0	2508	406
513	2404	0	2404	410
514	2360	0	2360	417
515	2316	0	2316	416
516	2344	0	2344	419
517	2372	0	2372	419
518	2256	0	2256	424
519	2160	0	2160	423
520	2144	0	2144	432
521	2128	0	2128	432
522	2116	0	2116	433
523	2044	0	2044	434
524	2128	0	2128	440
525	2116	0	2116	440
526	2048	0	2048	444
527	1952	0	1952	444
528	1964	0	1964	452
529	1956	0	1956	451
530	1952	0	1952	454
531	1940	0	1940	456
532	1972	0	1972	458
533	1916	0	1916	462
534	1880	0	1880	464
535	1808	0	1808	469
536	1884	0	1884	469
537	1888	0	1888	473
538	1984	0	1984	475
539	1908	0	1908	481
540	1740	0	1740	479
541	1808	0	1808	483
542	1808	0	1808	484
543	1796	0	1796	487
544	1876	0	1876	476
545	1912	0	1912	446
546	2148	0	2148	419
547	2440	0	2440	393
548	2772	0	2772	363
549	3308	0	3308	335
550	3644	0	3644	308
551	3736	0	3736	277
552	3468	0	3468	249
553	3180	0	3180	220
554	2536	0	2536	191
555	1968	0	1968	165
556	1748	0	1748	135
557	1688	0	1688	105
558	1668	0	1668	89
559	1696	0	1696	92
560	1608	0	1608	93
561	1664	0	1664	97
562	1668	0	1668	99
563	1664	0	1664	104
564	1612	0	1612	102
565	1620	0	1620	108
566	1612	0	1612	107
567	1740	0	1740	111
568	1668	0	1668	114
569	1692	0	1692	114
570	1596	0	1596	120
571	1644	0	1644	118
572	1676	0	1676	123
573	1612	0	1612	126
574	1680	0	1680	129
575	1680	0	1680	128
576	1680	0	1680	135
577	1736	0	1736	135
578	1780	0	1780	141
579	1620	0	1620	142
580	1692	0	1692	146
581	1740	0	1740	146
582	1656	0	1656	146
583	1684	0	1684	152
584	1740	0	1740	156
585	1832	0	1832	157
586	1824	0	1824	158
587	1804	0	1804	164
588	1860	0	1860	163
589	1872	0	1872	167
590	1784	0	1784	169
591	1808	0	1808	174
592	1812	0	1812	174
593	1828	0	1828	177
594	1752	0	1752	178
595	1940	0	1940	182
596	1944	0	1944	184
597	1868	0	1868	188
598	1836	0	1836	190
599	2076	0	2076	194
600	2032	0	2032	194
601	2144	0	2144	198
602	2104	0	2104	201
603	2136	0	2136	204
604	2236	0	2236	204
605	2132	0	2132	208
606	2276	0	2276	211
607	2200	0	2200	213
608	2128	0	2128	213
609	2120	0	2120	219
610	2320	0	2320	220
611	2380	0	2380	225
612	2448	0	2448	225
613	2636	0	2636	225
614	2760	0	2760	229
615	2752	0	2752	231
616	2656	0	2656	237
617	2800	0	2800	240
618	2884	0	2884	243
619	3000	0	3000	244
620	3020	0	3020	247
621	2912	0	2912	249
622	3052	0	3052	252
623	2996	0	2996	253
624	3072	0	3072	253
625	3004	0	3004	257
626	3312	0	3312	262
627	3536	0	3536	263
628	3504	0	3504	267
629	3508	0	3508	267
630	3488	0	3488	270
631	3596	0	3596	276
632	3356	0	3356	274
633	3452	0	3452	280
634	3444	0	3444	277
635	3480	0	3480	285
636	3532	0	3532	286
637	3636	0	3636	288
638	3564	0	3564	291
639	3580	0	3580	294
640	3684	0	3684	295
641	3576	0	3576	298
642	3588	0	3588	301
643	3572	0	3572	303
644	3708	0	3708	308
645	3632	0	3632	306
646	3696	0	3696	312
647	3604	0	3604	314
648	3548	0	3548	316
649	3736	0	3736	319
650	3588	0	3588	319
651	3420	0	3420	321
652	3440	0	3440	327
653	3540	0	3540	328
654	3460	0	3460	331
655	3332	0	3332	337
656	3416	0	3416	337
657	3404	0	3404	338
658	3316	0	3316	339
659	3436	0	3436	345
660	3388	0	3388	349
661	3248	0	3248	349
662	3132	0	3132	352
663	3100	0	3100	352
664	3072	0	3072	357
665	2992	0	2992	359
666	3004	0	3004	362
667	2984	0	2984	366
668	3192	0	3192	370
669	2900	0	2900	369
670	2968	0	2968	372
671	2796	0	2796	374
672	2880	0	2880	377
673	2660	0	2660	384
674	2596	0	2596	382
675	2640	0	2640	385
676	2460	0	2460	388
677	2532	0	2532	389
678	2444	0	2444	395
679	2552	0	2552	396
680	2524	0	2524	395
681	2672	0	2672	398
682	2496	0	2496	404
683	2364	0	2364	403
684	2256	0	2256	409
685	2248	0	2248	407
686	2168	0	2168	412
687	2248	0	2248	413
688	2240	0	2240	417
689	2144	0	2144	422
690	2188	0	2188	422
691	2160	0	2160	428
692	2136	0	2136	426
693	2016	0	2016	432
694	2116	0	2116	432
695	2120	0	2120	433
696	2052	0	2052	437
697	1928	0	1928	438
698	2016	0	2016	440
699	1968	0	1968	446
700	1904	0	1904	447
701	1844	0	1844	450
702	2012	0	2012	451
703	1844	0	1844	455
704	1844	0	1844	456
705	1756	0	1756	462
706	1768	0	1768	460
707	1748	0	1748	466
708	1724	0	1724	469
709	1748	0	1748	471
710	1716	0	1716	474
711	1692	0	1692	476
712	1800	0	1800	479
713	1760	0	1760	480
714	1732	0	1732	481
715	1668	0	1668	487
716	1684	0	1684	482
717	1732	0	1732	451
718	1956	0	1956	425
719	2244	0	2244	398
720	2548	0	2548	370
721	3040	0	3040	338
722	3360	0	3360	312
723	3544	0	3544	285
724	3508	0	3508	254
725	3120	0	3120	230
726	2572	0	2572	197
727	2004	0	2004	169
728	1732	0	1732	142
729	1636	0	1636	110
730	1548	0	1548	89
731	1516	0	1516	93
732	1504	0	1504	93
733	1520	0	1520	97
734	1616	0	1616	98
735	1552	0	1552	101
736	1528	0	1528	103
737	1596	0	1596	107
738	1608	0	1608	107
739	1596	0	1596	113
740	1580	0	1580	115
741	1508	0	1508	116
742	1468	0	1468	117
743	1584	0	1584	121
744	1560	0	1560	124
745	1608	0	1608	128
746	1608	0	1608	130
747	1560	0	1560	132
748	1492	0	1492	132
749	1604	0	1604	135
750	1584	0	1584	141
751	1544	0	1544	141
752	1584	0	1584	140
753	1608	0	1608	147
754	1620	0	1620	148
755	1616	0	1616	149
756	1632	0	1632	156
757	1600	0	1600	156
758	1608	0	1608	157
759	1600	0	1600	159
760	1576	0	1576	166
761	1720	0	1720	167
762	1668	0	1668	167
763	1744	0	1744	169
764	1640	0	1640	173
765	1768	0	1768	174
766	1828	0	1828	180
767	1788	0	1788	180
768	1844	0	1844	187
769	1932	0	1932	185
770	1720	0	1720	188
771	1932	0	1932	194
772	1928	0	1928	194
773	1964	0	1964	198
774	1940	0	1940	198
775	1900	0	1900	201
776	1976	0	1976	204
777	2032	0	2032	209
778	2096	0	2096	208
779	2116	0	2116	215
780	2372	0	2372	217
781	2300	0	2300	216
782	2356	0	2356	220
783	2376	0	2376	225
784	2400	0	2400	228
785	2416	0	2416	226
786	2468	0	2468	227
787	2480	0	2480	230
788	2700	0	2700	236
789	2704	0	2704	234
790	2760	0	2760	241
791	2964	0	2964	243
792	2940	0	2940	245
793	2908	0	2908	245
794	3080	0	3080	250
795	2992	0	2992	250
796	3028	0	3028	254
797	3048	0	3048	258
798	3152	0	3152	259
799	3204	0	3204	262
800	3096	0	3096	266
801	3260	0	3260	267
802	3204	0	3204	271
803	3344	0	3344	274
804	3432	0	3432	275
805	3300	0	3300	278
806	3316	0	3316	279
807	3356	0	3356	283
808	3368	0	3368	288
809	3428	0	3428	289
810	3520	0	3520	293
811	3512	0	3512	294
812	3684	0	3684	295
813	3724	0	3724	301
814	3604	0	3604	298
815	3556	0	3556	305
816	3572	0	3572	305
817	3528	0	3528	309
818	3520	0	3520	311
819	3608	0	3608	313
820	3492	0	3492	314
821	3496	0	3496	318
822	3548	0	3548	319
823	3484	0	3484	323
824	3428	0	3428	325
825	3520	0	3520	329
826	3536	0	3536	331
827	3512	0	3512	335
828	3384	0	3384	337
829	3268	0	3268	340
830	3244	0	3244	341
831	3328	0	3328	339
832	3168	0	3168	346
833	3188	0	3188	350
834	3224	0	3224	350
835	3140	0	3140	350
836	3100	0	3100	359
837	3168	0	3168	360
838	3056	0	3056	363
839	3184	0	3184	365
840	2748	0	2748	367
841	2876	0	2876	368
842	2780	0	2780	373
843	2856	0	2856	377
844	2744	0	2744	375
845	2828	0	2828	380
846	2876	0	2876	381
847	2752	0	2752	387
848	2724	0	2724	388
849	2468	0	2468	390
850	2348	0	2348	391
851	2500	0	2500	396
852	2364	0	2364	396
853	2396	0	2396	397
854	2388	0	2388	402
855	2248	0	2248	406
856	2372	0	2372	407
857	2360	0	2360	411
858	2224	0	2224	411
859	2228	0	2228	418
860	2236	0	2236	418
861	2292	0	2292	420
862	2024	0	2024	422
863	1976	0	1976	424
864	1976	0	1976	430
865	2016	0	2016	431
866	2044	0	2044	434
867	2016	0	2016	436
868	1952	0	1952	436
869	1996	0	1996	438
870	2008	0	2008	445
871	1940	0	1940	446
872	1892	0	1892	448
873	1832	0	1832	449
874	1836	0	1836	454
875	1728	0	1728	454
876	1808	0	1808	455
877	1752	0	1752	461
878	1784	0	1784	466
879	1784	0	1784	465
880	1760	0	1760	467
881	1744	0	1744	471
882	1764	0	1764	475
883	1728	0	1728	474
884	1696	0	1696	479
885	1696	0	1696	481
886	1656	0	1656	483
887	1580	0	1580	485
888	1680	0	1680	485
889	1708	0	1708	458
890	1788	0	1788	427
891	2112	0	2112	400
892	2608	0	2608	374
893	3120	0	3120	344
894	3564	0	3564	315
895	3744	0	3744	287
896	3760	0	3760	259
897	3420	0	3420	231
898	2736	0	2736	203
899	2108	0	2108	172
900	1840	0	1840	145
901	1672	0	1672	112
902	1688	0	1688	84
903	1604	0	1604	88
904	1556	0	1556	90
905	1528	0	1528	93
906	1580	0	1580	98
907	1448	0	1448	99
908	1576	0	1576	100
909	1600	0	1600	102
910	1480	0	1480	108
911	1564	0	1564	112
912	1536	0	1536	112
913	1520	0	1520	114
914	1592	0	1592	122
915	1484	0	1484	122
916	1460	0	1460	123
917	1540	0	1540	126
918	1556	0	1556	127
919	1508	0	1508	131
920	1648	0	1648	132
921	1660	0	1660	134
922	1584	0	1584	141
923	1512	0	1512	141
924	1568	0	1568	143
925	1540	0	1540	146
926	1596	0	1596	149
927	1500	0	1500	149
928	1608	0	1608	152
929	1608	0	1608	157
930	1672	0	1672	159
931	1620	0	1620	164
932	1664	0	1664	163
933	1660	0	1660	168
934	1632	0	1632	169
935	1664	0	1664	172
936	1712	0	1712	174
937	1672	0	1672	178
938	1692	0	1692	179
939	1700	0	1700	182
940	1800	0	1800	184
941	1792	0	1792	189
942	1760	0	1760	190
943	1960	0	1960	192
944	1860	0	1860	197
945	1968	0	1968	196
946	1964	0	1964	198
947	1988	0	1988	204
948	1952	0	1952	203
949	2092	0	2092	208
950	2008	0	2008	207
951	2032	0	2032	211
952	2084	0	2084	213
953	2104	0	2104	218
954	2108	0	2108	217
955	2124	0	2124	223
956	2280	0	2280	226
957	2308	0	2308	229
958	2544	0	2544	229
959	2612	0	2612	231
960	2668	0	2668	237
961	2656	0	2656	237
962	2660	0	2660	241
963	2664	0	2664	241
964	2856	0	2856	245
965	2972	0	2972	247
966	2980	0	2980	244
967	2984	0	2984	250
968	3180	0	3180	255
969	3144	0	3144	256
970	3212	0	3212	260
971	3200	0	3200	263
972	3184	0	3184	266
973	3132	0	3132	268
974	3236	0	3236	270
975	3200	0	3200	275
976	3256	0	3256	277
977	3528	0	3528	281
978	3548	0	3548	282
979	3628	0	3628	286
980	3572	0	3572	287
981	3568	0	3568	285
982	3500	0	3500	294
983	3436	0	3436	294
984	3656	0	3656	295
985	3604	0	3604	300
986	3588	0	3588	301
987	3548	0	3548	303
988	3516	0	3516	306
989	3656	0	3656	309
990	3548	0	3548	310
991	3612	0	3612	312
992	3656	0	3656	314
993	3624	0	3624	317
994	3552	0	3552	321
995	3428	0	3428	325
996	3520	0	3520	327
997	3480	0	3480	330
998	3440	0	3440	331
999	3428	0	3428	333
1000	3512	0	3512	334
1001	3368	0	3368	341
1002	3416	0	3416	341
1003	3344	0	3344	342
1004	3160	0	3160	345
1005	3196	0	3196	352
1006	3260	0	3260	350
1007	3256	0	3256	354
1008	3120	0	3120	357
1009	3080	0	3080	359
1010	3032	0	3032	363
1011	3000	0	3000	363
1012	3048	0	3048	371
1013	3040	0	3040	372
1014	2964	0	2964	373
1015	2812	0	2812	374
1016	2656	0	2656	378
1017	2568	0	2568	380
1018	2652	0	2652	383
1019	2580	0	2580	381
1020	2472	0	2472	386
1021	2512	0	2512	389
1022	2572	0	2572	390
1023	2556	0	2556	395
1024	2512	0	2512	397
1025	2528	0	2528	398
1026	2464	0	2464	402
1027	2340	0	2340	407
1028	2200	0	2200	408
1029	2260	0	2260	411
1030	2248	0	2248	410
1031	2180	0	2180	415
1032	2224	0	2224	417
1033	2240	0	2240	420
1034	2184	0	2184	422
1035	2112	0	2112	423
1036	2124	0	2124	424
1037	2080	0	2080	429
1038	2000	0	2000	431
1039	2008	0	2008	435
1040	1952	0	1952	437
1041	1964	0	1964	437
1042	1920	0	1920	443
1043	1844	0	1844	445
1044	1912	0	1912	444
1045	1856	0	1856	450
1046	1968	0	1968	455
1047	1808	0	1808	456
1048	1900	0	1900	454
1049	1884	0	1884	460
1050	1924	0	1924	463
1051	1740	0	1740	463
1052	1708	0	1708	466
1053	1764	0	1764	468
1054	1600	0	1600	474
1055	1760	0	1760	475
1056	1656	0	1656	475
1057	1648	0	1648	478
1058	1712	0	1712	482
1059	1656	0	1656	485
1060	1656	0	1656	487
1061	1764	0	1764	461
1062	1792	0	1792	435
1063	2080	0	2080	405
1064	2532	0	2532	375
1065	2952	0	2952	349
1066	3284	0	3284	322
1067	3740	0	3740	289
1068	3556	0	3556	263
1069	3220	0	3220	233
1070	2588	0	2588	206
1071	2216	0	2216	177
1072	1720	0	1720	147
1073	1644	0	1644	120
1074	1652	0	1652	91
1075	1464	0	1464	90
1076	1572	0	1572	90
1077	1544	0	1544	94
1078	1556	0	1556	98
1079	1532	0	1532	102
1080	1552	0	1552	104
1081	1568	0	1568	104
1082	1604	0	1604	107
1083	1580	0	1580	108
1084	1568	0	1568	115
1085	1592	0	1592	113
1086	1660	0	1660	118
1087	1564	0	1564	118
1088	1588	0	1588	124
1089	1604	0	1604	126
1090	1588	0	1588	129
1091	1588	0	1588	129
1092	1492	0	1492	133
1093	1584	0	1584	133
1094	1652	0	1652	137
1095	1504	0	1504	141
1096	1632	0	1632	146
1097	1660	0	1660	146
1098	1692	0	1692	151
1099	1668	0	1668	148
1100	1676	0	1676	152
1101	1756	0	1756	155
1102	1692	0	1692	156
1103	1720	0	1720	160
1104	1676	0	1676	165
1105	1704	0	1704	165
1106	1672	0	1672	169
1107	1744	0	1744	169
1108	1700	0	1700	174
1109	1820	0	1820	176
1110	1884	0	1884	178
1111	1940	0	1940	180
1112	1792	0	1792	182
1113	1796	0	1796	187
1114	1908	0	1908	188
1115	1956	0	1956	192
1116	1904	0	1904	191
1117	1912	0	1912	195
1118	1980	0	1980	198
1119	1968	0	1968	200
1120	1992	0	1992	203
1121	2236	0	2236	205
1122	2292	0	2292	212
1123	2212	0	2212	209
1124	2292	0	2292	214
1125	2356	0	2356	218
1126	2300	0	2300	218
1127	2372	0	2372	223
1128	2372	0	2372	226
1129	2424	0	2424	227
1130	2464	0	2464	228
1131	2584	0	2584	230
1132	2540	0	2540	236
1133	2880	0	2880	235
1134	2936	0	2936	240
1135	3016	0	3016	243
1136	2808	0	2808	246
1137	2808	0	2808	247
1138	2864	0	2864	245
1139	3120	0	3120	255
1140	3172	0	3172	252
1141	3076	0	3076	257
1142	3136	0	3136	259
1143	3136	0	3136	263
1144	3316	0	3316	266
1145	3404	0	3404	268
1146	3512	0	3512	268
1147	3512	0	3512	272
1148	3560	0	3560	274
1149	3636	0	3636	277
1150	3580	0	3580	280
1151	3632	0	3632	283
1152	3616	0	3616	287
1153	3648	0	3648	285
1154	3568	0	3568	288
1155	3776	0	3776	293
1156	3684	0	3684	297
1157	3744	0	3744	299
1158	3928	0	3928	302
1159	4004	0	4004	302
1160	3988	0	3988	304
1161	3828	0	3828	307
1162	3808	0	3808	312
1163	3700	0	3700	312
1164	3680	0	3680	313
1165	3724	0	3724	316
1166	3796	0	3796	321
1167	3748	0	3748	322
1168	3636	0	3636	326
1169	3612	0	3612	327
1170	3580	0	3580	329
1171	3472	0	3472	334
1172	3456	0	3456	333
1173	3548	0	3548	337
1174	3312	0	3312	339
1175	3364	0	3364	344
1176	3496	0	3496	345
1177	3576	0	3576	346
1178	3572	0	3572	352
1179	3520	0	3520	354
1180	3224	0	3224	356
1181	3140	0	3140	362
1182	2992	0	2992	359
1183	3040	0	3040	362
1184	3032	0	3032	364
1185	3076	0	3076	367
1186	3012	0	3012	371
1187	2924	0	2924	374
1188	3060	0	3060	375
1189	3092	0	3092	381
1190	2868	0	2868	380
1191	2936	0	2936	381
1192	2804	0	2804	386
1193	2676	0	2676	390
1194	2708	0	2708	391
1195	2632	0	2632	395
1196	2612	0	2612	397
1197	2648	0	2648	397
1198	2592	0	2592	403
1199	2640	0	2640	400
1200	2552	0	2552	406
1201	2516	0	2516	407
1202	2352	0	2352	413
1203	2432	0	2432	413
1204	2308	0	2308	416
1205	2344	0	2344	419
1206	2196	0	2196	422
1207	2208	0	2208	424
1208	2288	0	2288	428
1209	2152	0	2152	430
1210	2212	0	2212	432
1211	2168	0	2168	436
1212	2084	0	2084	437
1213	2128	0	2128	438
1214	2036	0	2036	442
1215	2044	0	2044	448
1216	2036	0	2036	442
1217	2004	0	2004	449
1218	1996	0	1996	450
1219	2004	0	2004	457
1220	1928	0	1928	458
1221	1912	0	1912	458
1222	1888	0	1888	460
1223	1848	0	1848	462
1224	1988	0	1988	468
1225	1920	0	1920	467
1226	1836	0	1836	474
1227	1828	0	1828	476
1228	1844	0	1844	477
1229	1792	0	1792	481
1230	1796	0	1796	484
1231	1828	0	1828	483
1232	1836	0	1836	490
1233	1920	0	1920	467
1234	2068	0	2068	438
1235	2268	0	2268	409
1236	2656	0	2656	380
1237	2956	0	2956	354
1238	3436	0	3436	325
1239	3656	0	3656	295
1240	3812	0	3812	268
1241	3528	0	3528	236
1242	2896	0	2896	210
1243	2420	0	2420	183
1244	1944	0	1944	155
1245	1892	0	1892	124
1246	1792	0	1792	96
1247	1560	0	1560	87
1248	1604	0	1604	94
1249	1624	0	1624	96
1250	1580	0	1580	96
1251	1604	0	1604	99
1252	1640	0	1640	102
1253	1692	0	1692	103
1254	1664	0	1664	104
1255	1632	0	1632	107
1256	1728	0	1728	115
1257	1640	0	1640	113
1258	1696	0	1696	116
1259	1636	0	1636	120
1260	1616	0	1616	125
1261	1640	0	1640	127
1262	1684	0	1684	127
1263	1600	0	1600	131
1264	1676	0	1676	130
1265	1644	0	1644	136
1266	1688	0	1688	135
1267	1712	0	1712	141
1268	1700	0	1700	142
1269	1672	0	1672	143
1270	1748	0	1748	149
1271	1636	0	1636	150
1272	1716	0	1716	154
1273	1744	0	1744	155
1274	1752	0	1752	156
1275	1784	0	1784	161
1276	1780	0	1780	163
1277	1768	0	1768	164
1278	1776	0	1776	166
1279	1788	0	1788	169
1280	1864	0	1864	174
1281	1776	0	1776	176
1282	1736	0	1736	176
1283	1904	0	1904	181
1284	1864	0	1864	185
1285	1900	0	1900	186
1286	1872	0	1872	188
1287	2072	0	2072	191
1288	2084	0	2084	194
1289	2116	0	2116	195
1290	2004	0	2004	198
1291	2096	0	2096	203
1292	2032	0	2032	203
1293	2128	0	2128	207
1294	2280	0	2280	205
1295	2264	0	2264	210
1296	2352	0	2352	216
1297	2412	0	2412	215
1298	2412	0	2412	217
1299	2460	0	2460	218
1300	2576	0	2576	225
1301	2588	0	2588	228
1302	2732	0	2732	229
1303	2908	0	2908	232
1304	2892	0	2892	232
1305	3060	0	3060	236
1306	2920	0	2920	239
1307	2976	0	2976	243
1308	2892	0	2892	243
1309	3004	0	3004	246
1310	3016	0	3016	248
1311	3024	0	3024	250
1312	3160	0	3160	256
1313	3044	0	3044	254
1314	3136	0	3136	259
1315	3504	0	3504	261
1316	3488	0	3488	266
1317	3504	0	3504	267
1318	3564	0	3564	272
1319	3464	0	3464	274
1320	3448	0	3448	273
1321	3632	0	3632	277
1322	3640	0	3640	281
1323	3668	0	3668	278
1324	3588	0	3588	289
1325	3684	0	3684	287
1326	3720	0	3720	290
1327	3736	0	3736	293
1328	3632	0	3632	299
1329	3768	0	3768	294
1330	3660	0	3660	302
1331	3692	0	3692	303
1332	3900	0	3900	307
1333	0	0	0	0
1334	0	0	0	0
1335	0	0	0	0
1336	0	0	0	0
1337	0	0	0	0
1338	0	0	0	0
1339	0	0	0	0
1340	0	0	0	0
1341	0	0	0	0
1342	0	0	0	0
1343	0	0	0	0
1344	0	0	0	0
1345	0	0	0	0
1346	0	0	0	0
1347	0	0	0	0
1348	0	0	0	0
1349	0	0	0	0
1350	0	0	0	0
1351	0	0	0	0
1352	0	0	0	0
1353	0	0	0	0
1354	0	0	0	0
1355	0	0	0	0
1356	0	0	0	0
1357	0	0	0	0
1358	0	0	0	0
1359	0	0	0	0
1360	0	0	0	0
1361	0	0	0	0
1362	0	0	0	0
1363	0	0	0	0
1364	0	0	0	0
1365	0	0	0	0
1366	0	0	0	0
1367	0	0	0	0
1368	0	0	0	0
1369	0	0	0	0
1370	0	0	0	0
1371	0	0	0	0
1372	0	0	0	0
1373	0	0	0	0
1374	0	0	0	0
1375	0	0	0	0
1376	0	0	0	0
1377	0	0	0	0
1378	0	0	0	0
1379	0	0	0	0
1380	0	0	0	0
1381	0	0	0	0
1382	0	0	0	0
1383	0	0	0	0
1384	0	0	0	0
1385	0	0	0	0
1386	0	0	0	0
1387	0	0	0	0
1388	0	0	0	0
1389	0	0	0	0
1390	0	0	0	0
1391	0	0	0	0
1392	0	0	0	0
1393	0	0	0	0
1394	0	0	0	0
1395	0	0	0	0
1396	0	0	0	0
1397	0	0	0	0
1398	0	0	0	0
1399	0	0	0	0
1400	0	0	0	0
1401	0	0	0	0
1402	0	0	0	0
1403	0	0	0	0
1404	0	0	0	0
1405	0	0	0	0
1406	0	0	0	0
1407	0	0	0	0
1408	0	0	0	0
1409	0	0	0	0
1410	0	0	0	0
1411	0	0	0	0
1412	0	0	0	0
1413	0	0	0	0
1414	0	0	0	0
1415	0	0	0	0
1416	0	0	0	0
1417	0	0	0	0
1418	0	0	0	0
1419	0	0	0	0
1420	0	0	0	0
1421	0	0	0	0
1422	0	0	0	0
1423	0	0	0	0
1424	0	0	0	0
1425	0	0	0	0
1426	0	0	0	0
1427	0	0	0	0
1428	0	0	0	0
1429	0	0	0	0
1430	0	0	0	0
1431	0	0	0	0
1432	0	0	0	0
1433	0	0	0	0
1434	0	0	0	0
1435	0	0	0	0
1436	0	0	0	0
1437	0	0	0	0
1438	0	0	0	0
1439	0	0	0	0
1440	0	0	0	0
1441	0	0	0	0
1442	0	0	0	0
1443	0	0	0	0
1444	0	0	0	0
1445	0	0	0	0
1446	0	0	0	0
1447	0	0	0	0
1448	0	0	0	0
1449	0	0	0	0
1450	0	0	0	0
1451	0	0	0	0
1452	0	0	0	0
1453	0	0	0	0
1454	0	0	0	0
1455	0	0	0	0
1456	0	0	0	0
1457	0	0	0	0
1458	0	0	0	0
1459	0	0	0	0
1460	0	0	0	0
1461	0	0	0	0
1462	0	0	0	0
1463	0	0	0	0
1464	0	0	0	0
1465	0	0	0	0
1466	0	0	0	0
1467	0	0	0	0
1468	0	0	0	0
1469	0	0	0	0
1470	0	0	0	0
1471	0	0	0	0
1472	0	0	0	0
1473	0	0	0	0
1474	0	0	0	0
1475	0	0	0	0
1476	0	0	0	0
1477	0	0	0	0
1478	0	0	0	0
1479	0	0	0	0
1480	0	0	0	0
1481	0	0	0	0
1482	0	0	0	0
1483	0	0	0	0
1484	0	0	0	0
1485	0	0	0	0
1486	0	0	0	0
1487	0	0	0	0
1488	0	0	0	0
1489	0	0	0	0
1490	0	0	0	0
1491	0	0	0	0
1492	0	0	0	0
1493	0	0	0	0
1494	0	0	0	0
1495	0	0	0	0
1496	0	0	0	0
1497	0	0	0	0
1498	0	0	0	0
1499	0	0	0	0
1500	0	0	0	0
1501	0	0	0	0
1502	0	0	0	0
1503	0	0	0	0
1504	0	0	0	0
1505	0	0	0	0
1506	0	0	0	0
1507	0	0	0	0
1508	0	0	0	0
1509	0	0	0	0
1510	0	0	0	0
1511	0	0	0	0
1512	0	0	0	0
1513	0	0	0	0
1514	0	0	0	0
1515	0	0	0	0
1516	0	0	0	0
1517	0	0	0	0
1518	0	0	0	0
1519	0	0	0	0
1520	0	0	0	0
1521	0	0	0	0
1522	0	0	0	0
1523	0	0	0	0
1524	0	0	0	0
1525	0	0	0	0
1526	0	0	0	0
1527	0	0	0	0
1528	0	0	0	0
1529	0	0	0	0
1530	0	0	0	0
1531	0	0	0	0
1532	0	0	0	0
1533	0	0	0	0
1534	0	0	0	0
1535	0	0	0	0
1536	0	0	0	0
1537	0	0	0	0
1538	0	0	0	0
1539	0	0	0	0
1540	0	0	0	0
1541	0	0	0	0
1542	0	0	0	0
1543	0	0	0	0
1544	0	0	0	0
1545	0	0	0	0
1546	0	0	0	0
1547	0	0	0	0
1548	0	0	0	0
1549	0	0	0	0
1550	0	0	0	0
1551	0	0	0	0
1552	0	0	0	0
1553	0	0	0	0
1554	0	0	0	0
1555	0	0	0	0
1556	0	0	0	0
1557	0	0	0	0
1558	0	0	0	0
1559	0	0	0	0
1560	0	0	0	0
1561	0	0	0	0
1562	0	0	0	0
1563	0	0	0	0
1564	0	0	0	0
1565	0	0	0	0
1566	0	0	0	0
1567	0	0	0	0
1568	0	0	0	0
1569	0	0	0	0
1570	0	0	0	0
1571	0	0	0	0
1572	0	0	0	0
1573	0	0	0	0
1574	0	0	0	0
1575	0	0	0	0
1576	0	0	0	0
1577	0	0	0	0
1578	0	0	0	0
1579	0	0	0	0
1580	0	0	0	0
1581	0	0	0	0
1582	0	0	0	0
1583	0	0	0	0
1584	0	0	0	0
1585	0	0	0	0
1586	0	0	0	0
1587	0	0	0	0
1588	0	0	0	0
1589	0	0	0	0
1590	0	0	0	0
1591	0	0	0	0
1592	0	0	0	0
1593	0	0	0	0
1594	0	0	0	0
1595	0	0	0	0
1596	0	0	0	0
1597	0	0	0	0
1598	0	0	0	0
1599	0	0	0	0
1600	0	0	0	0
1601	0	0	0	0
1602	0	0	0	0
1603	0	0	0	0
1604	0	0	0	0
1605	0	0	0	0
1606	0	0	0	0
1607	0	0	0	0
1608	0	0	0	0
1609	0	0	0	0
1610	0	0	0	0
1611	0	0	0	0
1612	0	0	0	0
1613	0	0	0	0
1614	0	0	0	0
1615	0	0	0	0
1616	0	0	0	0
1617	0	0	0	0
1618	0	0	0	0
1619	0	0	0	0
1620	0	0	0	0
1621	0	0	0	0
1622	0	0	0	0
1623	0	0	0	0
1624	0	0	0	0
1625	0	0	0	0
1626	0	0	0	0
1627	0	0	0	0
1628	0	0	0	0
1629	0	0	0	0
1630	0	0	0	0
1631	0	0	0	0
1632	0	0	0	0
1633	0	0	0	0
1634	0	0	0	0
1635	0	0	0	0
1636	0	0	0	0
1637	0	0	0	0
1638	0	0	0	0
1639	0	0	0	0
1640	0	0	0	0
1641	0	0	0	0
1642	0	0	0	0
1643	0	0	0	0
1644	0	0	0	0
1645	0	0	0	0
1646	0	0	0	0
1647	0	0	0	0
1648	0	0	0	0
1649	0	0	0	0
1650	0	0	0	0
1651	0	0	0	0
1652	0	0	0	0
1653	0	0	0	0
1654	0	0	0	0
1655	0	0	0	0
1656	0	0	0	0
1657	0	0	0	0
1658	0	0	0	0
1659	0	0	0	0
1660	0	0	0	0
1661	0	0	0	0
1662	0	0	0	0
1663	0	0	0	0
1664	0	0	0	0
1665	0	0	0	0
1666	0	0	0	0
1667	0	0	0	0
1668	0	0	0	0
1669	0	0	0	0
1670	0	0	0	0
1671	0	0	0	0
1672	0	0	0	0
1673	0	0	0	0
1674	0	0	0	0
1675	0	0	0	0
1676	0	0	0	0
1677	0	0	0	0
1678	0	0	0	0
1679	0	0	0	0
1680	0	0	0	0
1681	0	0	0	0
1682	0	0	0	0
1683	0	0	0	0
1684	0	0	0	0
1685	0	0	0	0
1686	0	0	0	0
1687	0	0	0	0
1688	0	0	0	0
1689	0	0	0	0
1690	0	0	0	0
1691	0	0	0	0
1692	0	0	0	0
1693	0	0	0	0
1694	0	0	0	0
1695	0	0	0	0
1696	0	0	0	0
1697	0	0	0	0
1698	0	0	0	0
1699	0	0	0	0
1700	0	0	0	0
1701	0	0	0	0
1702	0	0	0	0
1703	0	0	0	0
1704	0	0	0	0
1705	0	0	0	0
1706	0	0	0	0
1707	0	0	0	0
1708	0	0	0	0
1709	0	0	0	0
1710	0	0	0	0
1711	0	0	0	0
1712	0	0	0	0
1713	0	0	0	0
1714	0	0	0	0
1715	0	0	0	0
1716	0	0	0	0
1717	0	0	0	0
1718	0	0	0	0
1719	0	0	0	0
1720	0	0	0	0
1721	0	0	0	0
1722	0	0	0	0
1723	0	0	0	0
1724	0	0	0	0
1725	0	0	0	0
1726	0	0	0	0
1727	0	0	0	0
1728	0	0	0	0
1729	0	0	0	0
1730	0	0	0	0
1731	0	0	0	0
1732	0	0	0	0
1733	0	0	0	0
1734	0	0	0	0
1735	0	0	0	0
1736	0	0	0	0
1737	0	0	0	0
1738	0	0	0	0
1739	0	0	0	0
1740	0	0	0	0
1741	0	0	0	0
1742	0	0	0	0
1743	0	0	0	0
1744	0	0	0	0
1745	0	0	0	0
1746	0	0	0	0
1747	0	0	0	0
1748	0	0	0	0
1749	0	0	0	0
1750	0	0	0	0
1751	0	0	0	0
1752	0	0	0	0
1753	0	0	0	0
1754	0	0	0	0
1755	0	0	0	0
1756	0	0	0	0
1757	0	0	0	0
1758	0	0	0	0
1759	0	0	0	0
1760	0	0	0	0
1761	0	0	0	0
1762	0	0	0	0
1763	0	0	0	0
1764	0	0	0	0
1765	0	0	0	0
1766	0	0	0	0
1767	0	0	0	0
1768	0	0	0	0
1769	0	0	0	0
1770	0	0	0	0
1771	0	0	0	0
1772	0	0	0	0
1773	0	0	0	0
1774	0	0	0	0
1775	0	0	0	0
1776	0	0	0	0
1777	0	0	0	0
1778	0	0	0	0
1779	0	0	0	0
1780	0	0	0	0
1781	0	0	0	0
1782	0	0	0	0
1783	0	0	0	0
1784	0	0	0	0
1785	0	0	0	0
1786	0	0	0	0
1787	0	0	0	0
1788	0	0	0	0
1789	0	0	0	0
1790	0	0	0	0
1791	0	0	0	0
1792	0	0	0	0
1793	0	0	0	0
1794	0	0	0	0
1795	0	0	0	0
1796	0	0	0	0
1797	0	0	0	0
1798	0	0	0	0
1799	0	0	0	0
1800	0	0	0	0
1801	0	0	0	0
1802	0	0	0	0
1803	0	0	0	0
1804	0	0	0	0
1805	0	0	0	0
1806	0	0	0	0
1807	0	0	0	0
1808	0	0	0	0
1809	0	0	0	0
1810	0	0	0	0
1811	0	0	0	0
1812	0	0	0	0
1813	0	0	0	0
1814	0	0	0	0
1815	0	0	0	0
1816	0	0	0	0
1817	0	0	0	0
1818	0	0	0	0
1819	0	0	0	0
1820	0	0	0	0
1821	0	0	0	0
1822	0	0	0	0
1823	0	0	0	0
1824	0	0	0	0
1825	0	0	0	0
1826	0	0	0	0
1827	0	0	0	0
1828	0	0	0	0
1829	0	0	0	0
1830	0	0	0	0
1831	0	0	0	0
1832	0	0	0	0
1833	0	0	0	0
1834	0	0	0	0
1835	0	0	0	0
1836	0	0	0	0
1837	0	0	0	0
1838	0	0	0	0
1839	0	0	0	0
1840	0	0	0	0
1841	0	0	0	0
1842	0	0	0	0
1843	0	0	0	0
1844	0	0	0	0
1845	0	0	0	0
1846	0	0	0	0
1847	0	0	0	0
1848	0	0	0	0
1849	0	0	0	0
1850	0	0	0	0
1851	0	0	0	0
1852	0	0	0	0
1853	0	0	0	0
1854	0	0	0	0
1855	0	0	0	0
1856	0	0	0	0
1857	0	0	0	0
1858	0	0	0	0
1859	0	0	0	0
1860	0	0	0	0
1861	0	0	0	0
1862	0	0	0	0
1863	0	0	0	0
1864	0	0	0	0
1865	0	0	0	0
1866	0	0	0	0
1867	0	0	0	0
1868	0	0	0	0
1869	0	0	0	0
1870	0	0	0	0
1871	0	0	0	0
1872	0	0	0	0
1873	0	0	0	0
1874	0	0	0	0
1875	0	0	0	0
1876	0	0	0	0
1877	0	0	0	0
1878	0	0	0	0
1879	0	0	0	0
1880	0	0	0	0
1881	0	0	0	0
1882	0	0	0	0
1883	0	0	0	0
1884	0	0	0	0
1885	0	0	0	0
1886	0	0	0	0
1887	0	0	0	0
1888	0	0	0	0
1889	0	0	0	0
1890	0	0	0	0
1891	0	0	0	0
1892	0	0	0	0
1893	0	0	0	0
1894	0	0	0	0
1895	0	0	0	0
1896	0	0	0	0
1897	0	0	0	0
1898	0	0	0	0
1899	0	0	0	0
1900	0	0	0	0
1901	0	0	0	0
1902	0	0	0	0
1903	0	0	0	0
1904	0	0	0	0
1905	0	0	0	0
1906	0	0	0	0
1907	0	0	0	0
1908	0	0	0	0
1909	0	0	0	0
1910	0	0	0	0
1911	0	0	0	0
1912	0	0	0	0
1913	0	0	0	0
1914	0	0	0	0
1915	0	0	0	0
1916	0	0	0	0
1917	0	0	0	0
1918	0	0	0	0
1919	0	0	0	0
1920	0	0	0	0
1921	0	0	0	0
1922	0	0	0	0
1923	0	0	0	0
1924	0	0	0	0
1925	0	0	0	0
1926	0	0	0	0
1927	0	0	0	0
1928	0	0	0	0
1929	0	0	0	0
1930	0	0	0	0
1931	0	0	0	0
1932	0	0	0	0
1933	0	0	0	0
1934	0	0	0	0
1935	0	0	0	0
1936	0	0	0	0
1937	0	0	0	0
1938	0	0	0	0
1939	0	0	0	0
1940	0	0	0	0
1941	0	0	0	0
1942	0	0	0	0
1943	0	0	0	0
1944	0	0	0	0
1945	0	0	0	0
1946	0	0	0	0
1947	0	0	0	0
1948	0	0	0	0
1949	0	0	0	0
1950	0	0	0	0
1951	0	0	0	0
1952	0	0	0	0
1953	0	0	0	0
1954	0	0	0	0
1955	0	0	0	0
1956	0	0	0	0
1957	0	0	0	0
1958	0	0	0	0
1959	0	0	0	0
1960	0	0	0	0
1961	0	0	0	0
1962	0	0	0	0
1963	0	0	0	0
1964	0	0	0	0
1965	0	0	0	0
1966	0	0	0	0
1967	0	0	0	0
1968	0	0	0	0
1969	0	0	0	0
1970	0	0	0	0
1971	0	0	0	0
1972	0	0	0	0
1973	0	0	0	0
1974	0	0	0	0
1975	0	0	0	0
1976	0	0	0	0
1977	0	0	0	0
1978	0	0	0	0
1979	0	0	0	0
1980	0	0	0	0
1981	0	0	0	0
1982	0	0	0	0
1983	0	0	0	0
1984	0	0	0	0
1985	0	0	0	0
1986	0	0	0	0
1987	0	0	0	0
1988	0	0	0	0
1989	0	0	0	0
1990	0	0	0	0
1991	0	0	0	0
1992	0	0	0	0
1993	0	0	0	0
1994	0	0	0	0
1995	0	0	0	0
1996	0	0	0	0
1997	0	0	0	0
1998	0	0	0	0
1999	0	0	0	0
2000	0	0	0	0
