1	4004	0	4004	292
2	4016	0	4016	291
3	4196	0	4196	293
4	4156	0	4156	293
5	3992	0	3992	293
6	4168	0	4168	292
7	4224	0	4224	292
8	4168	0	4168	294
9	4144	0	4144	293
10	4164	0	4164	293
11	4112	0	4112	293
12	4104	0	4104	293
13	4240	0	4240	292
14	4244	0	4244	292
15	4252	0	4252	294
16	4244	0	4244	291
17	4180	0	4180	295
18	4252	0	4252	292
19	4180	0	4180	293
20	4140	0	4140	294
21	4276	0	4276	294
22	4228	0	4228	293
23	4280	0	4280	296
24	4212	0	4212	295
25	4176	0	4176	293
26	4172	0	4172	293
27	4188	0	4188	292
28	4336	0	4336	293
29	4216	0	4216	293
30	4048	0	4048	295
31	4312	0	4312	292
32	4100	0	4100	294
33	4248	0	4248	297
34	4232	0	4232	291
35	4252	0	4252	296
36	4272	0	4272	293
37	4284	0	4284	292
38	4204	0	4204	294
39	4188	0	4188	294
40	4312	0	4312	293
41	4236	0	4236	295
42	4212	0	4212	292
43	4288	0	4288	294
44	4148	0	4148	293
45	4300	0	4300	293
46	4268	0	4268	293
47	4240	0	4240	294
48	4184	0	4184	293
49	4208	0	4208	295
50	4308	0	4308	292
51	4180	0	4180	289
52	4236	0	4236	292
53	4224	0	4224	295
54	4164	0	4164	292
55	4108	0	4108	292
56	4400	0	4400	296
57	4180	0	4180	292
58	4436	0	4436	293
59	4264	0	4264	291
60	4172	0	4172	292
61	4332	0	4332	294
62	4152	0	4152	295
63	4228	0	4228	292
64	4224	0	4224	294
65	4200	0	4200	291
66	4256	0	4256	293
67	4236	0	4236	294
68	4064	0	4064	291
69	4232	0	4232	292
70	4432	0	4432	292
71	4196	0	4196	293
72	4152	0	4152	294
73	4324	0	4324	293
74	4192	0	4192	293
75	4364	0	4364	294
76	4056	0	4056	294
77	4232	0	4232	293
78	4340	0	4340	295
79	4304	0	4304	292
80	4312	0	4312	292
81	4192	0	4192	294
82	4100	0	4100	292
83	4224	0	4224	295
84	4108	0	4108	294
85	4176	0	4176	293
86	4260	0	4260	293
87	4160	0	4160	293
88	4260	0	4260	292
89	4072	0	4072	295
90	4184	0	4184	295
91	4168	0	4168	292
92	4260	0	4260	289
93	4136	0	4136	292
94	4196	0	4196	295
95	4196	0	4196	293
96	4224	0	4224	294
97	4004	0	4004	294
98	4148	0	4148	292
99	4188	0	4188	294
100	4160	0	4160	294
101	4012	0	4012	294
102	4116	0	4116	296
103	4036	0	4036	292
104	4116	0	4116	292
105	4072	0	4072	291
106	4052	0	4052	293
107	4088	0	4088	293
108	4092	0	4092	295
109	4108	0	4108	295
110	4036	0	4036	294
111	3988	0	3988	293
112	4024	0	4024	295
113	4176	0	4176	295
114	4140	0	4140	293
115	4036	0	4036	294
116	4124	0	4124	294
117	4064	0	4064	292
118	4052	0	4052	294
119	3944	0	3944	294
120	4068	0	4068	294
121	3900	0	3900	293
122	3932	0	3932	293
123	3992	0	3992	293
124	3968	0	3968	294
125	3908	0	3908	292
126	3960	0	3960	290
127	3728	0	3728	296
128	4044	0	4044	292
129	3976	0	3976	294
130	3872	0	3872	294
131	3768	0	3768	296
132	3912	0	3912	293
133	4024	0	4024	292
134	3788	0	3788	292
135	3964	0	3964	291
136	3880	0	3880	294
137	4008	0	4008	293
138	3856	0	3856	294
139	3572	0	3572	294
140	3876	0	3876	289
141	3848	0	3848	292
142	3848	0	3848	293
143	3720	0	3720	295
144	3864	0	3864	293
145	3648	0	3648	295
146	3768	0	3768	296
147	3660	0	3660	296
148	3632	0	3632	293
149	3728	0	3728	292
150	3648	0	3648	293
151	3772	0	3772	294
152	3652	0	3652	292
153	3652	0	3652	294
154	3652	0	3652	296
155	3800	0	3800	293
156	3796	0	3796	292
157	3624	0	3624	291
158	3708	0	3708	294
159	3640	0	3640	293
160	3720	0	3720	294
161	3548	0	3548	293
162	3684	0	3684	294
163	3584	0	3584	296
164	3584	0	3584	292
165	3564	0	3564	291
166	3496	0	3496	293
167	3656	0	3656	295
168	3644	0	3644	293
169	3716	0	3716	294
170	3624	0	3624	292
171	3668	0	3668	293
172	3504	0	3504	292
173	3652	0	3652	294
174	4020	0	4020	293
175	3644	0	3644	293
176	3640	0	3640	290
177	3628	0	3628	293
178	3648	0	3648	292
179	3600	0	3600	292
180	3460	0	3460	294
181	3528	0	3528	293
182	3576	0	3576	291
183	3488	0	3488	293
184	3536	0	3536	296
185	3504	0	3504	293
186	3580	0	3580	295
187	3436	0	3436	293
188	3536	0	3536	293
189	3600	0	3600	292
190	3588	0	3588	293
191	3648	0	3648	295
192	3552	0	3552	295
193	3520	0	3520	294
194	3400	0	3400	292
195	3572	0	3572	293
196	3448	0	3448	295
197	3536	0	3536	293
198	3636	0	3636	292
199	3472	0	3472	293
200	3568	0	3568	294
201	3568	0	3568	294
202	3504	0	3504	290
203	3596	0	3596	293
204	3400	0	3400	292
205	3452	0	3452	296
206	3416	0	3416	293
207	3412	0	3412	292
208	3512	0	3512	291
209	3484	0	3484	294
210	3700	0	3700	295
211	3360	0	3360	296
212	3468	0	3468	295
213	3476	0	3476	294
214	3424	0	3424	293
215	3412	0	3412	294
216	3388	0	3388	295
217	3460	0	3460	296
218	3420	0	3420	295
219	3480	0	3480	294
220	3392	0	3392	295
221	3396	0	3396	292
222	3428	0	3428	292
223	3412	0	3412	292
224	3336	0	3336	295
225	3420	0	3420	296
226	3348	0	3348	293
227	3368	0	3368	293
228	3384	0	3384	292
229	3420	0	3420	293
230	3348	0	3348	294
231	3308	0	3308	294
232	3256	0	3256	295
233	3336	0	3336	296
234	3268	0	3268	294
235	3300	0	3300	297
236	3404	0	3404	293
237	3388	0	3388	292
238	3244	0	3244	295
239	3260	0	3260	293
240	3460	0	3460	293
241	3380	0	3380	292
242	3324	0	3324	294
243	3320	0	3320	296
244	3328	0	3328	293
245	3172	0	3172	294
246	3300	0	3300	293
247	3264	0	3264	296
248	3288	0	3288	294
249	3412	0	3412	295
250	3356	0	3356	293
251	3232	0	3232	294
252	3304	0	3304	292
253	3252	0	3252	292
254	3324	0	3324	290
255	3224	0	3224	293
256	3324	0	3324	296
257	3212	0	3212	297
258	3296	0	3296	294
259	3292	0	3292	292
260	3212	0	3212	294
261	3340	0	3340	292
262	3196	0	3196	293
263	3276	0	3276	292
264	3256	0	3256	292
265	3264	0	3264	293
266	3300	0	3300	293
267	3188	0	3188	293
268	3184	0	3184	292
269	3092	0	3092	293
270	3256	0	3256	292
271	3300	0	3300	292
272	3280	0	3280	296
273	3208	0	3208	293
274	3268	0	3268	294
275	3172	0	3172	294
276	3128	0	3128	293
277	3196	0	3196	292
278	3156	0	3156	294
279	3280	0	3280	295
280	3308	0	3308	293
281	3228	0	3228	293
282	3240	0	3240	295
283	3164	0	3164	294
284	3188	0	3188	292
285	3196	0	3196	295
286	3156	0	3156	294
287	3088	0	3088	292
288	3128	0	3128	294
289	3220	0	3220	294
290	3200	0	3200	295
291	3084	0	3084	294
292	3204	0	3204	293
293	3204	0	3204	292
294	3188	0	3188	294
295	3176	0	3176	294
296	3244	0	3244	297
297	3140	0	3140	293
298	3192	0	3192	294
299	3148	0	3148	293
300	3080	0	3080	295
301	3144	0	3144	294
302	3108	0	3108	293
303	3176	0	3176	292
304	3300	0	3300	295
305	3256	0	3256	293
306	3216	0	3216	295
307	3164	0	3164	294
308	3096	0	3096	295
309	3256	0	3256	294
310	3216	0	3216	292
311	3212	0	3212	292
312	3220	0	3220	293
313	3072	0	3072	293
314	3192	0	3192	294
315	3088	0	3088	294
316	3272	0	3272	295
317	3164	0	3164	294
318	3232	0	3232	292
319	3268	0	3268	290
320	3164	0	3164	292
321	3188	0	3188	290
322	3064	0	3064	293
323	3064	0	3064	294
324	3168	0	3168	294
325	3128	0	3128	296
326	3112	0	3112	296
327	3032	0	3032	293
328	2996	0	2996	292
329	3080	0	3080	292
330	3120	0	3120	292
331	3092	0	3092	293
332	3104	0	3104	293
333	3152	0	3152	295
334	3120	0	3120	295
335	3168	0	3168	295
336	3160	0	3160	292
337	3068	0	3068	295
338	2968	0	2968	293
339	3112	0	3112	291
340	3108	0	3108	292
341	3084	0	3084	295
342	3140	0	3140	295
343	3148	0	3148	296
344	3064	0	3064	294
345	3016	0	3016	292
346	3076	0	3076	293
347	3100	0	3100	293
348	2988	0	2988	295
349	2996	0	2996	293
350	2896	0	2896	293
351	3064	0	3064	292
352	3116	0	3116	294
353	3024	0	3024	293
354	3128	0	3128	292
355	3036	0	3036	295
356	3116	0	3116	293
357	2968	0	2968	295
358	3080	0	3080	294
359	2964	0	2964	293
360	3036	0	3036	293
361	3044	0	3044	294
362	3040	0	3040	295
363	3124	0	3124	294
364	2988	0	2988	293
365	3040	0	3040	293
366	3028	0	3028	294
367	2864	0	2864	292
368	3028	0	3028	292
369	3076	0	3076	295
370	2968	0	2968	293
371	3104	0	3104	295
372	3080	0	3080	294
373	3124	0	3124	294
374	3060	0	3060	295
375	3012	0	3012	295
376	2944	0	2944	292
377	3000	0	3000	292
378	3004	0	3004	295
379	2948	0	2948	296
380	3064	0	3064	292
381	2924	0	2924	294
382	3028	0	3028	294
383	3136	0	3136	295
384	3008	0	3008	293
385	3072	0	3072	294
386	3056	0	3056	292
387	3000	0	3000	295
388	3004	0	3004	294
389	2948	0	2948	293
390	3096	0	3096	293
391	2956	0	2956	293
392	3084	0	3084	294
393	2944	0	2944	295
394	2872	0	2872	293
395	2992	0	2992	297
396	2992	0	2992	293
397	3008	0	3008	292
398	2968	0	2968	292
399	2856	0	2856	293
400	2896	0	2896	290
401	3004	0	3004	289
402	2932	0	2932	293
403	3036	0	3036	294
404	2852	0	2852	292
405	2972	0	2972	292
406	3000	0	3000	292
407	2960	0	2960	292
408	3060	0	3060	294
409	2964	0	2964	296
410	3012	0	3012	293
411	3064	0	3064	292
412	2996	0	2996	294
413	2932	0	2932	293
414	2964	0	2964	292
415	2928	0	2928	294
416	2984	0	2984	293
417	2968	0	2968	293
418	3092	0	3092	292
419	3000	0	3000	295
420	3020	0	3020	293
421	3084	0	3084	293
422	2964	0	2964	292
423	2912	0	2912	293
424	2904	0	2904	293
425	3084	0	3084	297
426	3116	0	3116	295
427	2956	0	2956	293
428	2948	0	2948	293
429	2968	0	2968	296
430	2960	0	2960	295
431	2984	0	2984	292
432	3140	0	3140	293
433	3024	0	3024	294
434	2988	0	2988	295
435	3020	0	3020	292
436	3040	0	3040	292
437	2924	0	2924	295
438	2932	0	2932	295
439	2820	0	2820	293
440	2944	0	2944	290
441	2920	0	2920	290
442	3036	0	3036	292
443	3044	0	3044	292
444	3028	0	3028	294
445	2904	0	2904	293
446	3052	0	3052	292
447	2968	0	2968	295
448	2992	0	2992	296
449	2940	0	2940	292
450	2952	0	2952	293
451	3024	0	3024	292
452	3032	0	3032	290
453	2988	0	2988	293
454	2952	0	2952	292
455	2924	0	2924	293
456	3136	0	3136	292
457	3044	0	3044	294
458	2952	0	2952	294
459	2964	0	2964	291
460	2928	0	2928	291
461	2960	0	2960	293
462	3012	0	3012	293
463	2928	0	2928	294
464	2916	0	2916	292
465	3044	0	3044	294
466	2716	0	2716	292
467	3036	0	3036	293
468	2972	0	2972	295
469	2976	0	2976	292
470	2932	0	2932	295
471	2936	0	2936	295
472	2836	0	2836	292
473	2912	0	2912	293
474	2952	0	2952	294
475	2996	0	2996	294
476	2976	0	2976	294
477	2924	0	2924	296
478	3056	0	3056	294
479	2908	0	2908	292
480	2884	0	2884	293
481	3004	0	3004	295
482	3060	0	3060	292
483	2900	0	2900	295
484	3016	0	3016	294
485	2988	0	2988	295
486	2856	0	2856	293
487	2860	0	2860	294
488	2916	0	2916	295
489	2916	0	2916	293
490	2920	0	2920	293
491	2852	0	2852	293
492	2796	0	2796	294
493	2972	0	2972	293
494	3060	0	3060	293
495	2876	0	2876	291
496	2884	0	2884	292
497	2840	0	2840	295
498	2848	0	2848	292
499	2868	0	2868	294
500	2848	0	2848	292
501	2924	0	2924	292
502	2900	0	2900	295
503	2944	0	2944	292
504	2924	0	2924	295
505	2892	0	2892	294
506	2884	0	2884	295
507	2900	0	2900	293
508	2908	0	2908	292
509	2892	0	2892	293
510	2868	0	2868	294
511	2784	0	2784	293
512	2880	0	2880	292
513	2936	0	2936	295
514	2984	0	2984	292
515	2988	0	2988	292
516	2964	0	2964	292
517	2888	0	2888	291
518	2896	0	2896	292
519	2812	0	2812	294
520	2852	0	2852	292
521	2796	0	2796	292
522	2784	0	2784	290
523	2884	0	2884	292
524	2920	0	2920	294
525	3000	0	3000	293
526	2964	0	2964	293
527	2848	0	2848	294
528	2908	0	2908	294
529	2736	0	2736	292
530	2900	0	2900	292
531	2816	0	2816	294
532	2916	0	2916	292
533	2972	0	2972	293
534	2868	0	2868	293
535	2908	0	2908	292
536	2900	0	2900	293
537	2960	0	2960	294
538	2912	0	2912	292
539	2880	0	2880	294
540	2920	0	2920	294
541	2904	0	2904	293
542	2884	0	2884	293
543	2992	0	2992	291
544	3000	0	3000	294
545	2884	0	2884	294
546	2920	0	2920	292
547	2908	0	2908	292
548	2848	0	2848	292
549	2888	0	2888	293
550	2988	0	2988	292
551	2924	0	2924	294
552	2876	0	2876	294
553	2944	0	2944	294
554	2904	0	2904	294
555	2920	0	2920	292
556	2868	0	2868	295
557	2864	0	2864	295
558	2960	0	2960	294
559	2884	0	2884	291
560	2792	0	2792	294
561	2908	0	2908	290
562	2876	0	2876	293
563	2852	0	2852	294
564	2988	0	2988	293
565	2864	0	2864	294
566	2864	0	2864	292
567	2920	0	2920	293
568	2816	0	2816	293
569	2884	0	2884	294
570	2984	0	2984	294
571	2812	0	2812	297
572	2816	0	2816	295
573	2948	0	2948	292
574	2964	0	2964	294
575	2860	0	2860	291
576	2972	0	2972	291
577	2948	0	2948	294
578	2960	0	2960	295
579	2856	0	2856	293
580	2932	0	2932	294
581	2908	0	2908	292
582	2928	0	2928	293
583	2856	0	2856	292
584	2900	0	2900	295
585	2908	0	2908	294
586	2860	0	2860	293
587	2868	0	2868	294
588	2832	0	2832	292
589	2880	0	2880	294
590	2924	0	2924	293
591	2772	0	2772	293
592	2900	0	2900	297
593	3056	0	3056	292
594	2856	0	2856	294
595	2840	0	2840	292
596	2844	0	2844	293
597	3000	0	3000	294
598	2924	0	2924	292
599	2868	0	2868	292
600	2908	0	2908	293
601	2916	0	2916	291
602	3028	0	3028	296
603	2812	0	2812	293
604	2840	0	2840	294
605	2924	0	2924	293
606	2860	0	2860	290
607	2876	0	2876	294
608	2908	0	2908	294
609	2792	0	2792	294
610	2808	0	2808	293
611	2892	0	2892	293
612	3000	0	3000	292
613	2908	0	2908	294
614	2884	0	2884	295
615	2904	0	2904	295
616	2964	0	2964	292
617	2876	0	2876	292
618	2848	0	2848	293
619	2844	0	2844	292
620	2940	0	2940	295
621	2820	0	2820	296
622	2880	0	2880	293
623	2868	0	2868	294
624	2888	0	2888	291
625	2872	0	2872	295
626	2852	0	2852	297
627	2852	0	2852	294
628	2792	0	2792	292
629	2928	0	2928	293
630	2848	0	2848	293
631	2832	0	2832	293
632	2772	0	2772	294
633	2920	0	2920	293
634	2896	0	2896	294
635	2932	0	2932	293
636	2988	0	2988	292
637	2856	0	2856	292
638	2808	0	2808	292
639	2992	0	2992	293
640	2900	0	2900	294
641	2928	0	2928	295
642	2896	0	2896	293
643	2716	0	2716	294
644	2924	0	2924	294
645	2768	0	2768	293
646	2916	0	2916	294
647	2876	0	2876	293
648	2784	0	2784	294
649	2872	0	2872	295
650	2972	0	2972	293
651	2872	0	2872	296
652	2760	0	2760	291
653	2844	0	2844	293
654	2792	0	2792	295
655	2880	0	2880	293
656	2952	0	2952	294
657	2876	0	2876	292
658	2792	0	2792	292
659	2820	0	2820	293
660	2780	0	2780	294
661	2840	0	2840	292
662	2884	0	2884	293
663	2844	0	2844	295
664	2900	0	2900	292
665	2932	0	2932	292
666	2888	0	2888	295
667	2920	0	2920	292
668	2920	0	2920	293
669	2912	0	2912	293
670	2936	0	2936	294
671	2796	0	2796	291
672	2912	0	2912	291
673	2852	0	2852	293
674	2824	0	2824	292
675	2908	0	2908	293
676	2764	0	2764	293
677	2848	0	2848	293
678	2788	0	2788	293
679	2700	0	2700	291
680	2764	0	2764	292
681	2828	0	2828	293
682	2832	0	2832	294
683	2748	0	2748	291
684	2800	0	2800	294
685	2796	0	2796	292
686	2852	0	2852	295
687	2748	0	2748	291
688	2712	0	2712	293
689	2796	0	2796	294
690	2788	0	2788	289
691	2852	0	2852	293
692	2772	0	2772	292
693	2772	0	2772	292
694	2804	0	2804	292
695	2840	0	2840	292
696	2804	0	2804	292
697	2724	0	2724	293
698	2840	0	2840	293
699	2792	0	2792	293
700	2800	0	2800	291
701	2808	0	2808	294
702	2700	0	2700	294
703	2908	0	2908	294
704	2764	0	2764	291
705	2784	0	2784	294
706	2952	0	2952	293
707	2864	0	2864	293
708	2660	0	2660	292
709	2856	0	2856	294
710	2832	0	2832	295
711	2856	0	2856	293
712	2720	0	2720	293
713	2824	0	2824	296
714	2824	0	2824	293
715	2832	0	2832	293
716	2836	0	2836	293
717	2776	0	2776	292
718	2856	0	2856	292
719	2848	0	2848	296
720	2864	0	2864	296
721	2780	0	2780	289
722	2768	0	2768	294
723	2844	0	2844	292
724	2736	0	2736	292
725	2792	0	2792	296
726	2876	0	2876	294
727	2808	0	2808	292
728	2856	0	2856	292
729	2760	0	2760	292
730	2836	0	2836	291
731	2764	0	2764	292
732	2860	0	2860	293
733	2820	0	2820	295
734	2824	0	2824	294
735	2788	0	2788	294
736	2724	0	2724	290
737	2844	0	2844	293
738	2788	0	2788	293
739	2820	0	2820	295
740	2780	0	2780	293
741	2764	0	2764	293
742	2820	0	2820	296
743	2728	0	2728	293
744	2712	0	2712	290
745	2692	0	2692	292
746	2792	0	2792	294
747	2740	0	2740	293
748	2732	0	2732	294
749	2680	0	2680	294
750	2836	0	2836	294
751	2600	0	2600	294
752	2816	0	2816	292
753	2612	0	2612	294
754	2824	0	2824	292
755	2732	0	2732	292
756	2676	0	2676	293
757	2736	0	2736	293
758	2768	0	2768	292
759	2756	0	2756	293
760	2756	0	2756	292
761	2840	0	2840	295
762	2708	0	2708	275
763	2580	0	2580	247
764	2248	0	2248	218
765	1840	0	1840	189
766	1708	0	1708	157
767	1652	0	1652	131
768	1608	0	1608	104
769	1624	0	1624	88
770	1520	0	1520	89
771	1592	0	1592	88
772	1556	0	1556	88
773	1584	0	1584	89
774	1652	0	1652	89
775	1584	0	1584	88
776	1568	0	1568	89
777	1524	0	1524	87
778	1572	0	1572	88
779	1520	0	1520	87
780	1464	0	1464	88
781	1508	0	1508	89
782	1544	0	1544	89
783	1504	0	1504	87
784	1564	0	1564	87
785	1548	0	1548	89
786	1516	0	1516	90
787	1604	0	1604	86
788	1552	0	1552	88
789	1452	0	1452	92
790	1524	0	1524	91
791	1524	0	1524	88
792	1516	0	1516	89
793	1572	0	1572	89
794	1584	0	1584	88
795	1544	0	1544	89
796	1560	0	1560	90
797	1480	0	1480	88
798	1440	0	1440	87
799	1452	0	1452	87
800	1460	0	1460	88
801	1520	0	1520	89
802	1460	0	1460	87
803	1604	0	1604	88
804	1404	0	1404	87
805	1484	0	1484	87
806	1532	0	1532	87
807	1484	0	1484	89
808	1484	0	1484	88
809	1508	0	1508	89
810	1472	0	1472	89
811	1528	0	1528	86
812	1432	0	1432	90
813	1528	0	1528	90
814	1544	0	1544	88
815	1520	0	1520	92
816	1492	0	1492	91
817	1548	0	1548	93
818	1548	0	1548	110
819	1512	0	1512	140
820	1528	0	1528	144
821	1544	0	1544	144
822	1460	0	1460	143
823	1612	0	1612	141
824	1516	0	1516	167
825	1656	0	1656	193
826	1684	0	1684	194
827	1772	0	1772	193
828	1776	0	1776	189
829	1728	0	1728	194
830	1884	0	1884	222
831	2112	0	2112	244
832	2168	0	2168	244
833	2116	0	2116	240
834	2064	0	2064	242
835	2144	0	2144	241
836	2244	0	2244	243
837	2268	0	2268	243
838	2208	0	2208	240
839	2160	0	2160	253
840	2460	0	2460	284
841	2536	0	2536	293
842	2604	0	2604	295
843	2744	0	2744	294
844	2740	0	2740	292
845	2660	0	2660	293
846	2712	0	2712	290
847	2760	0	2760	293
848	2652	0	2652	294
849	2676	0	2676	292
850	2696	0	2696	294
851	2820	0	2820	293
852	2676	0	2676	295
853	2708	0	2708	292
854	2660	0	2660	294
855	2768	0	2768	297
856	2684	0	2684	295
857	2640	0	2640	294
858	2620	0	2620	293
859	2676	0	2676	295
860	2776	0	2776	290
861	2768	0	2768	295
862	2660	0	2660	293
863	2720	0	2720	292
864	2700	0	2700	297
865	2864	0	2864	294
866	2648	0	2648	294
867	2776	0	2776	293
868	2668	0	2668	292
869	2764	0	2764	294
870	2796	0	2796	293
871	2700	0	2700	292
872	2728	0	2728	294
873	2732	0	2732	294
874	2712	0	2712	292
875	2756	0	2756	295
876	2708	0	2708	294
877	2720	0	2720	292
878	2788	0	2788	293
879	2692	0	2692	295
880	2744	0	2744	294
881	2764	0	2764	294
882	2692	0	2692	293
883	2724	0	2724	296
884	2720	0	2720	292
885	2808	0	2808	293
886	2652	0	2652	292
887	2604	0	2604	292
888	2588	0	2588	294
889	2684	0	2684	294
890	2700	0	2700	294
891	2864	0	2864	292
892	2768	0	2768	294
893	2716	0	2716	292
894	2740	0	2740	293
895	2764	0	2764	294
896	2740	0	2740	292
897	2716	0	2716	293
898	2748	0	2748	294
899	2692	0	2692	293
900	2596	0	2596	291
901	2728	0	2728	293
902	2720	0	2720	293
903	2728	0	2728	293
904	2636	0	2636	292
905	2728	0	2728	292
906	2680	0	2680	293
907	2596	0	2596	294
908	2632	0	2632	295
909	2816	0	2816	292
910	2756	0	2756	292
911	2664	0	2664	293
912	2728	0	2728	294
913	2720	0	2720	296
914	2568	0	2568	293
915	2744	0	2744	296
916	2820	0	2820	293
917	2780	0	2780	294
918	2792	0	2792	295
919	2696	0	2696	293
920	2708	0	2708	295
921	2740	0	2740	294
922	2720	0	2720	294
923	2684	0	2684	294
924	2668	0	2668	292
925	2796	0	2796	294
926	2764	0	2764	295
927	2724	0	2724	291
928	2756	0	2756	293
929	2720	0	2720	296
930	2756	0	2756	294
931	2776	0	2776	295
932	2712	0	2712	293
933	2748	0	2748	294
934	2776	0	2776	293
935	2780	0	2780	293
936	2744	0	2744	294
937	2804	0	2804	290
938	2668	0	2668	294
939	2776	0	2776	294
940	2760	0	2760	295
941	2708	0	2708	290
942	2712	0	2712	291
943	2660	0	2660	292
944	2736	0	2736	295
945	2776	0	2776	294
946	2800	0	2800	292
947	2784	0	2784	293
948	2692	0	2692	293
949	2740	0	2740	293
950	2652	0	2652	294
951	2800	0	2800	294
952	2776	0	2776	293
953	2672	0	2672	292
954	2700	0	2700	293
955	2660	0	2660	292
956	2684	0	2684	292
957	2808	0	2808	292
958	2728	0	2728	293
959	2612	0	2612	293
960	2684	0	2684	292
961	2740	0	2740	294
962	2768	0	2768	295
963	2808	0	2808	293
964	2660	0	2660	292
965	2748	0	2748	291
966	2824	0	2824	295
967	2840	0	2840	294
968	2644	0	2644	294
969	2724	0	2724	294
970	2684	0	2684	294
971	2788	0	2788	294
972	2764	0	2764	295
973	2680	0	2680	292
974	2728	0	2728	294
975	2656	0	2656	293
976	2648	0	2648	295
977	2788	0	2788	296
978	2672	0	2672	294
979	2604	0	2604	291
980	2708	0	2708	293
981	2664	0	2664	295
982	2724	0	2724	293
983	2628	0	2628	294
984	2772	0	2772	292
985	2700	0	2700	295
986	2684	0	2684	292
987	2768	0	2768	294
988	2744	0	2744	292
989	2808	0	2808	292
990	2752	0	2752	292
991	2848	0	2848	294
992	2720	0	2720	292
993	2672	0	2672	293
994	2716	0	2716	292
995	2768	0	2768	294
996	2808	0	2808	294
997	2716	0	2716	295
998	2800	0	2800	295
999	2836	0	2836	292
1000	2784	0	2784	295
1001	2748	0	2748	296
1002	2712	0	2712	291
1003	2724	0	2724	295
1004	2724	0	2724	293
1005	2780	0	2780	295
1006	2688	0	2688	294
1007	2612	0	2612	293
1008	2712	0	2712	294
1009	2788	0	2788	295
1010	2864	0	2864	291
1011	2792	0	2792	293
1012	2612	0	2612	293
1013	2676	0	2676	292
1014	2708	0	2708	293
1015	2696	0	2696	293
1016	2752	0	2752	291
1017	2676	0	2676	292
1018	2808	0	2808	292
1019	2692	0	2692	294
1020	2728	0	2728	292
1021	2788	0	2788	293
1022	2736	0	2736	291
1023	2788	0	2788	293
1024	2800	0	2800	293
1025	2688	0	2688	294
1026	2708	0	2708	292
1027	2756	0	2756	292
1028	2712	0	2712	294
1029	2756	0	2756	293
1030	2720	0	2720	294
1031	2696	0	2696	296
1032	2784	0	2784	296
1033	2744	0	2744	295
1034	2712	0	2712	295
1035	2636	0	2636	292
1036	2652	0	2652	294
1037	2740	0	2740	292
1038	2660	0	2660	295
1039	2824	0	2824	293
1040	2820	0	2820	293
1041	2700	0	2700	292
1042	2820	0	2820	296
1043	2764	0	2764	295
1044	2824	0	2824	292
1045	2768	0	2768	297
1046	2668	0	2668	292
1047	2744	0	2744	292
1048	2724	0	2724	292
1049	2772	0	2772	292
1050	2720	0	2720	295
1051	2796	0	2796	293
1052	2668	0	2668	294
1053	2824	0	2824	294
1054	2732	0	2732	293
1055	2636	0	2636	290
1056	2728	0	2728	294
1057	2736	0	2736	292
1058	2824	0	2824	290
1059	2724	0	2724	294
1060	2720	0	2720	292
1061	2668	0	2668	293
1062	2760	0	2760	292
1063	2808	0	2808	293
1064	2636	0	2636	293
1065	2680	0	2680	296
1066	2764	0	2764	294
1067	2724	0	2724	295
1068	2624	0	2624	293
1069	2632	0	2632	293
1070	2716	0	2716	296
1071	2748	0	2748	294
1072	2708	0	2708	294
1073	2756	0	2756	291
1074	2736	0	2736	295
1075	2784	0	2784	292
1076	2808	0	2808	295
1077	2812	0	2812	293
1078	2860	0	2860	293
1079	2628	0	2628	294
1080	2780	0	2780	294
1081	2760	0	2760	292
1082	2764	0	2764	295
1083	2832	0	2832	295
1084	2760	0	2760	295
1085	2776	0	2776	292
1086	2812	0	2812	294
1087	2736	0	2736	293
1088	2832	0	2832	292
1089	2864	0	2864	292
1090	2796	0	2796	293
1091	2760	0	2760	292
1092	2764	0	2764	292
1093	2800	0	2800	293
1094	2804	0	2804	293
1095	2784	0	2784	292
1096	2740	0	2740	293
1097	2764	0	2764	292
1098	2844	0	2844	294
1099	2792	0	2792	294
1100	2880	0	2880	294
1101	2940	0	2940	293
1102	2776	0	2776	292
1103	2804	0	2804	293
1104	2852	0	2852	293
1105	2728	0	2728	293
1106	2784	0	2784	296
1107	2764	0	2764	294
1108	2796	0	2796	296
1109	2784	0	2784	292
1110	2772	0	2772	293
1111	2764	0	2764	292
1112	2656	0	2656	289
1113	2684	0	2684	293
1114	2736	0	2736	293
1115	2640	0	2640	292
1116	2836	0	2836	297
1117	2772	0	2772	292
1118	2776	0	2776	295
1119	2840	0	2840	294
1120	2744	0	2744	296
1121	2688	0	2688	293
1122	2744	0	2744	292
1123	2644	0	2644	295
1124	2676	0	2676	292
1125	2628	0	2628	293
1126	2636	0	2636	293
1127	2740	0	2740	295
1128	2756	0	2756	295
1129	2760	0	2760	295
1130	2800	0	2800	294
1131	2692	0	2692	294
1132	2736	0	2736	295
1133	2788	0	2788	294
1134	2800	0	2800	292
1135	2688	0	2688	295
1136	2756	0	2756	294
1137	2788	0	2788	292
1138	2716	0	2716	296
1139	2668	0	2668	294
1140	2724	0	2724	291
1141	2740	0	2740	294
1142	2720	0	2720	293
1143	2664	0	2664	294
1144	2692	0	2692	293
1145	2764	0	2764	296
1146	2664	0	2664	293
1147	2720	0	2720	293
1148	2720	0	2720	295
1149	2632	0	2632	294
1150	2636	0	2636	292
1151	2764	0	2764	291
1152	2744	0	2744	294
1153	2736	0	2736	295
1154	2644	0	2644	294
1155	2824	0	2824	294
1156	2768	0	2768	292
1157	2780	0	2780	292
1158	2684	0	2684	292
1159	2648	0	2648	295
1160	2752	0	2752	292
1161	2720	0	2720	293
1162	2652	0	2652	294
1163	2728	0	2728	295
1164	2748	0	2748	297
1165	2804	0	2804	294
1166	2644	0	2644	295
1167	2824	0	2824	295
1168	2700	0	2700	294
1169	2768	0	2768	293
1170	2656	0	2656	292
1171	2696	0	2696	293
1172	2764	0	2764	293
1173	2748	0	2748	292
1174	2720	0	2720	295
1175	2704	0	2704	294
1176	2656	0	2656	292
1177	2636	0	2636	295
1178	2720	0	2720	294
1179	2876	0	2876	294
1180	2728	0	2728	296
1181	2656	0	2656	295
1182	2796	0	2796	297
1183	2736	0	2736	295
1184	2748	0	2748	294
1185	2668	0	2668	295
1186	2748	0	2748	296
1187	2800	0	2800	293
1188	2728	0	2728	295
1189	2732	0	2732	296
1190	2568	0	2568	294
1191	2620	0	2620	293
1192	2672	0	2672	296
1193	2760	0	2760	295
1194	2860	0	2860	294
1195	2704	0	2704	295
1196	2760	0	2760	294
1197	2864	0	2864	293
1198	2688	0	2688	292
1199	2692	0	2692	294
1200	2780	0	2780	295
1201	2704	0	2704	294
1202	2788	0	2788	293
1203	2736	0	2736	292
1204	2832	0	2832	293
1205	2776	0	2776	295
1206	2752	0	2752	294
1207	2696	0	2696	297
1208	0	0	0	0
1209	0	0	0	0
1210	0	0	0	0
1211	0	0	0	0
1212	0	0	0	0
1213	0	0	0	0
1214	0	0	0	0
1215	0	0	0	0
1216	0	0	0	0
1217	0	0	0	0
1218	0	0	0	0
1219	0	0	0	0
1220	0	0	0	0
1221	0	0	0	0
1222	0	0	0	0
1223	0	0	0	0
1224	0	0	0	0
1225	0	0	0	0
1226	0	0	0	0
1227	0	0	0	0
1228	0	0	0	0
1229	0	0	0	0
1230	0	0	0	0
1231	0	0	0	0
1232	0	0	0	0
1233	0	0	0	0
1234	0	0	0	0
1235	0	0	0	0
1236	0	0	0	0
1237	0	0	0	0
1238	0	0	0	0
1239	0	0	0	0
1240	0	0	0	0
1241	0	0	0	0
1242	0	0	0	0
1243	0	0	0	0
1244	0	0	0	0
1245	0	0	0	0
1246	0	0	0	0
1247	0	0	0	0
1248	0	0	0	0
1249	0	0	0	0
1250	0	0	0	0
1251	0	0	0	0
1252	0	0	0	0
1253	0	0	0	0
1254	0	0	0	0
1255	0	0	0	0
1256	0	0	0	0
1257	0	0	0	0
1258	0	0	0	0
1259	0	0	0	0
1260	0	0	0	0
1261	0	0	0	0
1262	0	0	0	0
1263	0	0	0	0
1264	0	0	0	0
1265	0	0	0	0
1266	0	0	0	0
1267	0	0	0	0
1268	0	0	0	0
1269	0	0	0	0
1270	0	0	0	0
1271	0	0	0	0
1272	0	0	0	0
1273	0	0	0	0
1274	0	0	0	0
1275	0	0	0	0
1276	0	0	0	0
1277	0	0	0	0
1278	0	0	0	0
1279	0	0	0	0
1280	0	0	0	0
1281	0	0	0	0
1282	0	0	0	0
1283	0	0	0	0
1284	0	0	0	0
1285	0	0	0	0
1286	0	0	0	0
1287	0	0	0	0
1288	0	0	0	0
1289	0	0	0	0
1290	0	0	0	0
1291	0	0	0	0
1292	0	0	0	0
1293	0	0	0	0
1294	0	0	0	0
1295	0	0	0	0
1296	0	0	0	0
1297	0	0	0	0
1298	0	0	0	0
1299	0	0	0	0
1300	0	0	0	0
1301	0	0	0	0
1302	0	0	0	0
1303	0	0	0	0
1304	0	0	0	0
1305	0	0	0	0
1306	0	0	0	0
1307	0	0	0	0
1308	0	0	0	0
1309	0	0	0	0
1310	0	0	0	0
1311	0	0	0	0
1312	0	0	0	0
1313	0	0	0	0
1314	0	0	0	0
1315	0	0	0	0
1316	0	0	0	0
1317	0	0	0	0
1318	0	0	0	0
1319	0	0	0	0
1320	0	0	0	0
1321	0	0	0	0
1322	0	0	0	0
1323	0	0	0	0
1324	0	0	0	0
1325	0	0	0	0
1326	0	0	0	0
1327	0	0	0	0
1328	0	0	0	0
1329	0	0	0	0
1330	0	0	0	0
1331	0	0	0	0
1332	0	0	0	0
1333	0	0	0	0
1334	0	0	0	0
1335	0	0	0	0
1336	0	0	0	0
1337	0	0	0	0
1338	0	0	0	0
1339	0	0	0	0
1340	0	0	0	0
1341	0	0	0	0
1342	0	0	0	0
1343	0	0	0	0
1344	0	0	0	0
1345	0	0	0	0
1346	0	0	0	0
1347	0	0	0	0
1348	0	0	0	0
1349	0	0	0	0
1350	0	0	0	0
1351	0	0	0	0
1352	0	0	0	0
1353	0	0	0	0
1354	0	0	0	0
1355	0	0	0	0
1356	0	0	0	0
1357	0	0	0	0
1358	0	0	0	0
1359	0	0	0	0
1360	0	0	0	0
1361	0	0	0	0
1362	0	0	0	0
1363	0	0	0	0
1364	0	0	0	0
1365	0	0	0	0
1366	0	0	0	0
1367	0	0	0	0
1368	0	0	0	0
1369	0	0	0	0
1370	0	0	0	0
1371	0	0	0	0
1372	0	0	0	0
1373	0	0	0	0
1374	0	0	0	0
1375	0	0	0	0
1376	0	0	0	0
1377	0	0	0	0
1378	0	0	0	0
1379	0	0	0	0
1380	0	0	0	0
1381	0	0	0	0
1382	0	0	0	0
1383	0	0	0	0
1384	0	0	0	0
1385	0	0	0	0
1386	0	0	0	0
1387	0	0	0	0
1388	0	0	0	0
1389	0	0	0	0
1390	0	0	0	0
1391	0	0	0	0
1392	0	0	0	0
1393	0	0	0	0
1394	0	0	0	0
1395	0	0	0	0
1396	0	0	0	0
1397	0	0	0	0
1398	0	0	0	0
1399	0	0	0	0
1400	0	0	0	0
1401	0	0	0	0
1402	0	0	0	0
1403	0	0	0	0
1404	0	0	0	0
1405	0	0	0	0
1406	0	0	0	0
1407	0	0	0	0
1408	0	0	0	0
1409	0	0	0	0
1410	0	0	0	0
1411	0	0	0	0
1412	0	0	0	0
1413	0	0	0	0
1414	0	0	0	0
1415	0	0	0	0
1416	0	0	0	0
1417	0	0	0	0
1418	0	0	0	0
1419	0	0	0	0
1420	0	0	0	0
1421	0	0	0	0
1422	0	0	0	0
1423	0	0	0	0
1424	0	0	0	0
1425	0	0	0	0
1426	0	0	0	0
1427	0	0	0	0
1428	0	0	0	0
1429	0	0	0	0
1430	0	0	0	0
1431	0	0	0	0
1432	0	0	0	0
1433	0	0	0	0
1434	0	0	0	0
1435	0	0	0	0
1436	0	0	0	0
1437	0	0	0	0
1438	0	0	0	0
1439	0	0	0	0
1440	0	0	0	0
1441	0	0	0	0
1442	0	0	0	0
1443	0	0	0	0
1444	0	0	0	0
1445	0	0	0	0
1446	0	0	0	0
1447	0	0	0	0
1448	0	0	0	0
1449	0	0	0	0
1450	0	0	0	0
1451	0	0	0	0
1452	0	0	0	0
1453	0	0	0	0
1454	0	0	0	0
1455	0	0	0	0
1456	0	0	0	0
1457	0	0	0	0
1458	0	0	0	0
1459	0	0	0	0
1460	0	0	0	0
1461	0	0	0	0
1462	0	0	0	0
1463	0	0	0	0
1464	0	0	0	0
1465	0	0	0	0
1466	0	0	0	0
1467	0	0	0	0
1468	0	0	0	0
1469	0	0	0	0
1470	0	0	0	0
1471	0	0	0	0
1472	0	0	0	0
1473	0	0	0	0
1474	0	0	0	0
1475	0	0	0	0
1476	0	0	0	0
1477	0	0	0	0
1478	0	0	0	0
1479	0	0	0	0
1480	0	0	0	0
1481	0	0	0	0
1482	0	0	0	0
1483	0	0	0	0
1484	0	0	0	0
1485	0	0	0	0
1486	0	0	0	0
1487	0	0	0	0
1488	0	0	0	0
1489	0	0	0	0
1490	0	0	0	0
1491	0	0	0	0
1492	0	0	0	0
1493	0	0	0	0
1494	0	0	0	0
1495	0	0	0	0
1496	0	0	0	0
1497	0	0	0	0
1498	0	0	0	0
1499	0	0	0	0
1500	0	0	0	0
1501	0	0	0	0
1502	0	0	0	0
1503	0	0	0	0
1504	0	0	0	0
1505	0	0	0	0
1506	0	0	0	0
1507	0	0	0	0
1508	0	0	0	0
1509	0	0	0	0
1510	0	0	0	0
1511	0	0	0	0
1512	0	0	0	0
1513	0	0	0	0
1514	0	0	0	0
1515	0	0	0	0
1516	0	0	0	0
1517	0	0	0	0
1518	0	0	0	0
1519	0	0	0	0
1520	0	0	0	0
1521	0	0	0	0
1522	0	0	0	0
1523	0	0	0	0
1524	0	0	0	0
1525	0	0	0	0
1526	0	0	0	0
1527	0	0	0	0
1528	0	0	0	0
1529	0	0	0	0
1530	0	0	0	0
1531	0	0	0	0
1532	0	0	0	0
1533	0	0	0	0
1534	0	0	0	0
1535	0	0	0	0
1536	0	0	0	0
1537	0	0	0	0
1538	0	0	0	0
1539	0	0	0	0
1540	0	0	0	0
1541	0	0	0	0
1542	0	0	0	0
1543	0	0	0	0
1544	0	0	0	0
1545	0	0	0	0
1546	0	0	0	0
1547	0	0	0	0
1548	0	0	0	0
1549	0	0	0	0
1550	0	0	0	0
1551	0	0	0	0
1552	0	0	0	0
1553	0	0	0	0
1554	0	0	0	0
1555	0	0	0	0
1556	0	0	0	0
1557	0	0	0	0
1558	0	0	0	0
1559	0	0	0	0
1560	0	0	0	0
1561	0	0	0	0
1562	0	0	0	0
1563	0	0	0	0
1564	0	0	0	0
1565	0	0	0	0
1566	0	0	0	0
1567	0	0	0	0
1568	0	0	0	0
1569	0	0	0	0
1570	0	0	0	0
1571	0	0	0	0
1572	0	0	0	0
1573	0	0	0	0
1574	0	0	0	0
1575	0	0	0	0
1576	0	0	0	0
1577	0	0	0	0
1578	0	0	0	0
1579	0	0	0	0
1580	0	0	0	0
1581	0	0	0	0
1582	0	0	0	0
1583	0	0	0	0
1584	0	0	0	0
1585	0	0	0	0
1586	0	0	0	0
1587	0	0	0	0
1588	0	0	0	0
1589	0	0	0	0
1590	0	0	0	0
1591	0	0	0	0
1592	0	0	0	0
1593	0	0	0	0
1594	0	0	0	0
1595	0	0	0	0
1596	0	0	0	0
1597	0	0	0	0
1598	0	0	0	0
1599	0	0	0	0
1600	0	0	0	0
1601	0	0	0	0
1602	0	0	0	0
1603	0	0	0	0
1604	0	0	0	0
1605	0	0	0	0
1606	0	0	0	0
1607	0	0	0	0
1608	0	0	0	0
1609	0	0	0	0
1610	0	0	0	0
1611	0	0	0	0
1612	0	0	0	0
1613	0	0	0	0
1614	0	0	0	0
1615	0	0	0	0
1616	0	0	0	0
1617	0	0	0	0
1618	0	0	0	0
1619	0	0	0	0
1620	0	0	0	0
1621	0	0	0	0
1622	0	0	0	0
1623	0	0	0	0
1624	0	0	0	0
1625	0	0	0	0
1626	0	0	0	0
1627	0	0	0	0
1628	0	0	0	0
1629	0	0	0	0
1630	0	0	0	0
1631	0	0	0	0
1632	0	0	0	0
1633	0	0	0	0
1634	0	0	0	0
1635	0	0	0	0
1636	0	0	0	0
1637	0	0	0	0
1638	0	0	0	0
1639	0	0	0	0
1640	0	0	0	0
1641	0	0	0	0
1642	0	0	0	0
1643	0	0	0	0
1644	0	0	0	0
1645	0	0	0	0
1646	0	0	0	0
1647	0	0	0	0
1648	0	0	0	0
1649	0	0	0	0
1650	0	0	0	0
1651	0	0	0	0
1652	0	0	0	0
1653	0	0	0	0
1654	0	0	0	0
1655	0	0	0	0
1656	0	0	0	0
1657	0	0	0	0
1658	0	0	0	0
1659	0	0	0	0
1660	0	0	0	0
1661	0	0	0	0
1662	0	0	0	0
1663	0	0	0	0
1664	0	0	0	0
1665	0	0	0	0
1666	0	0	0	0
1667	0	0	0	0
1668	0	0	0	0
1669	0	0	0	0
1670	0	0	0	0
1671	0	0	0	0
1672	0	0	0	0
1673	0	0	0	0
1674	0	0	0	0
1675	0	0	0	0
1676	0	0	0	0
1677	0	0	0	0
1678	0	0	0	0
1679	0	0	0	0
1680	0	0	0	0
1681	0	0	0	0
1682	0	0	0	0
1683	0	0	0	0
1684	0	0	0	0
1685	0	0	0	0
1686	0	0	0	0
1687	0	0	0	0
1688	0	0	0	0
1689	0	0	0	0
1690	0	0	0	0
1691	0	0	0	0
1692	0	0	0	0
1693	0	0	0	0
1694	0	0	0	0
1695	0	0	0	0
1696	0	0	0	0
1697	0	0	0	0
1698	0	0	0	0
1699	0	0	0	0
1700	0	0	0	0
1701	0	0	0	0
1702	0	0	0	0
1703	0	0	0	0
1704	0	0	0	0
1705	0	0	0	0
1706	0	0	0	0
1707	0	0	0	0
1708	0	0	0	0
1709	0	0	0	0
1710	0	0	0	0
1711	0	0	0	0
1712	0	0	0	0
1713	0	0	0	0
1714	0	0	0	0
1715	0	0	0	0
1716	0	0	0	0
1717	0	0	0	0
1718	0	0	0	0
1719	0	0	0	0
1720	0	0	0	0
1721	0	0	0	0
1722	0	0	0	0
1723	0	0	0	0
1724	0	0	0	0
1725	0	0	0	0
1726	0	0	0	0
1727	0	0	0	0
1728	0	0	0	0
1729	0	0	0	0
1730	0	0	0	0
1731	0	0	0	0
1732	0	0	0	0
1733	0	0	0	0
1734	0	0	0	0
1735	0	0	0	0
1736	0	0	0	0
1737	0	0	0	0
1738	0	0	0	0
1739	0	0	0	0
1740	0	0	0	0
1741	0	0	0	0
1742	0	0	0	0
1743	0	0	0	0
1744	0	0	0	0
1745	0	0	0	0
1746	0	0	0	0
1747	0	0	0	0
1748	0	0	0	0
1749	0	0	0	0
1750	0	0	0	0
1751	0	0	0	0
1752	0	0	0	0
1753	0	0	0	0
1754	0	0	0	0
1755	0	0	0	0
1756	0	0	0	0
1757	0	0	0	0
1758	0	0	0	0
1759	0	0	0	0
1760	0	0	0	0
1761	0	0	0	0
1762	0	0	0	0
1763	0	0	0	0
1764	0	0	0	0
1765	0	0	0	0
1766	0	0	0	0
1767	0	0	0	0
1768	0	0	0	0
1769	0	0	0	0
1770	0	0	0	0
1771	0	0	0	0
1772	0	0	0	0
1773	0	0	0	0
1774	0	0	0	0
1775	0	0	0	0
1776	0	0	0	0
1777	0	0	0	0
1778	0	0	0	0
1779	0	0	0	0
1780	0	0	0	0
1781	0	0	0	0
1782	0	0	0	0
1783	0	0	0	0
1784	0	0	0	0
1785	0	0	0	0
1786	0	0	0	0
1787	0	0	0	0
1788	0	0	0	0
1789	0	0	0	0
1790	0	0	0	0
1791	0	0	0	0
1792	0	0	0	0
1793	0	0	0	0
1794	0	0	0	0
1795	0	0	0	0
1796	0	0	0	0
1797	0	0	0	0
1798	0	0	0	0
1799	0	0	0	0
1800	0	0	0	0
1801	0	0	0	0
1802	0	0	0	0
1803	0	0	0	0
1804	0	0	0	0
1805	0	0	0	0
1806	0	0	0	0
1807	0	0	0	0
1808	0	0	0	0
1809	0	0	0	0
1810	0	0	0	0
1811	0	0	0	0
1812	0	0	0	0
1813	0	0	0	0
1814	0	0	0	0
1815	0	0	0	0
1816	0	0	0	0
1817	0	0	0	0
1818	0	0	0	0
1819	0	0	0	0
1820	0	0	0	0
1821	0	0	0	0
1822	0	0	0	0
1823	0	0	0	0
1824	0	0	0	0
1825	0	0	0	0
1826	0	0	0	0
1827	0	0	0	0
1828	0	0	0	0
1829	0	0	0	0
1830	0	0	0	0
1831	0	0	0	0
1832	0	0	0	0
1833	0	0	0	0
1834	0	0	0	0
1835	0	0	0	0
1836	0	0	0	0
1837	0	0	0	0
1838	0	0	0	0
1839	0	0	0	0
1840	0	0	0	0
1841	0	0	0	0
1842	0	0	0	0
1843	0	0	0	0
1844	0	0	0	0
1845	0	0	0	0
1846	0	0	0	0
1847	0	0	0	0
1848	0	0	0	0
1849	0	0	0	0
1850	0	0	0	0
1851	0	0	0	0
1852	0	0	0	0
1853	0	0	0	0
1854	0	0	0	0
1855	0	0	0	0
1856	0	0	0	0
1857	0	0	0	0
1858	0	0	0	0
1859	0	0	0	0
1860	0	0	0	0
1861	0	0	0	0
1862	0	0	0	0
1863	0	0	0	0
1864	0	0	0	0
1865	0	0	0	0
1866	0	0	0	0
1867	0	0	0	0
1868	0	0	0	0
1869	0	0	0	0
1870	0	0	0	0
1871	0	0	0	0
1872	0	0	0	0
1873	0	0	0	0
1874	0	0	0	0
1875	0	0	0	0
1876	0	0	0	0
1877	0	0	0	0
1878	0	0	0	0
1879	0	0	0	0
1880	0	0	0	0
1881	0	0	0	0
1882	0	0	0	0
1883	0	0	0	0
1884	0	0	0	0
1885	0	0	0	0
1886	0	0	0	0
1887	0	0	0	0
1888	0	0	0	0
1889	0	0	0	0
1890	0	0	0	0
1891	0	0	0	0
1892	0	0	0	0
1893	0	0	0	0
1894	0	0	0	0
1895	0	0	0	0
1896	0	0	0	0
1897	0	0	0	0
1898	0	0	0	0
1899	0	0	0	0
1900	0	0	0	0
1901	0	0	0	0
1902	0	0	0	0
1903	0	0	0	0
1904	0	0	0	0
1905	0	0	0	0
1906	0	0	0	0
1907	0	0	0	0
1908	0	0	0	0
1909	0	0	0	0
1910	0	0	0	0
1911	0	0	0	0
1912	0	0	0	0
1913	0	0	0	0
1914	0	0	0	0
1915	0	0	0	0
1916	0	0	0	0
1917	0	0	0	0
1918	0	0	0	0
1919	0	0	0	0
1920	0	0	0	0
1921	0	0	0	0
1922	0	0	0	0
1923	0	0	0	0
1924	0	0	0	0
1925	0	0	0	0
1926	0	0	0	0
1927	0	0	0	0
1928	0	0	0	0
1929	0	0	0	0
1930	0	0	0	0
1931	0	0	0	0
1932	0	0	0	0
1933	0	0	0	0
1934	0	0	0	0
1935	0	0	0	0
1936	0	0	0	0
1937	0	0	0	0
1938	0	0	0	0
1939	0	0	0	0
1940	0	0	0	0
1941	0	0	0	0
1942	0	0	0	0
1943	0	0	0	0
1944	0	0	0	0
1945	0	0	0	0
1946	0	0	0	0
1947	0	0	0	0
1948	0	0	0	0
1949	0	0	0	0
1950	0	0	0	0
1951	0	0	0	0
1952	0	0	0	0
1953	0	0	0	0
1954	0	0	0	0
1955	0	0	0	0
1956	0	0	0	0
1957	0	0	0	0
1958	0	0	0	0
1959	0	0	0	0
1960	0	0	0	0
1961	0	0	0	0
1962	0	0	0	0
1963	0	0	0	0
1964	0	0	0	0
1965	0	0	0	0
1966	0	0	0	0
1967	0	0	0	0
1968	0	0	0	0
1969	0	0	0	0
1970	0	0	0	0
1971	0	0	0	0
1972	0	0	0	0
1973	0	0	0	0
1974	0	0	0	0
1975	0	0	0	0
1976	0	0	0	0
1977	0	0	0	0
1978	0	0	0	0
1979	0	0	0	0
1980	0	0	0	0
1981	0	0	0	0
1982	0	0	0	0
1983	0	0	0	0
1984	0	0	0	0
1985	0	0	0	0
1986	0	0	0	0
1987	0	0	0	0
1988	0	0	0	0
1989	0	0	0	0
1990	0	0	0	0
1991	0	0	0	0
1992	0	0	0	0
1993	0	0	0	0
1994	0	0	0	0
1995	0	0	0	0
1996	0	0	0	0
1997	0	0	0	0
1998	0	0	0	0
1999	0	0	0	0
2000	0	0	0	0
