1	1596	0	1596	509
2	1620	0	1620	508
3	1728	0	1728	508
4	1768	0	1768	513
5	1740	0	1740	512
6	1848	0	1848	508
7	1816	0	1816	508
8	1900	0	1900	512
9	1912	0	1912	507
10	1824	0	1824	502
11	1852	0	1852	509
12	1872	0	1872	509
13	1896	0	1896	505
14	2024	0	2024	508
15	1952	0	1952	510
16	1984	0	1984	511
17	1984	0	1984	509
18	2036	0	2036	499
19	1992	0	1992	508
20	2028	0	2028	509
21	1996	0	1996	506
22	2088	0	2088	504
23	2140	0	2140	504
24	2096	0	2096	502
25	2100	0	2100	505
26	2056	0	2056	518
27	2080	0	2080	505
28	2112	0	2112	505
29	2232	0	2232	524
30	2120	0	2120	507
31	2144	0	2144	514
32	2128	0	2128	499
33	2132	0	2132	506
34	2140	0	2140	505
35	2136	0	2136	513
36	2128	0	2128	507
37	2180	0	2180	506
38	2176	0	2176	508
39	2052	0	2052	511
40	2224	0	2224	516
41	2148	0	2148	509
42	2208	0	2208	506
43	2188	0	2188	506
44	2200	0	2200	518
45	2168	0	2168	507
46	2196	0	2196	508
47	2120	0	2120	505
48	2116	0	2116	501
49	2160	0	2160	501
50	2120	0	2120	508
51	2132	0	2132	515
52	2120	0	2120	507
53	2240	0	2240	516
54	2140	0	2140	509
55	2012	0	2012	506
56	2080	0	2080	505
57	1996	0	1996	514
58	1952	0	1952	504
59	1996	0	1996	508
60	1928	0	1928	506
61	1920	0	1920	514
62	2020	0	2020	518
63	1972	0	1972	507
64	1992	0	1992	513
65	1992	0	1992	514
66	1956	0	1956	513
67	1848	0	1848	512
68	1988	0	1988	514
69	1872	0	1872	509
70	1916	0	1916	507
71	1868	0	1868	505
72	1732	0	1732	510
73	1768	0	1768	504
74	1876	0	1876	502
75	1808	0	1808	508
76	1760	0	1760	508
77	1740	0	1740	511
78	1756	0	1756	503
79	1760	0	1760	503
80	1700	0	1700	513
81	1788	0	1788	511
82	1792	0	1792	511
83	1736	0	1736	511
84	1680	0	1680	507
85	1636	0	1636	513
86	1724	0	1724	511
87	1648	0	1648	507
88	1660	0	1660	504
89	1644	0	1644	511
90	1676	0	1676	517
91	1648	0	1648	517
92	1664	0	1664	516
93	1644	0	1644	511
94	1712	0	1712	513
95	1632	0	1632	1211
96	1720	0	1720	-3018
97	1600	0	1600	-4653
98	1700	0	1700	-4606
99	1660	0	1660	-4608
100	1640	0	1640	-4623
101	1600	0	1600	-4618
102	1652	0	1652	-4604
103	1632	0	1632	-4640
104	1608	0	1608	-4644
105	1600	0	1600	-4664
106	1624	0	1624	-4679
107	1656	0	1656	-4640
108	1676	0	1676	-2244
109	1692	0	1692	306
110	1848	0	1848	237
111	2068	0	2068	196
112	2188	0	2188	161
113	2124	0	2124	135
114	2132	0	2132	184
115	2072	0	2072	164
116	1832	0	1832	187
117	1760	0	1760	236
118	1604	0	1604	337
119	1616	0	1616	389
120	1608	0	1608	323
121	1472	0	1472	351
122	1456	0	1456	380
123	1508	0	1508	303
124	1612	0	1612	309
125	1544	0	1544	220
126	1532	0	1532	147
127	1540	0	1540	106
128	1520	0	1520	76
129	1628	0	1628	59
130	1512	0	1512	93
131	1492	0	1492	71
132	1568	0	1568	35
133	1564	0	1564	10
134	1544	0	1544	2
135	1528	0	1528	-18
136	1548	0	1548	-11
137	1568	0	1568	15
138	1616	0	1616	28
139	1604	0	1604	40
140	1536	0	1536	72
141	1500	0	1500	61
142	1548	0	1548	59
143	1460	0	1460	55
144	1496	0	1496	94
145	1576	0	1576	159
146	1472	0	1472	120
147	1508	0	1508	93
148	1640	0	1640	75
149	1520	0	1520	38
150	1548	0	1548	16
151	1468	0	1468	-9
152	1516	0	1516	-21
153	1580	0	1580	-45
154	1520	0	1520	-60
155	1572	0	1572	-60
156	1620	0	1620	-64
157	1532	0	1532	-62
158	1576	0	1576	-79
159	1644	0	1644	-69
160	1636	0	1636	-63
161	1560	0	1560	-45
162	1668	0	1668	-14
163	1644	0	1644	-26
164	1712	0	1712	3
165	1600	0	1600	443
166	1584	0	1584	390
167	1560	0	1560	398
168	1616	0	1616	446
169	1652	0	1652	406
170	1652	0	1652	504
171	1776	0	1776	487
172	1748	0	1748	447
173	1748	0	1748	425
174	1804	0	1804	361
175	1800	0	1800	389
176	1856	0	1856	354
177	1796	0	1796	300
178	1836	0	1836	304
179	1752	0	1752	357
180	1864	0	1864	290
181	1952	0	1952	268
182	1852	0	1852	221
183	1884	0	1884	220
184	1956	0	1956	214
185	2144	0	2144	255
186	1944	0	1944	327
187	2000	0	2000	453
188	2016	0	2016	439
189	1952	0	1952	404
190	2024	0	2024	317
191	1916	0	1916	625
192	2072	0	2072	562
193	2120	0	2120	595
194	2144	0	2144	632
195	2120	0	2120	661
196	2164	0	2164	656
197	2152	0	2152	683
198	2156	0	2156	635
199	2176	0	2176	669
200	2236	0	2236	529
201	2240	0	2240	428
202	2216	0	2216	406
203	2312	0	2312	380
204	2192	0	2192	344
205	2228	0	2228	321
206	2280	0	2280	245
207	2220	0	2220	241
208	2308	0	2308	296
209	2328	0	2328	307
210	2316	0	2316	262
211	2312	0	2312	236
212	2232	0	2232	278
213	2284	0	2284	319
214	2192	0	2192	330
215	2180	0	2180	413
216	2180	0	2180	567
217	2160	0	2160	552
218	2244	0	2244	651
219	2248	0	2248	554
220	2140	0	2140	374
221	2252	0	2252	293
222	2184	0	2184	308
223	2140	0	2140	368
224	2048	0	2048	441
225	2088	0	2088	490
226	2164	0	2164	481
227	2088	0	2088	519
228	2116	0	2116	493
229	2104	0	2104	428
230	2152	0	2152	396
231	2052	0	2052	382
232	2056	0	2056	403
233	2128	0	2128	359
234	2000	0	2000	257
235	1936	0	1936	420
236	2052	0	2052	498
237	1948	0	1948	652
238	1860	0	1860	567
239	1924	0	1924	372
240	1904	0	1904	499
241	1940	0	1940	502
242	1896	0	1896	587
243	1832	0	1832	673
244	1780	0	1780	671
245	1812	0	1812	1055
246	1872	0	1872	1858
247	1864	0	1864	4804
248	1740	0	1740	2182
249	1844	0	1844	1891
250	1780	0	1780	507
251	1732	0	1732	510
252	1760	0	1760	513
253	1752	0	1752	522
254	1872	0	1872	511
255	1824	0	1824	521
256	1800	0	1800	519
257	1752	0	1752	510
258	1772	0	1772	509
259	1680	0	1680	508
260	1752	0	1752	522
261	1696	0	1696	509
262	1708	0	1708	516
263	1732	0	1732	514
264	1724	0	1724	509
265	1716	0	1716	514
266	1696	0	1696	507
267	1732	0	1732	513
268	1668	0	1668	519
269	1844	0	1844	510
270	1660	0	1660	519
271	1628	0	1628	516
272	1664	0	1664	513
273	1620	0	1620	516
274	1700	0	1700	512
275	1636	0	1636	520
276	1648	0	1648	514
277	1576	0	1576	507
278	1592	0	1592	517
279	1592	0	1592	510
280	1604	0	1604	507
281	1740	0	1740	511
282	1908	0	1908	517
283	1936	0	1936	509
284	2064	0	2064	511
285	2260	0	2260	512
286	2236	0	2236	520
287	2160	0	2160	524
288	2064	0	2064	510
289	1728	0	1728	516
290	1636	0	1636	523
291	1564	0	1564	525
292	1516	0	1516	510
293	1576	0	1576	510
294	1552	0	1552	513
295	1540	0	1540	508
296	1668	0	1668	510
297	1796	0	1796	517
298	1868	0	1868	508
299	2024	0	2024	512
300	2112	0	2112	515
301	2180	0	2180	516
302	2244	0	2244	505
303	2300	0	2300	518
304	2308	0	2308	506
305	2192	0	2192	508
306	2128	0	2128	502
307	2188	0	2188	501
308	2088	0	2088	515
309	2072	0	2072	512
310	2236	0	2236	503
311	2236	0	2236	511
312	2228	0	2228	510
313	2224	0	2224	507
314	2256	0	2256	514
315	2240	0	2240	506
316	2168	0	2168	507
317	2192	0	2192	515
318	2188	0	2188	514
319	2148	0	2148	510
320	2172	0	2172	514
321	2212	0	2212	507
322	2172	0	2172	507
323	2264	0	2264	510
324	2212	0	2212	514
325	2236	0	2236	509
326	2208	0	2208	515
327	2352	0	2352	514
328	2244	0	2244	507
329	2112	0	2112	505
330	2168	0	2168	504
331	2244	0	2244	508
332	2228	0	2228	508
333	2176	0	2176	505
334	2312	0	2312	506
335	2168	0	2168	513
336	2240	0	2240	511
337	2132	0	2132	512
338	2136	0	2136	517
339	2164	0	2164	506
340	2208	0	2208	506
341	2156	0	2156	503
342	2188	0	2188	510
343	2168	0	2168	513
344	2260	0	2260	511
345	2112	0	2112	511
346	2256	0	2256	504
347	2256	0	2256	509
348	2220	0	2220	510
349	2216	0	2216	510
350	2220	0	2220	503
351	2200	0	2200	507
352	2200	0	2200	509
353	2260	0	2260	509
354	2176	0	2176	505
355	2212	0	2212	510
356	2220	0	2220	511
357	2248	0	2248	511
358	2240	0	2240	509
359	2276	0	2276	522
360	2280	0	2280	509
361	2232	0	2232	504
362	2216	0	2216	502
363	2108	0	2108	509
364	2260	0	2260	508
365	2176	0	2176	508
366	2200	0	2200	506
367	2268	0	2268	507
368	2224	0	2224	511
369	2164	0	2164	504
370	2108	0	2108	502
371	2204	0	2204	516
372	2272	0	2272	501
373	2124	0	2124	513
374	2244	0	2244	511
375	2164	0	2164	511
376	2072	0	2072	507
377	2236	0	2236	514
378	2188	0	2188	513
379	2212	0	2212	509
380	2216	0	2216	503
381	2232	0	2232	506
382	2176	0	2176	506
383	2264	0	2264	511
384	2200	0	2200	517
385	2208	0	2208	509
386	2184	0	2184	507
387	2212	0	2212	510
388	2120	0	2120	518
389	2268	0	2268	515
390	2288	0	2288	511
391	2200	0	2200	510
392	2184	0	2184	512
393	2212	0	2212	508
394	2232	0	2232	509
395	2268	0	2268	511
396	2208	0	2208	506
397	2228	0	2228	508
398	2172	0	2172	512
399	2144	0	2144	513
400	2120	0	2120	508
401	2148	0	2148	504
402	2220	0	2220	506
403	2184	0	2184	511
404	2196	0	2196	509
405	2220	0	2220	510
406	2204	0	2204	504
407	2212	0	2212	510
408	2176	0	2176	505
409	2184	0	2184	508
410	2220	0	2220	505
411	2292	0	2292	503
412	2276	0	2276	508
413	2116	0	2116	502
414	2172	0	2172	503
415	2192	0	2192	505
416	2200	0	2200	515
417	2152	0	2152	511
418	2248	0	2248	505
419	2320	0	2320	502
420	2228	0	2228	509
421	2260	0	2260	506
422	2164	0	2164	503
423	2128	0	2128	514
424	2176	0	2176	514
425	2224	0	2224	505
426	2240	0	2240	507
427	2240	0	2240	510
428	2216	0	2216	516
429	2276	0	2276	508
430	2208	0	2208	500
431	2184	0	2184	510
432	2172	0	2172	502
433	2204	0	2204	506
434	2148	0	2148	511
435	2188	0	2188	505
436	2244	0	2244	511
437	2228	0	2228	507
438	2268	0	2268	501
439	2220	0	2220	503
440	2192	0	2192	506
441	2180	0	2180	508
442	2300	0	2300	517
443	2176	0	2176	510
444	2232	0	2232	507
445	2188	0	2188	511
446	2204	0	2204	511
447	2308	0	2308	506
448	2272	0	2272	505
449	2360	0	2360	504
450	2168	0	2168	514
451	2224	0	2224	511
452	2232	0	2232	507
453	2196	0	2196	508
454	2284	0	2284	506
455	2280	0	2280	507
456	2328	0	2328	511
457	2220	0	2220	502
458	2204	0	2204	506
459	2204	0	2204	507
460	2260	0	2260	508
461	2168	0	2168	506
462	2280	0	2280	511
463	2284	0	2284	505
464	2196	0	2196	505
465	2220	0	2220	512
466	2272	0	2272	513
467	2200	0	2200	521
468	2288	0	2288	510
469	2204	0	2204	513
470	2192	0	2192	509
471	2404	0	2404	503
472	2236	0	2236	512
473	2236	0	2236	511
474	2152	0	2152	507
475	2196	0	2196	509
476	2116	0	2116	512
477	2184	0	2184	511
478	2244	0	2244	510
479	2260	0	2260	504
480	2200	0	2200	508
481	2144	0	2144	513
482	2224	0	2224	509
483	2240	0	2240	506
484	2316	0	2316	506
485	2072	0	2072	514
486	2208	0	2208	518
487	2300	0	2300	503
488	2240	0	2240	516
489	2256	0	2256	503
490	2240	0	2240	509
491	2196	0	2196	-643
492	2220	0	2220	-1927
493	2312	0	2312	-1824
494	2132	0	2132	-3170
495	2268	0	2268	-3253
496	2276	0	2276	-2170
497	2196	0	2196	-1071
498	2260	0	2260	-1758
499	2160	0	2160	-727
500	2184	0	2184	-458
501	2272	0	2272	-1875
502	2264	0	2264	-306
503	2316	0	2316	-529
504	2260	0	2260	-1699
505	2212	0	2212	-56
506	2192	0	2192	-555
507	2216	0	2216	199
508	2164	0	2164	310
509	2224	0	2224	282
510	2192	0	2192	237
511	2264	0	2264	297
512	2268	0	2268	86
513	2268	0	2268	210
514	2184	0	2184	521
515	2312	0	2312	314
516	2104	0	2104	432
517	2288	0	2288	647
518	2244	0	2244	84
519	2160	0	2160	243
520	2192	0	2192	475
521	2280	0	2280	266
522	2224	0	2224	380
523	2200	0	2200	430
524	2212	0	2212	174
525	2232	0	2232	297
526	2264	0	2264	402
527	2280	0	2280	168
528	2248	0	2248	399
529	2260	0	2260	-170
530	2224	0	2224	-1779
531	2244	0	2244	-100
532	2180	0	2180	-1799
533	2244	0	2244	-2082
534	2356	0	2356	-909
535	2292	0	2292	-1820
536	2236	0	2236	-1827
537	2216	0	2216	-905
538	2240	0	2240	-1840
539	2332	0	2332	-1699
540	2260	0	2260	-862
541	2220	0	2220	-1722
542	2112	0	2112	-2119
543	2288	0	2288	-541
544	2264	0	2264	-1648
545	2244	0	2244	-2087
546	2152	0	2152	-585
547	2172	0	2172	-1791
548	2356	0	2356	-1776
549	2288	0	2288	-542
550	2324	0	2324	-1914
551	2228	0	2228	17
552	2240	0	2240	91
553	2244	0	2244	-45
554	2300	0	2300	5
555	2288	0	2288	116
556	2164	0	2164	-112
557	2340	0	2340	-21
558	2196	0	2196	-37
559	2216	0	2216	-31
560	2208	0	2208	-28
561	2256	0	2256	-29
562	2284	0	2284	-29
563	2260	0	2260	-30
564	2312	0	2312	-30
565	2272	0	2272	-30
566	2212	0	2212	-30
567	2384	0	2384	-30
568	2224	0	2224	-29
569	2188	0	2188	-30
570	2332	0	2332	-32
571	2240	0	2240	-29
572	2372	0	2372	-29
573	2280	0	2280	-32
574	2196	0	2196	-33
575	2232	0	2232	-30
576	2304	0	2304	-32
577	2300	0	2300	-155
578	2248	0	2248	112
579	2208	0	2208	-77
580	2376	0	2376	-314
581	2340	0	2340	-79
582	2292	0	2292	-41
583	2192	0	2192	-41
584	2328	0	2328	-42
585	2280	0	2280	-38
586	2292	0	2292	-37
587	2300	0	2300	-38
588	2296	0	2296	-37
589	2360	0	2360	-38
590	2248	0	2248	-39
591	2252	0	2252	-38
592	2304	0	2304	-37
593	2304	0	2304	-41
594	2384	0	2384	-37
595	2212	0	2212	-36
596	2256	0	2256	-39
597	2264	0	2264	-37
598	2268	0	2268	-37
599	2208	0	2208	-39
600	2248	0	2248	-38
601	2232	0	2232	-36
602	2256	0	2256	-37
603	2304	0	2304	-37
604	2340	0	2340	-36
605	2244	0	2244	-38
606	2208	0	2208	-32
607	2240	0	2240	-39
608	2256	0	2256	-37
609	2228	0	2228	-36
610	2188	0	2188	-37
611	2264	0	2264	-37
612	2196	0	2196	-36
613	2220	0	2220	-36
614	2280	0	2280	-37
615	2240	0	2240	-35
616	2232	0	2232	-35
617	2148	0	2148	-41
618	2256	0	2256	-37
619	2192	0	2192	-35
620	2208	0	2208	-12
621	2280	0	2280	-12
622	2288	0	2288	-23
623	2244	0	2244	-26
624	2328	0	2328	0
625	2344	0	2344	-7
626	2240	0	2240	-45
627	2224	0	2224	-54
628	2148	0	2148	-51
629	2264	0	2264	-32
630	2312	0	2312	-13
631	2260	0	2260	-19
632	2272	0	2272	-15
633	2288	0	2288	-28
634	2308	0	2308	-29
635	2188	0	2188	-34
636	2184	0	2184	-30
637	2320	0	2320	-28
638	2376	0	2376	-25
639	2336	0	2336	-20
640	2352	0	2352	-7
641	2356	0	2356	-8
642	2332	0	2332	-31
643	2344	0	2344	-37
644	2288	0	2288	-31
645	2308	0	2308	-29
646	2264	0	2264	-18
647	2292	0	2292	-18
648	2292	0	2292	-27
649	2340	0	2340	-38
650	2320	0	2320	-38
651	2272	0	2272	233
652	2316	0	2316	288
653	2308	0	2308	288
654	2280	0	2280	288
655	2312	0	2312	292
656	2352	0	2352	288
657	2348	0	2348	289
658	2384	0	2384	290
659	2304	0	2304	292
660	2344	0	2344	295
661	2180	0	2180	284
662	2288	0	2288	290
663	2256	0	2256	292
664	2264	0	2264	293
665	2284	0	2284	292
666	2348	0	2348	291
667	2272	0	2272	291
668	2264	0	2264	292
669	2180	0	2180	291
670	2324	0	2324	291
671	2244	0	2244	289
672	2288	0	2288	290
673	2284	0	2284	289
674	2296	0	2296	289
675	2316	0	2316	290
676	2380	0	2380	290
677	2272	0	2272	290
678	2388	0	2388	288
679	2256	0	2256	288
680	2356	0	2356	291
681	2220	0	2220	288
682	2312	0	2312	291
683	2384	0	2384	290
684	2296	0	2296	292
685	2272	0	2272	293
686	2304	0	2304	290
687	2260	0	2260	289
688	2308	0	2308	290
689	2300	0	2300	287
690	2244	0	2244	291
691	2328	0	2328	292
692	2304	0	2304	287
693	2192	0	2192	292
694	2328	0	2328	289
695	2392	0	2392	290
696	2324	0	2324	289
697	2396	0	2396	290
698	2244	0	2244	289
699	2404	0	2404	292
700	2328	0	2328	289
701	2316	0	2316	288
702	2300	0	2300	288
703	2452	0	2452	292
704	2264	0	2264	292
705	2288	0	2288	291
706	2336	0	2336	287
707	2316	0	2316	293
708	2364	0	2364	292
709	2292	0	2292	292
710	2296	0	2296	290
711	2300	0	2300	284
712	2336	0	2336	291
713	2284	0	2284	292
714	2356	0	2356	289
715	2288	0	2288	291
716	2336	0	2336	292
717	2252	0	2252	293
718	2168	0	2168	293
719	2376	0	2376	295
720	2236	0	2236	286
721	2288	0	2288	288
722	2368	0	2368	286
723	2348	0	2348	289
724	2360	0	2360	291
725	2320	0	2320	296
726	2256	0	2256	288
727	2320	0	2320	289
728	2296	0	2296	287
729	2352	0	2352	291
730	2172	0	2172	291
731	2296	0	2296	288
732	2336	0	2336	288
733	2332	0	2332	288
734	2192	0	2192	291
735	2328	0	2328	291
736	2296	0	2296	290
737	2220	0	2220	289
738	2292	0	2292	292
739	2220	0	2220	288
740	2312	0	2312	291
741	2336	0	2336	288
742	2368	0	2368	288
743	2308	0	2308	293
744	2324	0	2324	291
745	2276	0	2276	290
746	2228	0	2228	290
747	2296	0	2296	289
748	2304	0	2304	292
749	2300	0	2300	292
750	2284	0	2284	288
751	2312	0	2312	291
752	2264	0	2264	288
753	2360	0	2360	291
754	2296	0	2296	290
755	2220	0	2220	276
756	2144	0	2144	248
757	1956	0	1956	224
758	1768	0	1768	191
759	1720	0	1720	160
760	1632	0	1632	131
761	1620	0	1620	105
762	1572	0	1572	85
763	1524	0	1524	90
764	1552	0	1552	89
765	1452	0	1452	97
766	1508	0	1508	96
767	1456	0	1456	100
768	1560	0	1560	99
769	1500	0	1500	110
770	1576	0	1576	106
771	1552	0	1552	112
772	1572	0	1572	113
773	1544	0	1544	115
774	1552	0	1552	123
775	1564	0	1564	123
776	1492	0	1492	126
777	1540	0	1540	129
778	1528	0	1528	132
779	1484	0	1484	131
780	1536	0	1536	137
781	1528	0	1528	145
782	1488	0	1488	140
783	1528	0	1528	141
784	1492	0	1492	146
785	1508	0	1508	152
786	1528	0	1528	149
787	1600	0	1600	153
788	1572	0	1572	153
789	1556	0	1556	158
790	1540	0	1540	163
791	1592	0	1592	157
792	1592	0	1592	169
793	1556	0	1556	166
794	1536	0	1536	172
795	1636	0	1636	174
796	1560	0	1560	170
797	1544	0	1544	183
798	1560	0	1560	176
799	1668	0	1668	188
800	1648	0	1648	184
801	1564	0	1564	186
802	1636	0	1636	187
803	1628	0	1628	196
804	1652	0	1652	193
805	1600	0	1600	198
806	1636	0	1636	199
807	1788	0	1788	205
808	1744	0	1744	208
809	1696	0	1696	208
810	1700	0	1700	213
811	1696	0	1696	208
812	1780	0	1780	211
813	1716	0	1716	214
814	1764	0	1764	220
815	1828	0	1828	224
816	1776	0	1776	228
817	1800	0	1800	222
818	1840	0	1840	229
819	1792	0	1792	234
820	1932	0	1932	233
821	1884	0	1884	239
822	1960	0	1960	242
823	1944	0	1944	244
824	2012	0	2012	248
825	2012	0	2012	249
826	2092	0	2092	248
827	2084	0	2084	250
828	2028	0	2028	251
829	2136	0	2136	260
830	2056	0	2056	263
831	2132	0	2132	267
832	2192	0	2192	265
833	2220	0	2220	267
834	2172	0	2172	271
835	2288	0	2288	273
836	2116	0	2116	271
837	2236	0	2236	284
838	2352	0	2352	284
839	2152	0	2152	285
840	2188	0	2188	291
841	2340	0	2340	289
842	2352	0	2352	289
843	2308	0	2308	299
844	2464	0	2464	300
845	2240	0	2240	302
846	2308	0	2308	302
847	2356	0	2356	301
848	2328	0	2328	308
849	2396	0	2396	313
850	2256	0	2256	313
851	2328	0	2328	312
852	2340	0	2340	320
853	2456	0	2456	323
854	2420	0	2420	324
855	2364	0	2364	326
856	2380	0	2380	328
857	2328	0	2328	330
858	2252	0	2252	329
859	2308	0	2308	337
860	2316	0	2316	333
861	2320	0	2320	343
862	2256	0	2256	348
863	2236	0	2236	346
864	2308	0	2308	345
865	2252	0	2252	355
866	2312	0	2312	356
867	2348	0	2348	360
868	2172	0	2172	356
869	2172	0	2172	356
870	2096	0	2096	364
871	2112	0	2112	365
872	2140	0	2140	372
873	2132	0	2132	375
874	2132	0	2132	374
875	2036	0	2036	379
876	2016	0	2016	379
877	2144	0	2144	380
878	2160	0	2160	380
879	2092	0	2092	387
880	2020	0	2020	388
881	2100	0	2100	388
882	2060	0	2060	394
883	1996	0	1996	391
884	1904	0	1904	390
885	2020	0	2020	396
886	1980	0	1980	399
887	1904	0	1904	406
888	1876	0	1876	410
889	1856	0	1856	407
890	1940	0	1940	415
891	1820	0	1820	419
892	1900	0	1900	416
893	1764	0	1764	429
894	1740	0	1740	426
895	1780	0	1780	427
896	1792	0	1792	425
897	1800	0	1800	430
898	1704	0	1704	438
899	1728	0	1728	435
900	1760	0	1760	439
901	1720	0	1720	440
902	1756	0	1756	446
903	1812	0	1812	449
904	1824	0	1824	449
905	1796	0	1796	447
906	1728	0	1728	453
907	1764	0	1764	450
908	1644	0	1644	461
909	1708	0	1708	461
910	1708	0	1708	463
911	1684	0	1684	460
912	1716	0	1716	466
913	1584	0	1584	468
914	1636	0	1636	476
915	1636	0	1636	472
916	1544	0	1544	476
917	1660	0	1660	479
918	1620	0	1620	485
919	1700	0	1700	488
920	1568	0	1568	483
921	1656	0	1656	454
922	1796	0	1796	421
923	1864	0	1864	396
924	1972	0	1972	370
925	2208	0	2208	345
926	2220	0	2220	312
927	2308	0	2308	284
928	2280	0	2280	250
929	2164	0	2164	225
930	1808	0	1808	198
931	1740	0	1740	167
932	1548	0	1548	142
933	1616	0	1616	110
934	1508	0	1508	87
935	1584	0	1584	93
936	1500	0	1500	95
937	1552	0	1552	91
938	1544	0	1544	105
939	1524	0	1524	105
940	1572	0	1572	104
941	1568	0	1568	104
942	1552	0	1552	110
943	1580	0	1580	106
944	1540	0	1540	116
945	1592	0	1592	117
946	1584	0	1584	117
947	1564	0	1564	120
948	1536	0	1536	120
949	1492	0	1492	126
950	1484	0	1484	127
951	1536	0	1536	131
952	1576	0	1576	132
953	1528	0	1528	138
954	1544	0	1544	139
955	1584	0	1584	145
956	1596	0	1596	140
957	1576	0	1576	148
958	1552	0	1552	146
959	1600	0	1600	148
960	1500	0	1500	152
961	1600	0	1600	159
962	1540	0	1540	162
963	1576	0	1576	164
964	1496	0	1496	162
965	1532	0	1532	169
966	1596	0	1596	165
967	1568	0	1568	170
968	1624	0	1624	180
969	1516	0	1516	181
970	1496	0	1496	181
971	1636	0	1636	181
972	1564	0	1564	193
973	1664	0	1664	187
974	1636	0	1636	194
975	1632	0	1632	193
976	1572	0	1572	192
977	1648	0	1648	200
978	1688	0	1688	203
979	1692	0	1692	202
980	1664	0	1664	205
981	1828	0	1828	204
982	1692	0	1692	210
983	1692	0	1692	215
984	1780	0	1780	210
985	1776	0	1776	215
986	1732	0	1732	217
987	1804	0	1804	217
988	1836	0	1836	220
989	1808	0	1808	225
990	1948	0	1948	230
991	1924	0	1924	232
992	1880	0	1880	236
993	1892	0	1892	231
994	1860	0	1860	242
995	1948	0	1948	238
996	1952	0	1952	245
997	1976	0	1976	247
998	2016	0	2016	254
999	1980	0	1980	253
1000	2096	0	2096	256
1001	2044	0	2044	259
1002	2040	0	2040	262
1003	1996	0	1996	269
1004	2072	0	2072	262
1005	2136	0	2136	263
1006	2152	0	2152	271
1007	2168	0	2168	275
1008	2232	0	2232	275
1009	2212	0	2212	282
1010	2360	0	2360	285
1011	2212	0	2212	284
1012	2324	0	2324	289
1013	2296	0	2296	286
1014	2312	0	2312	290
1015	2356	0	2356	293
1016	2440	0	2440	301
1017	2364	0	2364	297
1018	2372	0	2372	303
1019	2420	0	2420	305
1020	2324	0	2324	303
1021	2356	0	2356	307
1022	2336	0	2336	314
1023	2312	0	2312	310
1024	2352	0	2352	314
1025	2392	0	2392	316
1026	2292	0	2292	321
1027	2404	0	2404	327
1028	2256	0	2256	327
1029	2292	0	2292	330
1030	2364	0	2364	328
1031	2344	0	2344	332
1032	2248	0	2248	337
1033	2420	0	2420	338
1034	2284	0	2284	348
1035	2272	0	2272	343
1036	2248	0	2248	350
1037	2288	0	2288	344
1038	2276	0	2276	342
1039	2320	0	2320	356
1040	2348	0	2348	352
1041	2256	0	2256	362
1042	2232	0	2232	365
1043	2212	0	2212	363
1044	2104	0	2104	375
1045	2144	0	2144	368
1046	2072	0	2072	371
1047	2136	0	2136	376
1048	2096	0	2096	376
1049	2012	0	2012	380
1050	2116	0	2116	385
1051	2076	0	2076	382
1052	2092	0	2092	388
1053	2000	0	2000	392
1054	2024	0	2024	387
1055	2028	0	2028	396
1056	1976	0	1976	399
1057	1980	0	1980	403
1058	1992	0	1992	401
1059	1936	0	1936	403
1060	1904	0	1904	406
1061	1944	0	1944	411
1062	1920	0	1920	416
1063	1860	0	1860	416
1064	1924	0	1924	414
1065	1852	0	1852	419
1066	1776	0	1776	423
1067	1816	0	1816	423
1068	1796	0	1796	429
1069	1688	0	1688	435
1070	1816	0	1816	439
1071	1776	0	1776	433
1072	1756	0	1756	434
1073	1816	0	1816	441
1074	1780	0	1780	441
1075	1808	0	1808	440
1076	1748	0	1748	443
1077	1732	0	1732	454
1078	1780	0	1780	461
1079	1820	0	1820	457
1080	1744	0	1744	459
1081	1752	0	1752	458
1082	1772	0	1772	468
1083	1664	0	1664	471
1084	1752	0	1752	475
1085	1636	0	1636	472
1086	1672	0	1672	478
1087	1676	0	1676	472
1088	1728	0	1728	482
1089	1756	0	1756	479
1090	1676	0	1676	477
1091	1608	0	1608	481
1092	1676	0	1676	486
1093	1732	0	1732	459
1094	1752	0	1752	431
1095	1800	0	1800	403
1096	1976	0	1976	371
1097	2176	0	2176	348
1098	2292	0	2292	323
1099	2468	0	2468	295
1100	2328	0	2328	258
1101	2148	0	2148	234
1102	2008	0	2008	203
1103	1792	0	1792	169
1104	1632	0	1632	143
1105	1620	0	1620	107
1106	1552	0	1552	88
1107	1624	0	1624	92
1108	1604	0	1604	95
1109	1592	0	1592	99
1110	1592	0	1592	97
1111	1532	0	1532	106
1112	1632	0	1632	101
1113	1508	0	1508	102
1114	1556	0	1556	101
1115	1584	0	1584	113
1116	1532	0	1532	108
1117	1620	0	1620	120
1118	1552	0	1552	122
1119	1600	0	1600	120
1120	1524	0	1524	122
1121	1480	0	1480	124
1122	1524	0	1524	127
1123	1576	0	1576	128
1124	1536	0	1536	135
1125	1560	0	1560	130
1126	1572	0	1572	138
1127	1536	0	1536	143
1128	1564	0	1564	135
1129	1544	0	1544	143
1130	1500	0	1500	152
1131	1516	0	1516	159
1132	1540	0	1540	144
1133	1568	0	1568	156
1134	1468	0	1468	153
1135	1620	0	1620	157
1136	1536	0	1536	163
1137	1680	0	1680	173
1138	1568	0	1568	170
1139	1568	0	1568	169
1140	1524	0	1524	172
1141	1604	0	1604	180
1142	1612	0	1612	178
1143	1652	0	1652	180
1144	1556	0	1556	183
1145	1692	0	1692	185
1146	1564	0	1564	196
1147	1712	0	1712	193
1148	1712	0	1712	192
1149	1696	0	1696	202
1150	1716	0	1716	204
1151	1780	0	1780	203
1152	1720	0	1720	202
1153	1720	0	1720	206
1154	1700	0	1700	211
1155	1828	0	1828	209
1156	1812	0	1812	214
1157	1720	0	1720	219
1158	1820	0	1820	219
1159	1716	0	1716	223
1160	1800	0	1800	228
1161	1712	0	1712	232
1162	1956	0	1956	233
1163	1964	0	1964	230
1164	1960	0	1960	231
1165	1916	0	1916	239
1166	1996	0	1996	245
1167	1988	0	1988	245
1168	1916	0	1916	242
1169	1968	0	1968	248
1170	2024	0	2024	246
1171	2028	0	2028	254
1172	2008	0	2008	256
1173	2084	0	2084	255
1174	2164	0	2164	261
1175	2220	0	2220	261
1176	2248	0	2248	265
1177	2228	0	2228	264
1178	2156	0	2156	271
1179	2188	0	2188	275
1180	2328	0	2328	270
1181	2316	0	2316	274
1182	2240	0	2240	284
1183	2208	0	2208	287
1184	2308	0	2308	288
1185	2216	0	2216	287
1186	2320	0	2320	294
1187	2376	0	2376	287
1188	2372	0	2372	293
1189	2308	0	2308	293
1190	2260	0	2260	310
1191	2428	0	2428	302
1192	2352	0	2352	310
1193	2432	0	2432	314
1194	2416	0	2416	307
1195	2468	0	2468	311
1196	2444	0	2444	315
1197	2352	0	2352	316
1198	2336	0	2336	315
1199	2396	0	2396	322
1200	2232	0	2232	329
1201	2396	0	2396	331
1202	2408	0	2408	326
1203	2332	0	2332	333
1204	2372	0	2372	338
1205	2376	0	2376	347
1206	2284	0	2284	340
1207	2316	0	2316	343
1208	2332	0	2332	343
1209	2264	0	2264	347
1210	2204	0	2204	353
1211	2324	0	2324	357
1212	2276	0	2276	361
1213	2228	0	2228	367
1214	2056	0	2056	364
1215	2112	0	2112	369
1216	2156	0	2156	365
1217	2100	0	2100	371
1218	2108	0	2108	367
1219	2156	0	2156	372
1220	2064	0	2064	382
1221	2116	0	2116	381
1222	2200	0	2200	384
1223	1992	0	1992	389
1224	2004	0	2004	390
1225	2076	0	2076	385
1226	2024	0	2024	396
1227	2120	0	2120	397
1228	1964	0	1964	398
1229	2020	0	2020	398
1230	2048	0	2048	404
1231	1980	0	1980	404
1232	1984	0	1984	415
1233	1960	0	1960	410
1234	2016	0	2016	413
1235	1772	0	1772	414
1236	1844	0	1844	421
1237	1908	0	1908	412
1238	1876	0	1876	423
1239	1856	0	1856	432
1240	1892	0	1892	436
1241	1908	0	1908	432
1242	1936	0	1936	434
1243	1796	0	1796	427
1244	1832	0	1832	433
1245	1840	0	1840	438
1246	1788	0	1788	435
1247	1792	0	1792	454
1248	1800	0	1800	444
1249	1784	0	1784	447
1250	1856	0	1856	458
1251	1728	0	1728	451
1252	1768	0	1768	459
1253	1744	0	1744	454
1254	1784	0	1784	459
1255	1732	0	1732	471
1256	1776	0	1776	472
1257	1708	0	1708	465
1258	1740	0	1740	485
1259	1632	0	1632	476
1260	1652	0	1652	476
1261	1660	0	1660	473
1262	1644	0	1644	479
1263	1736	0	1736	480
1264	1668	0	1668	495
1265	1676	0	1676	472
1266	1744	0	1744	436
1267	1904	0	1904	398
1268	1932	0	1932	381
1269	2172	0	2172	350
1270	2412	0	2412	320
1271	2360	0	2360	293
1272	2352	0	2352	262
1273	2232	0	2232	241
1274	1932	0	1932	206
1275	1736	0	1736	180
1276	1588	0	1588	145
1277	1568	0	1568	124
1278	1584	0	1584	95
1279	1496	0	1496	88
1280	1532	0	1532	90
1281	1536	0	1536	94
1282	1584	0	1584	97
1283	1528	0	1528	102
1284	1488	0	1488	107
1285	1660	0	1660	101
1286	1524	0	1524	105
1287	1596	0	1596	111
1288	1608	0	1608	113
1289	1576	0	1576	105
1290	1584	0	1584	115
1291	1544	0	1544	118
1292	1524	0	1524	121
1293	1608	0	1608	123
1294	1540	0	1540	128
1295	1552	0	1552	131
1296	1592	0	1592	131
1297	1508	0	1508	134
1298	1544	0	1544	138
1299	1592	0	1592	140
1300	1616	0	1616	144
1301	1596	0	1596	146
1302	1616	0	1616	146
1303	1612	0	1612	149
1304	1564	0	1564	160
1305	1532	0	1532	153
1306	1588	0	1588	159
1307	1632	0	1632	162
1308	1564	0	1564	164
1309	1556	0	1556	163
1310	1580	0	1580	168
1311	1524	0	1524	169
1312	1624	0	1624	176
1313	1516	0	1516	177
1314	1660	0	1660	179
1315	1588	0	1588	178
1316	1640	0	1640	183
1317	1544	0	1544	188
1318	1680	0	1680	189
1319	1652	0	1652	189
1320	1660	0	1660	192
1321	1676	0	1676	200
1322	1700	0	1700	196
1323	1716	0	1716	205
1324	1668	0	1668	197
1325	1732	0	1732	209
1326	1740	0	1740	207
1327	1732	0	1732	211
1328	1712	0	1712	213
1329	1764	0	1764	216
1330	1784	0	1784	217
1331	1876	0	1876	217
1332	1816	0	1816	221
1333	1764	0	1764	225
1334	1880	0	1880	230
1335	1916	0	1916	234
1336	1956	0	1956	243
1337	1904	0	1904	241
1338	1936	0	1936	244
1339	1996	0	1996	247
1340	2040	0	2040	249
1341	2008	0	2008	243
1342	2072	0	2072	250
1343	2020	0	2020	253
1344	2088	0	2088	254
1345	2200	0	2200	261
1346	2104	0	2104	263
1347	2172	0	2172	265
1348	2248	0	2248	263
1349	2304	0	2304	261
1350	2300	0	2300	269
1351	2372	0	2372	274
1352	2300	0	2300	274
1353	2316	0	2316	281
1354	2236	0	2236	285
1355	2284	0	2284	279
1356	2252	0	2252	291
1357	2312	0	2312	284
1358	2288	0	2288	291
1359	2372	0	2372	297
1360	2288	0	2288	297
1361	2252	0	2252	298
1362	2332	0	2332	293
1363	2444	0	2444	301
1364	2400	0	2400	304
1365	2384	0	2384	313
1366	2328	0	2328	310
1367	2408	0	2408	317
1368	2332	0	2332	308
1369	2384	0	2384	315
1370	2408	0	2408	318
1371	2316	0	2316	317
1372	2336	0	2336	323
1373	2512	0	2512	328
1374	2368	0	2368	331
1375	2364	0	2364	335
1376	2372	0	2372	334
1377	2240	0	2240	335
1378	2288	0	2288	334
1379	2312	0	2312	348
1380	2344	0	2344	352
1381	2252	0	2252	347
1382	2312	0	2312	348
1383	2316	0	2316	339
1384	2304	0	2304	357
1385	2348	0	2348	355
1386	2156	0	2156	357
1387	2196	0	2196	363
1388	2220	0	2220	367
1389	2184	0	2184	372
1390	2140	0	2140	375
1391	2024	0	2024	375
1392	2240	0	2240	379
1393	2076	0	2076	385
1394	2144	0	2144	382
1395	2200	0	2200	390
1396	2080	0	2080	386
1397	2028	0	2028	389
1398	2136	0	2136	391
1399	2004	0	2004	388
1400	2028	0	2028	394
1401	1988	0	1988	399
1402	1996	0	1996	406
1403	1920	0	1920	406
1404	1916	0	1916	408
1405	1972	0	1972	414
1406	1956	0	1956	412
1407	1992	0	1992	417
1408	1968	0	1968	420
1409	2044	0	2044	419
1410	1920	0	1920	420
1411	1864	0	1864	422
1412	1888	0	1888	429
1413	1812	0	1812	431
1414	1856	0	1856	431
1415	1772	0	1772	437
1416	1824	0	1824	442
1417	1720	0	1720	441
1418	1852	0	1852	443
1419	1792	0	1792	444
1420	1728	0	1728	442
1421	1720	0	1720	448
1422	1820	0	1820	457
1423	1744	0	1744	451
1424	1660	0	1660	455
1425	1656	0	1656	462
1426	1628	0	1628	466
1427	1688	0	1688	462
1428	1696	0	1696	467
1429	1684	0	1684	474
1430	1740	0	1740	475
1431	1644	0	1644	475
1432	1664	0	1664	481
1433	1616	0	1616	473
1434	1656	0	1656	486
1435	1596	0	1596	486
1436	1628	0	1628	481
1437	1680	0	1680	472
1438	1712	0	1712	444
1439	1812	0	1812	409
1440	2004	0	2004	382
1441	2156	0	2156	352
1442	2300	0	2300	325
1443	2332	0	2332	300
1444	2348	0	2348	266
1445	2320	0	2320	239
1446	2016	0	2016	211
1447	1852	0	1852	179
1448	1640	0	1640	152
1449	1552	0	1552	127
1450	1580	0	1580	94
1451	1520	0	1520	92
1452	1560	0	1560	85
1453	1616	0	1616	98
1454	1604	0	1604	98
1455	1560	0	1560	101
1456	1604	0	1604	104
1457	1632	0	1632	105
1458	1628	0	1628	105
1459	1600	0	1600	109
1460	1616	0	1616	115
1461	1568	0	1568	113
1462	1568	0	1568	116
1463	1608	0	1608	118
1464	1560	0	1560	126
1465	1556	0	1556	125
1466	1560	0	1560	125
1467	1540	0	1540	125
1468	1552	0	1552	136
1469	1480	0	1480	135
1470	1592	0	1592	135
1471	1548	0	1548	149
1472	1524	0	1524	146
1473	1576	0	1576	143
1474	1616	0	1616	145
1475	1584	0	1584	154
1476	1560	0	1560	151
1477	1568	0	1568	150
1478	1552	0	1552	160
1479	1596	0	1596	168
1480	1600	0	1600	161
1481	1524	0	1524	166
1482	1560	0	1560	163
1483	1612	0	1612	168
1484	1620	0	1620	172
1485	1676	0	1676	178
1486	1652	0	1652	180
1487	1684	0	1684	185
1488	1660	0	1660	186
1489	1560	0	1560	181
1490	1612	0	1612	192
1491	1636	0	1636	188
1492	1672	0	1672	191
1493	1604	0	1604	193
1494	1736	0	1736	198
1495	1692	0	1692	199
1496	1696	0	1696	204
1497	1756	0	1756	206
1498	1720	0	1720	211
1499	1736	0	1736	210
1500	1796	0	1796	208
1501	1760	0	1760	217
1502	1824	0	1824	218
1503	1760	0	1760	217
1504	1808	0	1808	220
1505	1812	0	1812	227
1506	1880	0	1880	232
1507	1880	0	1880	235
1508	1884	0	1884	230
1509	1852	0	1852	235
1510	1996	0	1996	237
1511	1932	0	1932	244
1512	2036	0	2036	245
1513	2144	0	2144	244
1514	2088	0	2088	249
1515	2108	0	2108	255
1516	2148	0	2148	254
1517	2032	0	2032	256
1518	2188	0	2188	257
1519	2168	0	2168	260
1520	2236	0	2236	260
1521	2132	0	2132	266
1522	2244	0	2244	271
1523	2196	0	2196	273
1524	2268	0	2268	278
1525	2324	0	2324	281
1526	2336	0	2336	280
1527	2352	0	2352	287
1528	2300	0	2300	288
1529	2364	0	2364	289
1530	2292	0	2292	287
1531	2316	0	2316	286
1532	2300	0	2300	301
1533	2436	0	2436	292
1534	2304	0	2304	301
1535	2536	0	2536	298
1536	2464	0	2464	312
1537	2488	0	2488	311
1538	2368	0	2368	312
1539	2432	0	2432	312
1540	2396	0	2396	316
1541	2412	0	2412	318
1542	2412	0	2412	316
1543	2312	0	2312	332
1544	2416	0	2416	321
1545	2468	0	2468	334
1546	2296	0	2296	333
1547	2320	0	2320	336
1548	2296	0	2296	335
1549	2332	0	2332	338
1550	2284	0	2284	339
1551	2292	0	2292	340
1552	2328	0	2328	343
1553	2320	0	2320	346
1554	2236	0	2236	349
1555	2292	0	2292	349
1556	2388	0	2388	354
1557	2300	0	2300	356
1558	2136	0	2136	362
1559	2268	0	2268	360
1560	2192	0	2192	369
1561	2208	0	2208	373
1562	2200	0	2200	373
1563	2092	0	2092	370
1564	2184	0	2184	369
1565	2172	0	2172	381
1566	2236	0	2236	382
1567	2148	0	2148	384
1568	2088	0	2088	384
1569	2084	0	2084	391
1570	2064	0	2064	394
1571	1988	0	1988	394
1572	1980	0	1980	394
1573	1928	0	1928	398
1574	1904	0	1904	399
1575	1880	0	1880	400
1576	1896	0	1896	406
1577	1900	0	1900	406
1578	1844	0	1844	412
1579	1916	0	1916	415
1580	1984	0	1984	414
1581	1904	0	1904	418
1582	1872	0	1872	422
1583	1972	0	1972	423
1584	1836	0	1836	431
1585	1888	0	1888	433
1586	1816	0	1816	431
1587	1832	0	1832	439
1588	1760	0	1760	435
1589	1832	0	1832	439
1590	1740	0	1740	437
1591	1780	0	1780	441
1592	1704	0	1704	444
1593	1748	0	1748	455
1594	1768	0	1768	451
1595	1688	0	1688	452
1596	1680	0	1680	461
1597	1700	0	1700	457
1598	1764	0	1764	467
1599	1668	0	1668	459
1600	1724	0	1724	469
1601	1688	0	1688	468
1602	1708	0	1708	468
1603	1720	0	1720	480
1604	1660	0	1660	477
1605	1616	0	1616	483
1606	1716	0	1716	487
1607	1644	0	1644	485
1608	1628	0	1628	496
1609	1736	0	1736	479
1610	1768	0	1768	444
1611	1872	0	1872	419
1612	1952	0	1952	391
1613	2184	0	2184	360
1614	2368	0	2368	333
1615	2484	0	2484	296
1616	2476	0	2476	272
1617	2388	0	2388	245
1618	2044	0	2044	220
1619	1872	0	1872	188
1620	1700	0	1700	158
1621	1596	0	1596	130
1622	1512	0	1512	100
1623	1568	0	1568	87
1624	1596	0	1596	93
1625	1540	0	1540	95
1626	1552	0	1552	98
1627	1576	0	1576	97
1628	1636	0	1636	101
1629	1520	0	1520	105
1630	1592	0	1592	103
1631	1564	0	1564	105
1632	1552	0	1552	112
1633	1552	0	1552	113
1634	1588	0	1588	119
1635	1520	0	1520	113
1636	1516	0	1516	118
1637	1528	0	1528	126
1638	1556	0	1556	127
1639	1580	0	1580	131
1640	1488	0	1488	136
1641	1560	0	1560	133
1642	1520	0	1520	139
1643	1576	0	1576	138
1644	1500	0	1500	140
1645	1620	0	1620	144
1646	1468	0	1468	146
1647	1572	0	1572	147
1648	1520	0	1520	152
1649	1596	0	1596	150
1650	1628	0	1628	161
1651	1636	0	1636	155
1652	1588	0	1588	167
1653	1556	0	1556	164
1654	1612	0	1612	171
1655	1652	0	1652	173
1656	1552	0	1552	175
1657	1584	0	1584	177
1658	1712	0	1712	175
1659	1700	0	1700	180
1660	1668	0	1668	182
1661	1608	0	1608	187
1662	1640	0	1640	185
1663	1704	0	1704	188
1664	1636	0	1636	190
1665	1700	0	1700	193
1666	1724	0	1724	195
1667	1656	0	1656	205
1668	1756	0	1756	203
1669	1612	0	1612	206
1670	1768	0	1768	206
1671	1780	0	1780	208
1672	1888	0	1888	215
1673	1748	0	1748	211
1674	1708	0	1708	218
1675	1776	0	1776	222
1676	1820	0	1820	227
1677	1912	0	1912	219
1678	1848	0	1848	231
1679	1932	0	1932	224
1680	1884	0	1884	239
1681	1856	0	1856	238
1682	1912	0	1912	241
1683	1996	0	1996	240
1684	2020	0	2020	241
1685	2096	0	2096	243
1686	2148	0	2148	252
1687	2136	0	2136	248
1688	2108	0	2108	249
1689	2160	0	2160	260
1690	2156	0	2156	259
1691	2228	0	2228	257
1692	2164	0	2164	261
1693	2216	0	2216	265
1694	2224	0	2224	266
1695	2276	0	2276	273
1696	2204	0	2204	273
1697	2284	0	2284	273
1698	2320	0	2320	281
1699	2340	0	2340	280
1700	2300	0	2300	284
1701	2448	0	2448	287
1702	2452	0	2452	284
1703	2364	0	2364	291
1704	2336	0	2336	294
1705	2372	0	2372	300
1706	2392	0	2392	299
1707	2416	0	2416	298
1708	2412	0	2412	302
1709	2464	0	2464	312
1710	2404	0	2404	312
1711	2468	0	2468	308
1712	2408	0	2408	309
1713	2400	0	2400	315
1714	2476	0	2476	317
1715	2364	0	2364	320
1716	2392	0	2392	327
1717	2476	0	2476	321
1718	2440	0	2440	331
1719	2408	0	2408	334
1720	2292	0	2292	338
1721	2316	0	2316	340
1722	2304	0	2304	336
1723	2244	0	2244	347
1724	2316	0	2316	342
1725	2268	0	2268	344
1726	2232	0	2232	350
1727	2260	0	2260	351
1728	2296	0	2296	355
1729	2256	0	2256	357
1730	2300	0	2300	361
1731	2344	0	2344	362
1732	2356	0	2356	364
1733	2328	0	2328	368
1734	2344	0	2344	372
1735	2160	0	2160	375
1736	2148	0	2148	375
1737	2104	0	2104	380
1738	2224	0	2224	382
1739	2008	0	2008	381
1740	2028	0	2028	385
1741	2128	0	2128	386
1742	2040	0	2040	390
1743	2052	0	2052	391
1744	2088	0	2088	396
1745	2036	0	2036	397
1746	2100	0	2100	400
1747	1852	0	1852	397
1748	1900	0	1900	402
1749	1928	0	1928	406
1750	2004	0	2004	410
1751	1956	0	1956	414
1752	1948	0	1948	417
1753	1900	0	1900	416
1754	1828	0	1828	414
1755	1908	0	1908	420
1756	1940	0	1940	425
1757	1916	0	1916	433
1758	1776	0	1776	427
1759	1808	0	1808	438
1760	1752	0	1752	432
1761	1744	0	1744	438
1762	1780	0	1780	439
1763	1692	0	1692	444
1764	1844	0	1844	442
1765	1764	0	1764	448
1766	1732	0	1732	452
1767	1808	0	1808	457
1768	1732	0	1732	455
1769	1664	0	1664	459
1770	1620	0	1620	456
1771	1724	0	1724	463
1772	1680	0	1680	470
1773	1708	0	1708	467
1774	1640	0	1640	473
1775	1584	0	1584	473
1776	1712	0	1712	479
1777	1624	0	1624	479
1778	1644	0	1644	481
1779	1692	0	1692	485
1780	1668	0	1668	491
1781	1748	0	1748	479
1782	1744	0	1744	450
1783	1716	0	1716	425
1784	1868	0	1868	391
1785	2028	0	2028	362
1786	2292	0	2292	333
1787	2480	0	2480	307
1788	2456	0	2456	273
1789	2304	0	2304	245
1790	2056	0	2056	221
1791	1812	0	1812	191
1792	1632	0	1632	166
1793	1644	0	1644	135
1794	1584	0	1584	102
1795	1548	0	1548	92
1796	1572	0	1572	93
1797	1556	0	1556	93
1798	1564	0	1564	98
1799	1508	0	1508	99
1800	1612	0	1612	104
1801	1548	0	1548	102
1802	1532	0	1532	107
1803	1492	0	1492	104
1804	1480	0	1480	110
1805	1524	0	1524	117
1806	1560	0	1560	118
1807	1588	0	1588	117
1808	1496	0	1496	120
1809	1620	0	1620	122
1810	1504	0	1504	127
1811	1564	0	1564	131
1812	1592	0	1592	129
1813	1460	0	1460	139
1814	1504	0	1504	136
1815	1540	0	1540	139
1816	1612	0	1612	146
1817	1528	0	1528	148
1818	1520	0	1520	145
1819	1540	0	1540	148
1820	1508	0	1508	150
1821	1592	0	1592	153
1822	1572	0	1572	156
1823	1540	0	1540	155
1824	1568	0	1568	160
1825	1596	0	1596	164
1826	1604	0	1604	168
1827	1524	0	1524	172
1828	1604	0	1604	169
1829	1580	0	1580	174
1830	1568	0	1568	174
1831	1540	0	1540	180
1832	1536	0	1536	179
1833	1656	0	1656	186
1834	1672	0	1672	177
1835	1752	0	1752	187
1836	1708	0	1708	194
1837	1684	0	1684	197
1838	1616	0	1616	195
1839	1732	0	1732	200
1840	1700	0	1700	200
1841	1668	0	1668	204
1842	1744	0	1744	201
1843	1804	0	1804	213
1844	1736	0	1736	211
1845	1724	0	1724	216
1846	1828	0	1828	222
1847	1784	0	1784	220
1848	1856	0	1856	227
1849	1832	0	1832	222
1850	1868	0	1868	227
1851	1856	0	1856	234
1852	1992	0	1992	230
1853	2004	0	2004	236
1854	2016	0	2016	240
1855	2108	0	2108	241
1856	1956	0	1956	240
1857	2004	0	2004	247
1858	2028	0	2028	249
1859	1984	0	1984	256
1860	2108	0	2108	256
1861	2220	0	2220	255
1862	2200	0	2200	260
1863	2136	0	2136	259
1864	2196	0	2196	265
1865	2252	0	2252	266
1866	2288	0	2288	271
1867	2204	0	2204	273
1868	2276	0	2276	275
1869	2292	0	2292	273
1870	2352	0	2352	281
1871	2376	0	2376	282
1872	2356	0	2356	285
1873	2428	0	2428	289
1874	2376	0	2376	289
1875	2420	0	2420	292
1876	2292	0	2292	295
1877	2476	0	2476	296
1878	2536	0	2536	302
1879	2464	0	2464	306
1880	2484	0	2484	303
1881	2576	0	2576	306
1882	2508	0	2508	309
1883	2384	0	2384	310
1884	2444	0	2444	316
1885	2400	0	2400	318
1886	2532	0	2532	316
1887	2448	0	2448	322
1888	2388	0	2388	324
1889	2368	0	2368	326
1890	2380	0	2380	329
1891	2428	0	2428	330
1892	2568	0	2568	335
1893	2416	0	2416	336
1894	2384	0	2384	336
1895	2408	0	2408	338
1896	2296	0	2296	344
1897	2288	0	2288	345
1898	2408	0	2408	353
1899	2300	0	2300	352
1900	2272	0	2272	355
1901	2256	0	2256	357
1902	2176	0	2176	359
1903	2168	0	2168	362
1904	2244	0	2244	363
1905	2268	0	2268	367
1906	2192	0	2192	371
1907	2224	0	2224	371
1908	2208	0	2208	374
1909	2248	0	2248	380
1910	2112	0	2112	379
1911	2168	0	2168	383
1912	2132	0	2132	386
1913	2108	0	2108	386
1914	2080	0	2080	389
1915	2176	0	2176	391
1916	2116	0	2116	394
1917	1956	0	1956	396
1918	1964	0	1964	397
1919	2052	0	2052	403
1920	1884	0	1884	406
1921	1904	0	1904	406
1922	1968	0	1968	409
1923	1896	0	1896	412
1924	1996	0	1996	416
1925	1996	0	1996	418
1926	1936	0	1936	422
1927	1816	0	1816	424
1928	1904	0	1904	425
1929	1872	0	1872	428
1930	1740	0	1740	433
1931	1848	0	1848	436
1932	1816	0	1816	435
1933	1824	0	1824	436
1934	1724	0	1724	440
1935	1740	0	1740	445
1936	1704	0	1704	445
1937	1756	0	1756	447
1938	1684	0	1684	451
1939	1688	0	1688	448
1940	1656	0	1656	460
1941	1644	0	1644	461
1942	1720	0	1720	461
1943	1696	0	1696	464
1944	1736	0	1736	466
1945	1712	0	1712	470
1946	1676	0	1676	469
1947	1632	0	1632	473
1948	1744	0	1744	475
1949	1720	0	1720	478
1950	1656	0	1656	479
1951	1656	0	1656	483
1952	1596	0	1596	488
1953	1620	0	1620	481
1954	1756	0	1756	455
1955	1780	0	1780	428
1956	1836	0	1836	395
1957	2116	0	2116	366
1958	2204	0	2204	340
1959	2400	0	2400	312
1960	2380	0	2380	283
1961	2416	0	2416	251
1962	2176	0	2176	222
1963	1888	0	1888	197
1964	1724	0	1724	169
1965	1676	0	1676	139
1966	1560	0	1560	112
1967	1584	0	1584	88
1968	1580	0	1580	93
1969	1452	0	1452	90
1970	1572	0	1572	96
1971	1464	0	1464	97
1972	1488	0	1488	100
1973	1500	0	1500	104
1974	1504	0	1504	105
1975	1512	0	1512	108
1976	1504	0	1504	109
1977	1480	0	1480	113
1978	1540	0	1540	118
1979	0	0	0	0
1980	0	0	0	0
1981	0	0	0	0
1982	0	0	0	0
1983	0	0	0	0
1984	0	0	0	0
1985	0	0	0	0
1986	0	0	0	0
1987	0	0	0	0
1988	0	0	0	0
1989	0	0	0	0
1990	0	0	0	0
1991	0	0	0	0
1992	0	0	0	0
1993	0	0	0	0
1994	0	0	0	0
1995	0	0	0	0
1996	0	0	0	0
1997	0	0	0	0
1998	0	0	0	0
1999	0	0	0	0
2000	0	0	0	0
