1	3088	3118	0	256	246
2	3024	3054	0	256	241
3	2990	3012	0	255	229
4	3089	3122	0	255	230
5	3153	3074	0	247	235
6	3070	3099	0	248	251
7	3122	3097	0	242	241
8	3074	3025	0	251	247
9	3087	3050	0	250	245
10	2971	2975	0	250	232
11	3012	3064	0	246	236
12	3064	3084	0	248	240
13	2997	3153	0	253	239
14	3103	3081	0	244	237
15	3108	2993	0	237	232
16	3085	3035	0	228	241
17	3004	3066	0	231	236
18	2920	2952	0	232	230
19	3025	2914	0	229	235
20	3032	2994	0	229	236
21	3053	2921	0	241	242
22	3012	3002	0	235	241
23	3043	2985	0	231	225
24	3045	3026	0	231	234
25	3030	3059	0	229	229
26	3028	2962	0	228	227
27	3140	2874	0	219	228
28	3033	3047	0	217	225
29	3086	3047	0	214	233
30	2955	3035	0	216	237
31	2911	3023	0	220	226
32	3063	2996	0	227	230
33	3035	3055	0	224	248
34	2992	2993	0	227	234
35	3140	3058	0	233	222
36	3078	3042	0	225	234
37	3063	2987	0	235	229
38	2976	3062	0	238	249
39	3025	3003	0	242	227
40	3084	3061	0	241	235
41	3031	3195	0	250	239
42	3079	3074	0	255	244
43	3166	3013	0	242	239
44	3056	3044	0	248	252
45	3010	3148	0	248	237
46	3002	3057	0	239	241
47	3075	3017	0	241	240
48	2991	3129	0	241	239
49	3014	3022	0	245	240
50	3057	3091	0	257	240
51	3097	3134	0	257	243
52	3043	3073	0	256	242
53	3054	3016	0	247	243
54	3123	3121	0	241	219
55	3126	3028	0	248	244
56	3021	3100	0	248	245
57	3086	2999	0	251	239
58	2974	3057	0	250	240
59	3122	3024	0	245	238
60	3027	3044	0	241	241
61	2928	2947	0	249	232
62	3104	3183	0	249	247
63	3088	3065	0	249	258
64	3053	2940	0	252	252
65	3057	3016	0	256	240
66	3034	2998	0	254	229
67	2928	3128	0	246	220
68	3012	3007	0	242	233
69	3072	2858	0	238	241
70	3072	3030	0	247	238
71	3183	3058	0	243	249
72	3093	3048	0	248	253
73	3057	3080	0	255	242
74	3090	3033	0	256	237
75	2975	2987	0	251	234
76	3093	2991	0	262	234
77	3019	3139	0	252	239
78	2965	3061	0	254	235
79	2997	3033	0	252	248
80	3050	3065	0	256	257
81	3066	2995	0	251	254
82	2994	3088	0	248	245
83	3021	3087	0	243	240
84	2983	2958	0	244	233
85	3141	3036	0	243	223
86	3029	3089	0	242	240
87	3001	3018	0	241	239
88	2932	2957	0	240	232
89	2991	3009	0	254	252
90	3082	3034	0	251	245
91	3100	3053	0	253	237
92	2993	3076	0	251	251
93	2966	2959	0	247	244
94	3061	3063	0	251	237
95	2992	3070	0	245	245
96	3079	3168	0	245	241
97	3003	3120	0	242	241
98	3050	3071	0	243	244
99	3059	3041	0	249	234
100	2940	3016	0	240	242
101	2975	2964	0	234	237
102	3016	2981	0	234	246
103	3062	3147	0	228	249
104	3031	3042	0	231	238
105	3067	3038	0	238	240
106	2992	3102	0	242	244
107	3012	2903	0	244	244
108	3112	2985	0	241	238
109	3082	3048	0	239	243
110	3028	3077	0	243	241
111	3106	3141	0	240	232
112	3037	3072	0	240	237
113	3055	3043	0	237	234
114	3029	3044	0	238	243
115	3090	3101	0	242	250
116	3091	3125	0	240	245
117	3028	3094	0	232	243
118	3185	3032	0	227	237
119	3088	3094	0	244	243
120	3100	3084	0	247	243
121	3035	3032	0	240	239
122	3076	3094	0	244	244
123	3077	3057	0	248	244
124	3111	3094	0	250	236
125	3144	3102	0	258	248
126	3110	3053	0	253	244
127	3105	3009	0	246	242
128	3052	3070	0	247	250
129	3098	3016	0	248	244
130	3212	3153	0	257	236
131	3087	3182	0	249	231
132	3006	3165	0	252	255
133	3015	3191	0	252	245
134	3160	3035	0	249	240
135	3106	3073	0	253	230
136	3148	3129	0	251	248
137	3202	3122	0	257	247
138	3228	3262	0	261	253
139	3264	3194	0	254	254
140	3283	3358	0	250	230
141	3492	3363	0	248	243
142	3404	3563	0	244	240
143	3669	3636	0	249	233
144	3579	3548	0	249	243
145	3672	3499	0	249	241
146	3718	3607	0	251	234
147	3635	3611	0	251	240
148	3590	3696	0	250	250
149	3465	3575	0	251	244
150	3438	3600	0	248	234
151	3516	3517	0	244	231
152	3496	3384	0	244	237
153	3425	3397	0	245	228
154	3473	3383	0	251	251
155	3433	3446	0	255	234
156	3281	3429	0	248	242
157	3306	3229	0	250	243
158	3120	3202	0	251	248
159	3132	3124	0	246	240
160	3062	3090	0	249	241
161	3078	3160	0	243	237
162	3028	3027	0	241	249
163	3098	3039	0	245	232
164	3041	3031	0	251	250
165	3036	3018	0	234	250
166	3041	3103	0	239	245
167	3015	3063	0	241	237
168	3071	3003	0	237	247
169	3050	3055	0	246	238
170	2959	3069	0	241	241
171	2994	2978	0	234	237
172	3075	2964	0	234	242
173	2950	2960	0	231	238
174	2899	3124	0	237	247
175	3083	2931	0	239	235
176	2972	3126	0	238	236
177	2890	3004	0	234	236
178	3015	3041	0	243	246
179	3046	3050	0	249	236
180	3006	3095	0	240	239
181	2976	2970	0	244	245
182	3110	2948	0	245	250
183	3101	2991	0	247	247
184	3085	3182	0	251	252
185	3073	3120	0	239	247
186	3078	3016	0	246	234
187	2999	3083	0	250	240
188	3082	3072	0	249	232
189	3130	3092	0	252	237
190	3036	2910	0	248	238
191	2978	3147	0	262	243
192	2957	3078	0	260	243
193	3062	3034	0	240	238
194	2959	2999	0	246	232
195	3093	2948	0	246	247
196	3071	2975	0	243	243
197	3012	2998	0	243	246
198	3016	3018	0	242	245
199	3081	2905	0	241	250
200	2969	3040	0	238	242
201	2900	2894	0	254	249
202	3015	3017	0	250	241
203	2993	3021	0	249	245
204	3041	2982	0	237	241
205	3032	2923	0	241	246
206	2920	2974	0	245	252
207	3073	2877	0	244	251
208	3056	3024	0	235	243
209	2973	2789	0	235	236
210	3014	2947	0	236	239
211	3051	2923	0	229	241
212	3034	2999	0	235	227
213	2949	3025	0	242	232
214	2951	3002	0	245	246
215	2988	3030	0	247	238
216	3000	3006	0	248	236
217	3006	3080	0	258	243
218	2964	3043	0	248	237
219	3100	2981	0	257	247
220	3011	3042	0	247	241
221	3053	3072	0	250	250
222	3074	2987	0	248	244
223	3058	3057	0	248	245
224	2981	2971	0	253	248
225	3022	3050	0	250	246
226	2977	3125	0	250	230
227	3105	3017	0	252	250
228	2962	3007	0	255	237
229	3031	3070	0	256	255
230	3087	3032	0	249	232
231	2937	3088	0	249	248
232	3076	3120	0	244	232
233	2982	2978	0	244	248
234	2983	3032	0	244	223
235	2961	3041	0	246	242
236	3022	2999	0	247	242
237	2970	3013	0	233	241
238	2925	2943	0	238	247
239	3026	3078	0	239	239
240	2919	2993	0	238	237
241	3020	2948	0	238	242
242	2988	3001	0	240	238
243	2878	3006	0	246	235
244	2952	3026	0	246	247
245	2992	3062	0	246	242
246	2908	3003	0	240	240
247	2991	2862	0	241	233
248	3042	2990	0	241	251
249	3037	2923	0	247	251
250	2881	3021	0	241	235
251	2942	2885	0	235	232
252	2996	2947	0	244	232
253	2939	2986	0	243	245
254	2969	3076	0	249	258
255	2926	2983	0	253	251
256	3004	2963	0	239	240
257	2958	2967	0	236	256
258	2902	2948	0	236	252
259	2946	3042	0	242	252
260	2947	2971	0	238	228
261	2981	3030	0	243	252
262	3001	3040	0	241	230
263	2953	3029	0	246	251
264	3007	3014	0	243	236
265	2923	3042	0	239	247
266	3025	3022	0	244	233
267	3064	3011	0	248	249
268	2958	2918	0	252	239
269	2982	3043	0	251	237
270	3069	3011	0	238	267
271	3112	3042	0	235	240
272	3041	3003	0	236	242
273	2989	3056	0	245	223
274	2999	3026	0	243	239
275	3042	2977	0	248	244
276	3151	3146	0	247	246
277	2969	3005	0	248	241
278	2975	2964	0	247	236
279	3034	3032	0	246	249
280	2966	3073	0	245	253
281	3097	3085	0	245	233
282	2989	2999	0	248	243
283	3028	3054	0	239	247
284	2981	3168	0	238	231
285	3002	3157	0	240	252
286	2924	3054	0	243	243
287	3092	3068	0	243	252
288	3014	3127	0	242	239
289	3053	2961	0	241	237
290	3072	3052	0	241	236
291	3086	2992	0	241	235
292	3016	3053	0	232	233
293	3047	3075	0	240	241
294	3013	3136	0	253	248
295	2984	2995	0	243	243
296	3029	2999	0	238	266
297	3001	3006	0	240	252
298	3073	3066	0	240	239
299	3026	3029	0	245	243
300	3127	3084	0	250	250
301	3084	3044	0	243	245
302	3074	3155	0	244	230
303	3145	3196	0	245	235
304	3010	3171	0	238	240
305	3135	3208	0	239	233
306	3105	3123	0	243	242
307	3092	3011	0	243	231
308	3133	3048	0	238	234
309	3158	3114	0	241	244
310	3059	3051	0	238	235
311	3012	3158	0	242	247
312	3073	3057	0	241	244
313	3129	3186	0	248	248
314	2997	3041	0	249	238
315	3067	3093	0	253	234
316	3087	3128	0	254	234
317	3076	3079	0	257	231
318	3048	2989	0	253	244
319	3084	3104	0	249	235
320	3054	3003	0	254	227
321	3013	3047	0	254	254
322	3067	3164	0	254	243
323	2948	2997	0	254	245
324	3021	3119	0	258	247
325	3071	3080	0	250	244
326	3026	3046	0	258	237
327	3184	3178	0	258	226
328	3155	3125	0	261	238
329	3115	3167	0	254	249
330	3125	3096	0	254	256
331	3065	3222	0	250	234
332	3071	3042	0	245	241
333	3132	3015	0	247	250
334	3029	3153	0	246	238
335	3194	3128	0	248	238
336	3060	3058	0	250	243
337	3095	3112	0	242	242
338	3073	2956	0	244	237
339	3062	3107	0	252	231
340	3073	3078	0	252	239
341	3126	3096	0	255	252
342	3085	3036	0	256	242
343	3090	3127	0	259	230
344	3094	3138	0	254	244
345	3031	3120	0	258	245
346	3110	3146	0	256	235
347	3067	3042	0	253	243
348	3037	3123	0	253	227
349	3043	3062	0	251	231
350	3113	3127	0	248	238
351	3102	3205	0	251	246
352	3141	3139	0	246	231
353	3179	3138	0	244	247
354	3114	3159	0	249	242
355	3156	3099	0	243	232
356	3074	3101	0	241	244
357	3094	3158	0	230	246
358	3018	3134	0	235	249
359	3155	3146	0	238	242
360	3127	3088	0	245	250
361	3116	3133	0	245	236
362	3069	3201	0	237	249
363	3149	3145	0	236	248
364	3055	3138	0	242	234
365	3025	3174	0	239	245
366	3075	3150	0	234	237
367	3162	3018	0	235	253
368	3199	2998	0	245	228
369	3020	3004	0	243	242
370	3120	3072	0	244	239
371	3037	3042	0	236	247
372	3138	3122	0	236	250
373	3123	3113	0	241	231
374	3130	3101	0	239	249
375	3227	3154	0	242	240
376	3184	3150	0	239	248
377	3028	3130	0	236	239
378	3117	3054	0	242	241
379	3123	3155	0	254	243
380	3001	3082	0	243	240
381	3039	3109	0	239	230
382	3151	3040	0	235	241
383	3225	3167	0	239	241
384	3128	3199	0	231	254
385	3098	3094	0	238	245
386	3196	3128	0	242	234
387	3506	3419	0	237	244
388	3451	3580	0	233	258
389	3480	3535	0	241	238
390	3499	3480	0	234	229
391	3515	3443	0	232	245
392	3454	3364	0	232	249
393	3339	3337	0	238	241
394	3261	3139	0	238	230
395	3166	3235	0	245	237
396	3102	3102	0	245	243
397	3102	3109	0	261	238
398	3091	3057	0	255	238
399	3078	3094	0	266	243
400	3113	3106	0	254	242
401	3093	3073	0	251	237
402	3127	3164	0	257	238
403	3174	3119	0	258	234
404	3083	3102	0	251	240
405	3196	3190	0	238	246
406	3109	3115	0	238	242
407	3130	3126	0	239	256
408	3115	3079	0	244	239
409	3219	3179	0	244	240
410	3122	3132	0	247	238
411	3175	3025	0	255	235
412	3064	3099	0	262	246
413	3119	3220	0	254	237
414	3157	3202	0	249	245
415	3127	3236	0	254	261
416	3143	3210	0	252	248
417	3081	3057	0	240	238
418	3118	3122	0	257	244
419	3165	3021	0	258	246
420	3068	3194	0	252	239
421	3147	3112	0	253	247
422	3224	3117	0	253	242
423	3161	3179	0	247	232
424	3103	3143	0	243	240
425	3083	3202	0	249	256
426	3203	3146	0	254	254
427	3089	3135	0	254	243
428	3018	3105	0	256	251
429	3064	3149	0	256	247
430	3096	3223	0	255	232
431	3066	3080	0	241	235
432	3125	3168	0	251	244
433	3051	3162	0	246	236
434	3091	3101	0	239	231
435	3125	3128	0	248	238
436	3085	3214	0	256	246
437	3217	3139	0	260	241
438	3174	3036	0	261	244
439	3126	3141	0	256	235
440	3091	3143	0	251	246
441	3273	3048	0	246	233
442	3020	3146	0	257	235
443	3045	3109	0	257	247
444	2976	3064	0	255	251
445	3093	3204	0	253	237
446	3050	3166	0	251	252
447	3069	3198	0	251	233
448	3189	3104	0	250	240
449	3126	3124	0	244	243
450	3062	3219	0	248	248
451	3105	3130	0	261	245
452	3056	3114	0	258	243
453	3123	3218	0	255	247
454	3004	3133	0	244	241
455	3154	3125	0	249	235
456	3136	3100	0	250	233
457	3094	3024	0	239	239
458	3100	3170	0	240	233
459	3192	3129	0	242	242
460	3087	3085	0	248	242
461	3089	3072	0	248	245
462	3098	3125	0	250	238
463	3039	3181	0	257	235
464	3176	3165	0	248	243
465	3148	3170	0	247	240
466	3124	3118	0	244	259
467	3062	3086	0	239	250
468	3099	2956	0	237	249
469	3059	3017	0	239	232
470	3085	3067	0	244	253
471	3181	3070	0	246	234
472	3065	3101	0	256	249
473	3026	3152	0	253	239
474	3129	3073	0	246	238
475	2983	3149	0	246	238
476	3105	3019	0	243	252
477	3073	3061	0	245	222
478	3146	3087	0	240	235
479	3067	3108	0	244	248
480	3026	3213	0	241	247
481	3083	3026	0	247	234
482	3047	3010	0	240	244
483	3108	3079	0	237	251
484	3060	3000	0	236	243
485	2963	2982	0	239	239
486	3061	3075	0	247	241
487	3091	2942	0	250	245
488	3011	3032	0	252	245
489	3078	2991	0	246	257
490	3107	2958	0	254	232
491	3104	2967	0	241	242
492	3102	2996	0	238	243
493	3132	3023	0	240	233
494	3092	3036	0	245	246
495	3067	3104	0	243	245
496	3077	3141	0	241	248
497	3111	3029	0	235	232
498	3085	3038	0	239	238
499	3116	2986	0	241	248
500	3084	3150	0	246	240
501	3067	3012	0	249	248
502	3026	3099	0	250	237
503	3059	3065	0	253	237
504	3047	3019	0	252	257
505	3101	3015	0	255	245
506	3110	3101	0	253	244
507	2904	3012	0	249	235
508	3088	3042	0	243	237
509	3003	3080	0	240	240
510	3060	3033	0	242	235
511	3036	3057	0	247	234
512	3004	2995	0	239	241
513	2975	2892	0	240	245
514	3088	3099	0	244	233
515	2986	3064	0	242	230
516	3068	3007	0	241	223
517	3070	3140	0	241	224
518	3059	3021	0	245	242
519	3073	3048	0	243	231
520	3074	3176	0	249	246
521	3159	3063	0	255	251
522	3058	3011	0	255	243
523	3132	3012	0	255	246
524	3050	3019	0	247	245
525	3086	3020	0	247	231
526	2994	2968	0	248	232
527	2883	3009	0	246	225
528	3074	3110	0	231	246
529	3058	3105	0	234	242
530	3035	3023	0	230	227
531	3068	3112	0	231	228
532	3119	3017	0	230	231
533	3115	3112	0	230	237
534	3167	2997	0	223	252
535	3075	3058	0	233	244
536	3159	3049	0	240	254
537	3084	3155	0	241	244
538	3087	3030	0	237	240
539	3131	3054	0	243	255
540	3116	2976	0	230	257
541	3090	3029	0	238	239
542	3072	3096	0	244	246
543	3097	3178	0	244	247
544	2990	3106	0	228	244
545	3092	3044	0	233	226
546	3122	2976	0	247	243
547	3123	3157	0	247	248
548	3048	3213	0	246	244
549	3156	3101	0	243	241
550	3032	3002	0	248	245
551	3021	3023	0	252	240
552	3017	3046	0	255	234
553	3137	3060	0	252	234
554	2985	3109	0	247	254
555	3033	3068	0	256	239
556	3053	3121	0	251	233
557	3124	3094	0	247	238
558	3103	3066	0	257	230
559	3014	3095	0	263	248
560	3027	3208	0	257	243
561	3073	3068	0	252	239
562	3087	3123	0	263	229
563	3044	3103	0	261	241
564	3090	3116	0	254	250
565	3094	3044	0	254	238
566	3032	3049	0	242	236
567	3084	3000	0	248	244
568	3068	3066	0	248	238
569	3158	3065	0	248	245
570	3046	2981	0	243	244
571	3078	3034	0	241	222
572	3140	3117	0	246	227
573	3217	3049	0	248	222
574	3094	3212	0	253	235
575	3156	3031	0	234	225
576	3016	3038	0	229	224
577	3062	3000	0	228	228
578	3025	2968	0	227	233
579	3066	3087	0	229	240
580	2937	3042	0	241	243
581	3038	2996	0	227	227
582	3082	3025	0	227	236
583	3088	3002	0	227	237
584	3192	3088	0	229	230
585	3078	3116	0	236	239
586	3029	3087	0	244	238
587	3239	3085	0	236	229
588	3028	3014	0	232	230
589	3084	3063	0	232	244
590	3016	3133	0	236	223
591	2988	3003	0	226	237
592	3028	3079	0	225	235
593	3017	2979	0	224	239
594	3018	3065	0	223	241
595	3147	3133	0	224	244
596	3026	3061	0	238	234
597	2990	3090	0	240	235
598	3112	3062	0	247	242
599	3190	3066	0	245	237
600	3149	3182	0	243	232
601	3101	3117	0	238	237
602	3059	3022	0	235	229
603	3180	3158	0	234	227
604	3073	3096	0	234	238
605	3036	3068	0	246	237
606	3006	2987	0	240	243
607	3028	3143	0	243	241
608	3075	2992	0	239	251
609	3015	3044	0	240	235
610	3096	3103	0	247	243
611	3181	3106	0	255	228
612	3257	3079	0	249	224
613	3034	3130	0	247	240
614	3102	3012	0	249	231
615	3173	3129	0	244	232
616	3061	3139	0	246	220
617	3142	3158	0	239	229
618	3065	3016	0	238	235
619	3024	3111	0	242	236
620	2999	3037	0	245	250
621	3044	3139	0	250	251
622	3121	3037	0	256	235
623	3068	3155	0	256	235
624	3097	3043	0	249	245
625	3102	3156	0	255	231
626	3154	3181	0	251	248
627	3006	3149	0	248	234
628	3087	3004	0	253	239
629	2997	3055	0	246	241
630	3039	3068	0	250	236
631	3035	3116	0	251	231
632	3097	3090	0	244	246
633	3080	3175	0	242	241
634	3143	3020	0	243	238
635	3056	3086	0	251	238
636	3102	3051	0	245	239
637	3034	3073	0	248	251
638	3098	3032	0	253	237
639	3108	3111	0	251	238
640	3123	3162	0	250	240
641	3019	3152	0	249	240
642	3085	3036	0	251	249
643	3076	3083	0	253	245
644	3068	3023	0	251	247
645	3096	3058	0	248	241
646	3051	3101	0	261	241
647	3077	3051	0	253	242
648	2998	3011	0	260	243
649	3078	3072	0	259	248
650	3054	3064	0	254	253
651	3062	3176	0	246	237
652	3092	3130	0	248	235
653	3069	3084	0	246	243
654	3033	3127	0	240	245
655	3131	3029	0	241	257
656	3127	3051	0	242	235
657	3127	3079	0	244	229
658	3036	3122	0	255	233
659	3058	3104	0	258	241
660	3038	2935	0	257	239
661	2985	3005	0	251	236
662	3118	2957	0	254	229
663	3045	3064	0	252	247
664	3010	3054	0	243	243
665	2985	3048	0	244	239
666	3066	2994	0	246	243
667	3043	3089	0	251	241
668	3026	2993	0	250	249
669	3135	3054	0	248	245
670	3022	3030	0	249	257
671	3165	3089	0	251	236
672	3060	3016	0	250	244
673	3023	3021	0	248	240
674	3189	3055	0	248	237
675	3080	3076	0	246	238
676	3030	3016	0	248	246
677	3016	3044	0	248	231
678	3071	3112	0	244	244
679	3080	3025	0	245	237
680	3115	3104	0	245	253
681	3073	3075	0	247	244
682	3052	3030	0	250	231
683	2949	3019	0	247	230
684	3098	3089	0	244	247
685	3087	3114	0	235	250
686	3088	3062	0	244	230
687	3014	3002	0	238	257
688	2940	2997	0	233	256
689	3047	2984	0	236	241
690	3042	3039	0	242	233
691	3032	3099	0	242	246
692	3056	3139	0	243	260
693	3155	3105	0	244	250
694	3061	3151	0	238	240
695	3091	2979	0	231	241
696	2966	3116	0	245	244
697	3007	2973	0	246	234
698	3039	2937	0	242	242
699	2983	3062	0	247	247
700	2895	2941	0	247	220
701	3008	3043	0	243	239
702	3085	3001	0	247	252
703	3030	2974	0	258	241
704	3055	3090	0	259	244
705	3067	3053	0	252	234
706	3022	3048	0	251	260
707	2980	2985	0	240	237
708	3096	3059	0	245	254
709	3012	3034	0	246	236
710	2972	2912	0	243	245
711	2986	2981	0	246	244
712	2986	3007	0	247	235
713	2982	3059	0	252	239
714	3002	3045	0	244	241
715	2967	2984	0	241	234
716	2975	2954	0	234	233
717	3087	3061	0	238	240
718	2973	2979	0	243	238
719	3006	2968	0	245	233
720	2964	3020	0	246	240
721	3066	3103	0	245	235
722	3070	3007	0	238	244
723	2972	3026	0	240	243
724	2989	2972	0	250	244
725	3079	2967	0	250	238
726	2961	2969	0	244	224
727	3094	3013	0	238	220
728	3031	3034	0	227	233
729	3095	3018	0	226	242
730	3084	3119	0	232	244
731	3057	3082	0	241	230
732	2989	3035	0	243	240
733	3044	2963	0	242	230
734	2978	3054	0	246	241
735	3024	2926	0	245	240
736	3012	2938	0	242	248
737	3043	2931	0	235	236
738	2997	3030	0	243	237
739	2994	3044	0	245	236
740	3075	2999	0	248	236
741	3069	2998	0	245	249
742	3051	3080	0	241	226
743	3030	2966	0	240	233
744	3036	3025	0	254	235
745	2928	2978	0	246	229
746	2966	2966	0	238	237
747	3015	3028	0	241	244
748	2941	2909	0	242	242
749	3022	3044	0	245	240
750	3034	3011	0	238	239
751	3088	2959	0	242	235
752	3094	2892	0	238	243
753	2993	3115	0	236	232
754	2985	3034	0	236	231
755	3065	2926	0	228	229
756	3078	3042	0	225	229
757	2956	2930	0	233	228
758	3119	2946	0	242	227
759	3080	3025	0	242	241
760	3048	3091	0	241	227
761	3119	3008	0	244	231
762	2944	3014	0	243	225
763	3051	3086	0	235	228
764	3062	3114	0	228	221
765	3065	2966	0	235	237
766	3000	2902	0	245	230
767	3014	2931	0	240	228
768	3097	2960	0	230	229
769	3090	2978	0	233	238
770	3003	3005	0	238	229
771	3032	3059	0	245	235
772	3050	3164	0	246	233
773	3000	3078	0	239	239
774	2945	3020	0	237	210
775	3027	2953	0	221	206
776	3070	2963	0	216	206
777	3031	2956	0	218	212
778	3045	2866	0	225	205
779	3057	3010	0	232	247
780	2953	2962	0	235	234
781	3009	3022	0	229	242
782	3011	3090	0	233	223
783	2936	3078	0	236	233
784	3103	3023	0	246	230
785	2997	2983	0	243	218
786	3009	2942	0	245	236
787	3068	3024	0	248	224
788	3014	2954	0	248	229
789	3051	2972	0	249	231
790	3044	2988	0	245	232
791	2933	2985	0	254	216
792	3063	3141	0	259	243
793	3170	3074	0	247	213
794	3105	3025	0	246	218
795	3068	2903	0	237	214
796	3077	3131	0	234	218
797	2960	3092	0	225	213
798	3118	2972	0	214	213
799	3021	3107	0	215	202
800	2947	3050	0	205	221
801	3051	2976	0	201	206
802	3001	2987	0	204	212
803	2932	3015	0	199	222
804	2938	3064	0	198	220
805	2996	3053	0	202	201
806	3020	3038	0	204	217
807	3022	3059	0	208	202
808	3034	2992	0	202	215
809	3075	3017	0	203	205
810	3158	3101	0	208	211
811	3027	3022	0	205	210
812	3075	2995	0	200	209
813	2918	3015	0	200	202
814	3098	2994	0	198	193
815	2993	2956	0	210	213
816	3168	3035	0	223	222
817	3053	3067	0	223	207
818	3052	2923	0	220	213
819	3028	3000	0	215	197
820	3000	2938	0	211	196
821	2990	2976	0	207	191
822	2999	2979	0	202	196
823	2970	2992	0	196	199
824	3012	3050	0	192	188
825	2944	3145	0	199	198
826	3042	2996	0	202	198
827	3030	3019	0	191	200
828	3195	3064	0	196	186
829	3017	3025	0	203	191
830	2985	3053	0	208	187
831	2848	2967	0	213	199
832	2962	3167	0	221	194
833	3008	3045	0	219	193
834	2990	3086	0	216	203
835	3034	2876	0	215	194
836	2977	3076	0	212	204
837	2952	3030	0	197	198
838	3101	3141	0	197	199
839	3077	3020	0	200	196
840	3124	3028	0	201	203
841	3199	3036	0	196	209
842	3212	3106	0	197	198
843	2958	3059	0	206	203
844	3015	3043	0	190	206
845	3000	3025	0	193	204
846	2999	3057	0	196	202
847	3197	3089	0	201	193
848	3209	3045	0	203	203
849	3072	3055	0	212	194
850	3023	2908	0	204	200
851	3129	3013	0	205	210
852	3037	3113	0	207	184
853	3056	3174	0	207	179
854	3060	3071	0	213	190
855	3143	3122	0	206	190
856	3102	3077	0	209	176
857	2963	3044	0	205	195
858	3020	3039	0	201	197
859	3026	3004	0	196	191
860	3110	3008	0	191	197
861	3109	3102	0	181	187
862	3030	3180	0	184	188
863	3059	3088	0	191	186
864	3077	3011	0	187	195
865	3142	3039	0	191	192
866	3077	2990	0	187	182
867	3069	2985	0	200	180
868	3091	3033	0	204	201
869	3090	3175	0	200	193
870	3018	2960	0	196	187
871	3048	3016	0	188	197
872	3050	3037	0	188	191
873	3026	3044	0	190	199
874	3123	3021	0	194	205
875	3095	3062	0	197	180
876	3095	3152	0	212	191
877	3034	3118	0	205	186
878	3189	3044	0	200	197
879	3091	3046	0	196	194
880	2995	3019	0	199	189
881	3103	3026	0	196	190
882	3071	3071	0	196	194
883	3148	3093	0	200	188
884	3202	3037	0	182	192
885	3166	3019	0	196	186
886	2957	2965	0	195	194
887	3042	3060	0	195	201
888	3111	3166	0	194	210
889	3109	3129	0	188	190
890	3092	3095	0	194	180
891	3044	3096	0	183	195
892	3113	3089	0	177	192
893	3071	3009	0	191	188
894	3047	3061	0	185	173
895	2975	3162	0	187	185
896	3128	3062	0	188	175
897	3169	3111	0	187	198
898	3017	2961	0	188	202
899	3082	3124	0	184	199
900	3008	3045	0	187	191
901	3034	3060	0	186	187
902	2986	3103	0	185	182
903	3012	3062	0	185	190
904	3089	2931	0	184	199
905	3096	3053	0	189	201
906	3063	3003	0	185	198
907	3027	3038	0	194	192
908	3010	2961	0	200	204
909	3010	3106	0	204	201
910	3143	3288	0	206	199
911	3088	3089	0	206	194
912	2988	3049	0	202	202
913	2966	3068	0	193	191
914	3067	3039	0	195	190
915	3179	3076	0	197	200
916	3115	3124	0	193	185
917	3077	3057	0	194	187
918	2993	3087	0	198	206
919	3158	3111	0	205	202
920	3020	3035	0	207	194
921	3019	3020	0	208	203
922	3056	2973	0	213	201
923	3146	3137	0	217	207
924	3095	3066	0	217	199
925	2992	3031	0	209	180
926	3083	3013	0	210	192
927	3026	3037	0	208	184
928	2950	3055	0	208	192
929	3158	3224	0	204	193
930	3058	3082	0	199	182
931	3013	2999	0	204	181
932	3061	3025	0	178	197
933	3076	3122	0	177	195
934	3033	3080	0	186	194
935	3016	3108	0	194	183
936	3100	3090	0	197	191
937	3091	2996	0	201	191
938	3027	3090	0	193	185
939	3126	2994	0	190	189
940	3098	3161	0	191	189
941	3116	3074	0	197	180
942	3180	3124	0	204	177
943	3087	3059	0	196	190
944	3067	3166	0	195	184
945	3084	3006	0	197	196
946	3060	3042	0	194	190
947	3076	3081	0	195	195
948	3070	3014	0	199	198
949	3180	3146	0	200	180
950	3116	3083	0	197	187
951	3115	3079	0	202	190
952	3112	3109	0	207	193
953	3013	3128	0	206	194
954	3185	3175	0	209	207
955	3071	3128	0	199	204
956	3096	3028	0	199	199
957	3068	3078	0	203	182
958	3081	3031	0	197	184
959	3018	3026	0	198	181
960	3081	3031	0	199	185
961	3050	3020	0	201	188
962	2989	3084	0	209	211
963	3056	3111	0	216	200
964	3073	3088	0	214	197
965	3005	3060	0	213	199
966	3110	3066	0	215	218
967	3128	3054	0	211	197
968	3160	3085	0	210	207
969	3053	3118	0	212	199
970	3026	3008	0	199	201
971	3078	3099	0	193	206
972	3081	3034	0	206	203
973	3062	3142	0	207	197
974	3096	3120	0	207	190
975	3107	3130	0	198	187
976	3093	3109	0	197	184
977	3054	3018	0	201	190
978	3063	3109	0	200	193
979	3038	3025	0	190	189
980	3034	3099	0	190	198
981	3080	3055	0	187	193
982	3103	3072	0	213	176
983	3077	3146	0	205	194
984	3079	3118	0	198	195
985	3071	3124	0	195	179
986	3123	3013	0	185	190
987	3140	3086	0	181	190
988	3044	3080	0	177	191
989	3004	3114	0	176	189
990	3027	2994	0	175	195
991	3105	3073	0	176	189
992	3079	3033	0	177	187
993	3033	3057	0	186	186
994	3099	3046	0	185	182
995	3029	3012	0	192	182
996	3019	3042	0	193	196
997	3088	3075	0	189	203
998	3006	3176	0	190	197
999	3047	2995	0	198	197
1000	3082	3057	0	200	191
