1	3165	3110	0	159	167
2	3071	3254	0	170	162
3	3110	3073	0	178	174
4	3107	3021	0	179	167
5	3089	3137	0	178	179
6	3166	3065	0	167	164
7	3021	3159	0	167	164
8	3171	3212	0	168	169
9	3160	3173	0	169	169
10	3073	3028	0	160	164
11	3072	3132	0	160	173
12	3063	3050	0	160	175
13	3088	2995	0	171	183
14	3100	3034	0	173	163
15	3141	3203	0	179	171
16	3064	3155	0	180	177
17	3209	3099	0	180	177
18	3117	3074	0	171	167
19	3109	3026	0	173	169
20	3079	3101	0	171	171
21	3046	3021	0	172	163
22	3120	3144	0	161	173
23	3037	3062	0	165	160
24	3147	3024	0	169	166
25	3042	3086	0	170	169
26	3078	3064	0	167	171
27	2993	3098	0	172	166
28	2997	3083	0	174	184
29	3084	3144	0	172	160
30	3059	2979	0	171	161
31	3151	3074	0	164	163
32	3091	3032	0	166	172
33	3047	3049	0	169	163
34	3096	3146	0	173	164
35	2995	3042	0	182	163
36	3096	3061	0	182	172
37	3125	3064	0	179	162
38	3185	3104	0	178	180
39	3115	3170	0	178	176
40	3152	3107	0	175	170
41	3006	3100	0	173	168
42	3074	3055	0	171	170
43	3071	3082	0	174	180
44	3085	3100	0	174	174
45	3147	3120	0	181	174
46	3154	3193	0	170	156
47	3114	3154	0	161	163
48	3085	3049	0	162	155
49	3120	3023	0	162	151
50	3052	3093	0	167	163
51	2991	3063	0	168	162
52	3126	3156	0	161	159
53	3043	3120	0	165	167
54	3029	3136	0	172	167
55	3019	3211	0	175	175
56	3003	2976	0	173	166
57	3122	3023	0	170	171
58	3142	3106	0	164	158
59	3108	3025	0	161	163
60	3192	3122	0	164	154
61	3102	3093	0	170	167
62	3068	3084	0	171	158
63	3050	3007	0	160	154
64	3013	3059	0	151	156
65	3088	3090	0	156	155
66	3100	3051	0	160	174
67	3040	2953	0	162	172
68	3065	3066	0	167	171
69	3162	2993	0	169	172
70	3029	2957	0	168	164
71	3110	3093	0	161	154
72	3074	2934	0	157	151
73	3042	2978	0	160	159
74	3065	3141	0	163	154
75	3078	3049	0	168	161
76	3095	3141	0	158	160
77	3019	3252	0	162	177
78	3109	3071	0	166	159
79	3054	3019	0	167	165
80	2958	3015	0	176	165
81	3113	3038	0	185	171
82	3055	3180	0	181	176
83	3026	3048	0	180	178
84	3031	3077	0	181	160
85	2984	2987	0	177	174
86	2939	3049	0	180	180
87	3082	3082	0	179	167
88	3070	3187	0	180	166
89	3073	3069	0	180	165
90	3054	3024	0	168	161
91	3053	3033	0	163	173
92	3009	3083	0	177	170
93	3026	3013	0	176	170
94	3093	3070	0	183	168
95	2982	3023	0	174	172
96	3058	3037	0	171	180
97	3092	3043	0	170	176
98	2985	3044	0	169	168
99	3140	3030	0	171	181
100	3093	2984	0	174	158
101	3035	3056	0	172	175
102	3104	3128	0	176	157
103	3068	2975	0	179	167
104	3096	3068	0	172	167
105	2894	3096	0	171	167
106	3046	3042	0	159	182
107	3079	3070	0	162	172
108	3095	3232	0	170	170
109	3081	2978	0	175	177
110	2980	3082	0	182	173
111	2983	3073	0	179	176
112	2985	2999	0	178	166
113	3076	2957	0	179	157
114	3044	3027	0	179	169
115	3032	3067	0	172	174
116	3081	3138	0	181	162
117	3068	3118	0	193	170
118	3088	2943	0	186	155
119	3084	3048	0	178	171
120	2980	3058	0	174	175
121	2990	3072	0	173	173
122	3068	3007	0	174	166
123	3010	2950	0	179	175
124	3004	3085	0	180	170
125	3020	2981	0	182	172
126	3155	3105	0	183	162
127	3099	3087	0	173	172
128	2952	3076	0	176	172
129	3085	3044	0	163	177
130	3003	3068	0	175	161
131	2976	2953	0	177	169
132	2956	3080	0	172	163
133	3073	3022	0	168	167
134	2962	2992	0	174	168
135	3001	3084	0	171	172
136	3039	3050	0	171	173
137	3083	3157	0	169	165
138	2977	3132	0	167	165
139	2940	2984	0	176	164
140	2958	2991	0	175	164
141	3014	2970	0	169	174
142	3058	3056	0	173	183
143	3029	2926	0	168	173
144	2989	2983	0	169	172
145	3136	3050	0	163	174
146	3055	3095	0	166	183
147	3055	3030	0	164	163
148	3005	2956	0	171	179
149	2982	2880	0	172	169
150	2931	2898	0	169	175
151	3139	2920	0	170	170
152	3229	3077	0	170	184
153	2934	3090	0	167	168
154	3008	3042	0	170	166
155	3086	3012	0	170	174
156	2930	2970	0	170	173
157	3053	2898	0	171	179
158	3005	2908	0	170	171
159	3118	3044	0	171	159
160	3005	3089	0	171	156
161	3052	3094	0	175	175
162	3101	2992	0	178	162
163	3078	3044	0	176	173
164	3032	3053	0	176	175
165	3104	2986	0	179	162
166	3080	2968	0	176	169
167	2955	2902	0	171	166
168	3027	2948	0	172	171
169	2960	3004	0	173	176
170	2903	2992	0	173	171
171	3019	3078	0	172	179
172	3119	3007	0	173	166
173	3125	2946	0	175	179
174	2968	3019	0	176	180
175	3013	3003	0	171	160
176	2916	2861	0	160	166
177	2872	2876	0	169	167
178	2991	2985	0	182	167
179	2966	3066	0	182	176
180	2981	3004	0	179	169
181	3014	3065	0	184	180
182	2946	2959	0	174	170
183	2985	3026	0	176	169
184	2957	3019	0	180	175
185	2944	3003	0	183	175
186	2997	2899	0	178	166
187	3042	3109	0	180	172
188	3135	2939	0	187	166
189	3031	3029	0	177	186
190	3000	3040	0	174	163
191	2899	2941	0	178	169
192	2972	2996	0	178	178
193	3010	3015	0	177	166
194	3068	3033	0	177	173
195	3105	2978	0	169	165
196	2939	2962	0	174	166
197	2956	3022	0	176	176
198	2989	2987	0	173	157
199	2968	3091	0	174	166
200	3023	3059	0	169	173
201	2850	3070	0	168	180
202	3023	3022	0	175	170
203	3006	3129	0	176	171
204	3040	2943	0	170	180
205	2966	3045	0	180	165
206	3058	2894	0	178	174
207	2904	3111	0	181	179
208	2948	3015	0	179	171
209	2957	3100	0	177	171
210	2969	2957	0	176	166
211	2957	2935	0	185	175
212	2996	2995	0	188	172
213	2963	2837	0	180	175
214	2967	2985	0	181	176
215	2992	3076	0	181	172
216	3076	3001	0	183	175
217	2926	3076	0	179	163
218	3062	3031	0	176	167
219	3112	2946	0	173	171
220	2996	2961	0	177	174
221	2969	3080	0	172	165
222	3089	3053	0	173	166
223	3025	3062	0	177	168
224	2951	2976	0	176	170
225	2906	2957	0	175	169
226	2972	2989	0	172	151
227	3079	3014	0	180	172
228	2995	3016	0	186	175
229	3003	3037	0	184	184
230	3086	3035	0	182	170
231	3018	3022	0	182	166
232	2981	3003	0	183	177
233	3046	2944	0	180	169
234	3005	3021	0	174	174
235	2894	2990	0	178	168
236	3040	3019	0	173	172
237	3061	3061	0	167	164
238	3047	3021	0	168	167
239	3130	2988	0	172	181
240	2931	3020	0	174	170
241	2932	2957	0	181	170
242	3013	3019	0	179	166
243	3030	3080	0	181	175
244	2975	2986	0	177	175
245	3025	2942	0	184	164
246	2871	2932	0	183	179
247	2987	3011	0	189	168
248	3082	3015	0	183	175
249	3087	2964	0	181	174
250	2976	3032	0	189	184
251	3024	3063	0	171	175
252	3087	3075	0	174	159
253	2982	2962	0	176	177
254	3063	2993	0	175	177
255	3088	3000	0	179	162
256	3045	2975	0	174	176
257	2949	2994	0	179	172
258	2990	2958	0	177	188
259	3110	3058	0	180	171
260	2970	2938	0	182	181
261	3017	2995	0	179	178
262	3126	2932	0	172	173
263	3056	3030	0	173	175
264	3125	3114	0	169	169
265	3098	3111	0	166	183
266	2945	2966	0	176	176
267	3028	2911	0	179	175
268	3028	3016	0	184	182
269	2998	3032	0	188	181
270	3000	3015	0	177	180
271	2992	3025	0	167	189
272	3052	3067	0	170	179
273	2948	2960	0	165	184
274	2966	2900	0	171	175
275	2964	2949	0	172	181
276	3055	2933	0	170	186
277	2977	3130	0	169	188
278	3081	3027	0	175	188
279	3087	2966	0	181	180
280	2962	2992	0	182	179
281	2928	2988	0	179	184
282	2980	3083	0	172	198
283	3151	3070	0	172	178
284	2990	3040	0	173	181
285	2966	3056	0	172	178
286	3032	2903	0	175	183
287	3080	2897	0	179	179
288	3130	2996	0	185	179
289	3063	3049	0	182	160
290	3051	3064	0	182	173
291	3005	3132	0	193	181
292	3026	2996	0	194	189
293	3132	3040	0	191	177
294	3074	3015	0	192	173
295	2990	3096	0	189	177
296	3041	3080	0	181	188
297	3081	3032	0	180	180
298	3019	3030	0	179	183
299	3128	3113	0	184	182
300	3068	3044	0	179	176
301	3100	3103	0	172	180
302	3121	3169	0	173	177
303	2995	3132	0	176	172
304	2899	2863	0	190	187
305	3044	2967	0	191	178
306	2951	2982	0	187	183
307	3083	3048	0	189	172
308	3085	3044	0	183	190
309	2954	3061	0	184	178
310	2989	3014	0	183	181
311	2989	3003	0	187	175
312	3022	3045	0	189	188
313	3106	3094	0	185	180
314	3020	3150	0	194	175
315	3113	3119	0	194	176
316	3040	3164	0	190	178
317	2998	3161	0	192	186
318	2943	2951	0	191	185
319	3079	2998	0	189	183
320	2997	3023	0	185	197
321	2977	2986	0	187	190
322	3099	2991	0	190	192
323	2986	3087	0	190	188
324	3041	3007	0	188	186
325	2992	3053	0	193	192
326	3068	2952	0	194	189
327	3079	3039	0	193	183
328	3042	3049	0	204	189
329	3066	3004	0	198	197
330	3037	3032	0	197	187
331	3039	3062	0	192	188
332	2964	3034	0	185	184
333	3012	2905	0	184	188
334	3044	3022	0	182	183
335	2948	2995	0	176	190
336	3055	3059	0	181	188
337	3111	3107	0	178	185
338	3083	3043	0	183	185
339	2977	3066	0	187	203
340	3028	3032	0	191	191
341	3022	3064	0	190	210
342	3020	3002	0	188	185
343	3120	3036	0	190	192
344	3055	2994	0	192	183
345	3176	2977	0	193	181
346	3054	3068	0	183	184
347	3045	3038	0	188	197
348	3027	2951	0	191	196
349	3050	2977	0	188	184
350	2983	3013	0	193	185
351	3185	3101	0	194	187
352	3043	3210	0	193	190
353	3013	3045	0	190	197
354	3134	3060	0	187	190
355	3028	3109	0	195	183
356	3101	3084	0	190	204
357	2937	3058	0	192	191
358	3012	3153	0	198	198
359	3101	3131	0	196	197
360	3015	3081	0	203	188
361	3098	3117	0	203	186
362	3110	3090	0	185	192
363	3035	3101	0	183	173
364	2982	2999	0	190	188
365	3000	3010	0	196	195
366	3066	3037	0	195	193
367	3047	3094	0	194	192
368	3009	3022	0	191	177
369	3057	3075	0	190	176
370	3150	3056	0	187	180
371	3048	3029	0	191	176
372	3208	3155	0	198	192
373	3025	2949	0	192	197
374	3133	3057	0	196	194
375	3072	2980	0	205	188
376	3140	3037	0	200	172
377	3042	3036	0	196	176
378	3048	3047	0	201	181
379	3020	3153	0	200	170
380	3074	2950	0	207	192
381	3137	3122	0	206	187
382	3163	3120	0	200	186
383	3099	3058	0	205	182
384	3069	3128	0	197	181
385	3124	3132	0	190	185
386	3111	3092	0	191	189
387	3027	2974	0	196	189
388	3034	3027	0	195	169
389	3065	3085	0	196	179
390	3029	3073	0	192	168
391	3081	3147	0	192	175
392	3150	3141	0	195	187
393	3114	3080	0	182	174
394	3047	3037	0	177	177
395	3001	2992	0	176	191
396	2984	3114	0	183	188
397	3055	3125	0	188	174
398	3093	3091	0	199	186
399	3127	3116	0	198	185
400	3088	3033	0	194	183
401	2977	3114	0	194	181
402	3060	3080	0	187	178
403	3158	3004	0	193	183
404	3005	3068	0	191	172
405	3111	3083	0	186	190
406	3092	3093	0	189	174
407	3089	3114	0	189	181
408	3173	3168	0	195	181
409	3166	3133	0	184	178
410	3098	3148	0	186	172
411	3050	3004	0	180	184
412	3046	3092	0	176	169
413	3041	3092	0	183	192
414	3110	3162	0	191	174
415	3117	3052	0	189	184
416	3019	3133	0	187	181
417	3037	2990	0	183	169
418	3125	2991	0	187	188
419	3072	3033	0	194	184
420	3097	3058	0	194	182
421	3118	3055	0	187	179
422	3229	3282	0	183	177
423	3031	3090	0	181	172
424	3100	3092	0	186	169
425	3172	3131	0	189	173
426	3068	3076	0	177	181
427	3011	3145	0	165	176
428	3074	3085	0	157	174
429	3153	3114	0	165	185
430	2987	3055	0	169	173
431	2981	3011	0	161	178
432	3207	3190	0	162	166
433	3135	3022	0	170	174
434	3042	3050	0	171	169
435	3093	3065	0	173	179
436	3090	3035	0	178	176
437	3084	3056	0	179	180
438	3194	3025	0	182	179
439	3105	3058	0	180	167
440	3102	3120	0	187	170
441	3083	3139	0	184	175
442	3131	3139	0	184	163
443	3082	3137	0	178	167
444	3036	3124	0	182	158
445	3177	3039	0	185	179
446	3123	3098	0	175	180
447	3021	3120	0	170	181
448	3038	3183	0	168	169
449	3080	3145	0	163	173
450	3181	2953	0	160	169
451	3078	3087	0	160	150
452	3097	3070	0	166	162
453	3050	3128	0	157	169
454	2999	3071	0	156	164
455	3150	3075	0	162	158
456	3240	3148	0	168	163
457	3081	3057	0	178	169
458	3049	3131	0	176	153
459	3160	3139	0	178	158
460	3068	3170	0	184	163
461	3152	3174	0	192	177
462	3159	3056	0	177	181
463	3159	3126	0	173	176
464	3029	3110	0	170	158
465	3113	3144	0	173	172
466	3030	3010	0	173	172
467	3139	3133	0	184	172
468	3053	3069	0	194	170
469	3145	2996	0	184	181
470	3079	3005	0	185	161
471	3065	3145	0	185	166
472	3203	3090	0	196	171
473	3066	3084	0	190	172
474	2974	3144	0	190	170
475	3014	3149	0	178	167
476	3124	3090	0	172	175
477	3055	3034	0	172	167
478	3131	3063	0	174	175
479	3025	3098	0	171	170
480	2982	3144	0	178	156
481	3133	3138	0	180	164
482	3097	3120	0	161	173
483	3199	3144	0	166	167
484	3145	3122	0	161	166
485	3087	2990	0	168	185
486	3201	3054	0	172	167
487	3113	3082	0	172	173
488	3159	3085	0	185	182
489	3111	3098	0	183	168
490	3059	3132	0	181	166
491	3207	3184	0	177	161
492	3098	3223	0	177	171
493	3066	3139	0	180	180
494	3166	3017	0	180	161
495	2996	3035	0	189	175
496	3075	3129	0	181	167
497	3071	3133	0	178	174
498	3266	3139	0	173	168
499	3060	3239	0	176	174
500	3183	3114	0	171	182
501	3185	3148	0	174	170
502	3051	3127	0	175	170
503	3004	3091	0	172	180
504	3009	3147	0	166	165
505	3108	3100	0	164	173
506	3080	3158	0	158	157
507	3124	3081	0	160	175
508	3154	3098	0	173	162
509	3132	3065	0	174	163
510	3070	3038	0	181	177
511	3167	3075	0	180	185
512	3124	3176	0	181	165
513	3130	3044	0	182	166
514	3101	3032	0	177	175
515	3072	3009	0	177	189
516	3093	3108	0	180	164
517	3093	3058	0	180	188
518	3174	3120	0	179	166
519	3160	3133	0	185	167
520	3161	3000	0	177	169
521	3007	3090	0	171	167
522	3037	3052	0	171	168
523	3055	3027	0	175	172
524	3049	3070	0	179	168
525	3021	3008	0	173	171
526	3111	3133	0	174	172
527	3178	3228	0	171	164
528	3159	3183	0	165	157
529	3109	3141	0	172	169
530	3027	3071	0	172	170
531	3066	3052	0	176	167
532	3124	3079	0	178	180
533	2991	3013	0	178	172
534	3115	3174	0	175	185
535	3138	3020	0	173	187
536	3066	3105	0	171	167
537	3014	2997	0	175	173
538	3137	2971	0	170	171
539	3100	3014	0	164	170
540	3013	3023	0	165	165
541	3067	3086	0	168	173
542	2982	3098	0	172	163
543	3007	3014	0	169	167
544	3158	3027	0	168	173
545	3119	2989	0	166	170
546	3020	3103	0	170	166
547	3098	3188	0	178	172
548	3146	3122	0	185	171
549	3094	3060	0	175	177
550	3064	3102	0	172	170
551	3035	3086	0	175	170
552	3046	3037	0	170	180
553	2997	3061	0	168	174
554	3046	3020	0	173	182
555	3014	2989	0	173	172
556	3158	2923	0	171	158
557	3079	3073	0	171	166
558	3143	3098	0	171	167
559	3057	3014	0	170	173
560	3154	3136	0	179	169
561	3039	3222	0	179	159
562	2972	3084	0	171	160
563	3177	3039	0	175	170
564	3175	3085	0	190	189
565	3109	3074	0	188	190
566	3064	3146	0	181	191
567	3065	3056	0	178	170
568	3010	3125	0	172	173
569	3115	3124	0	170	178
570	3042	3158	0	168	164
571	3119	3020	0	177	189
572	3208	3023	0	176	180
573	2994	3038	0	178	182
574	3112	3007	0	184	174
575	3152	2987	0	189	171
576	3048	3039	0	189	185
577	3159	3104	0	178	170
578	3117	3165	0	173	167
579	3152	3126	0	179	178
580	3145	3087	0	173	179
581	3128	3066	0	181	177
582	3176	3057	0	180	181
583	3125	3143	0	184	187
584	3140	3037	0	174	180
585	3039	3072	0	178	170
586	3158	3092	0	183	175
587	3075	3145	0	180	173
588	3011	3027	0	170	178
589	3066	2972	0	175	182
590	3034	3129	0	177	184
591	3043	3133	0	175	167
592	3044	3228	0	176	176
593	3033	3153	0	179	167
594	3056	3146	0	182	176
595	3176	3174	0	177	188
596	3161	3128	0	179	186
597	3057	3065	0	183	183
598	3095	3187	0	182	174
599	3073	3072	0	185	175
600	3065	3085	0	175	172
601	3082	3122	0	187	171
602	3020	3059	0	192	178
603	3154	3038	0	189	180
604	3022	3107	0	189	181
605	3220	3190	0	185	183
606	3129	3139	0	178	183
607	3203	3082	0	180	188
608	2974	3142	0	184	195
609	3091	3104	0	183	181
610	3083	3089	0	190	176
611	3034	3098	0	185	178
612	3050	3131	0	201	192
613	3177	3135	0	201	217
614	3204	3115	0	197	194
615	3072	3267	0	198	184
616	3224	3075	0	190	184
617	3065	3034	0	181	179
618	3110	3130	0	202	176
619	3060	3058	0	203	182
620	3100	3111	0	198	185
621	3118	3075	0	188	193
622	3056	3072	0	191	189
623	3010	3018	0	195	190
624	3153	3092	0	189	191
625	3079	3028	0	191	184
626	3105	3067	0	193	187
627	3155	3124	0	195	193
628	3202	3109	0	193	185
629	3050	3096	0	190	192
630	3152	3247	0	189	187
631	3228	3098	0	183	179
632	3198	3064	0	183	189
633	3137	3094	0	181	193
634	3151	3040	0	194	192
635	3107	3175	0	195	189
636	3093	3024	0	197	204
637	3029	3057	0	197	192
638	3121	3125	0	197	191
639	3078	3088	0	199	191
640	3036	3145	0	190	173
641	3107	3146	0	189	195
642	3187	3069	0	194	169
643	3145	3179	0	190	181
644	3138	3177	0	201	200
645	3218	3189	0	196	195
646	3286	3297	0	191	190
647	3238	3284	0	183	200
648	3278	3301	0	178	182
649	3325	3295	0	175	173
650	3494	3396	0	188	193
651	3398	3404	0	184	185
652	3466	3481	0	187	182
653	3623	3536	0	194	193
654	3658	3671	0	187	180
655	3666	3543	0	181	186
656	3714	3698	0	185	188
657	3706	3798	0	188	181
658	3689	3691	0	191	177
659	3474	3629	0	191	183
660	3569	3530	0	193	188
661	3682	3679	0	190	181
662	3578	3489	0	186	192
663	3492	3545	0	183	159
664	3561	3553	0	185	169
665	3621	3514	0	193	182
666	3651	3612	0	192	198
667	3496	3441	0	196	173
668	3384	3308	0	190	183
669	3339	3224	0	183	187
670	3268	3288	0	176	181
671	3291	3226	0	180	182
672	3272	3163	0	189	189
673	3272	3259	0	200	179
674	3121	3215	0	203	177
675	3248	3198	0	197	181
676	3176	3245	0	189	182
677	3369	3252	0	193	175
678	3244	3229	0	180	175
679	3201	3296	0	185	189
680	3169	3097	0	183	191
681	3158	3167	0	181	185
682	3186	3121	0	184	196
683	3168	3261	0	187	178
684	3143	3038	0	181	175
685	3146	3124	0	174	192
686	3168	3108	0	184	190
687	3119	3245	0	200	172
688	3168	3287	0	205	178
689	3089	3137	0	200	193
690	3200	3196	0	196	176
691	3118	3178	0	194	186
692	3135	3079	0	191	186
693	3008	3137	0	192	177
694	3000	3104	0	194	181
695	3089	3125	0	191	176
696	3100	3011	0	190	194
697	3168	2999	0	200	180
698	3221	3119	0	195	182
699	3124	3055	0	192	174
700	3223	3115	0	182	175
701	3106	3144	0	182	179
702	3185	3052	0	183	172
703	3095	3068	0	185	191
704	3121	3201	0	183	171
705	3140	3097	0	183	157
706	3170	3143	0	182	176
707	3046	3099	0	184	165
708	3023	3142	0	183	163
709	3055	3075	0	183	159
710	3151	3158	0	184	165
711	3049	3109	0	183	164
712	3036	3010	0	181	171
713	3162	3005	0	176	172
714	3180	3077	0	167	171
715	3116	3003	0	180	175
716	3165	3116	0	176	183
717	3196	3164	0	179	175
718	3098	3092	0	178	184
719	3134	3102	0	180	182
720	3043	3098	0	175	177
721	3147	3124	0	173	181
722	3020	3010	0	171	170
723	3077	3059	0	174	160
724	3147	3141	0	179	169
725	3099	3058	0	182	159
726	3088	3200	0	173	168
727	3037	3138	0	178	173
728	3046	3167	0	162	170
729	3087	3143	0	176	176
730	3133	3139	0	174	185
731	3074	3096	0	174	174
732	3159	3132	0	172	161
733	3142	3146	0	175	172
734	3191	3156	0	183	176
735	3186	3099	0	181	182
736	2939	3098	0	175	189
737	3068	3061	0	175	179
738	3092	3095	0	171	174
739	3066	3088	0	169	164
740	3133	3176	0	175	174
741	3043	3128	0	165	179
742	3112	3178	0	171	194
743	3093	3119	0	173	176
744	3170	3236	0	166	175
745	3167	3159	0	169	191
746	3080	3164	0	171	181
747	3174	3143	0	173	186
748	3136	3120	0	181	181
749	3119	3118	0	183	181
750	3085	3156	0	179	169
751	3225	3136	0	178	175
752	3193	3207	0	185	179
753	3136	3257	0	176	174
754	3188	3139	0	169	182
755	3045	3097	0	172	185
756	3096	3153	0	176	185
757	3208	3127	0	190	179
758	3142	3102	0	187	185
759	3152	3254	0	182	173
760	3085	3238	0	181	192
761	3118	3136	0	189	181
762	3080	3060	0	183	185
763	3095	3175	0	165	174
764	3107	3087	0	162	184
765	3062	3161	0	166	167
766	3035	3200	0	169	179
767	3151	3071	0	174	173
768	3084	3044	0	175	177
769	3119	3239	0	178	172
770	3136	3187	0	174	186
771	3023	3062	0	181	180
772	3138	3151	0	187	188
773	3129	3108	0	180	182
774	3199	3123	0	173	173
775	3138	3171	0	178	175
776	3138	3206	0	180	177
777	3061	3086	0	185	192
778	3075	3095	0	185	181
779	3146	3170	0	188	171
780	3140	3213	0	182	180
781	3155	3094	0	181	179
782	3168	3152	0	197	173
783	3065	3093	0	191	181
784	3201	3117	0	182	174
785	3150	3141	0	178	175
786	3196	3126	0	181	176
787	3211	3112	0	185	175
788	3165	3135	0	186	177
789	2995	3094	0	188	195
790	3075	3163	0	192	186
791	3082	3193	0	196	180
792	3005	3065	0	197	183
793	3151	3047	0	187	179
794	3023	3194	0	182	160
795	3221	3187	0	185	191
796	3134	3052	0	178	184
797	3115	3179	0	182	184
798	3112	3131	0	199	181
799	3050	3019	0	182	180
800	3044	3065	0	181	190
801	3140	3148	0	179	175
802	3132	3170	0	181	197
803	3084	3095	0	192	197
804	3140	3083	0	197	184
805	3050	3139	0	193	176
806	3083	3051	0	184	178
807	3092	3076	0	184	168
808	2959	3062	0	188	178
809	3122	3142	0	197	165
810	3205	3056	0	190	189
811	3109	3123	0	185	174
812	3141	3165	0	182	180
813	3175	3113	0	183	176
814	3183	3177	0	185	177
815	3067	3213	0	184	179
816	3126	3133	0	190	187
817	3096	3220	0	190	191
818	3211	3185	0	187	181
819	3158	3166	0	185	178
820	3075	3131	0	197	173
821	3096	3062	0	191	176
822	3101	3147	0	180	181
823	3133	3244	0	169	177
824	3127	3160	0	173	180
825	3187	3186	0	180	176
826	3180	3092	0	182	175
827	3099	3080	0	181	171
828	3118	3088	0	176	171
829	3113	3149	0	177	173
830	3152	3126	0	173	172
831	3156	3073	0	176	174
832	3163	3116	0	178	180
833	3129	3119	0	185	173
834	3011	3041	0	185	189
835	3065	3117	0	187	182
836	2909	3055	0	188	185
837	3090	3114	0	181	185
838	3152	3024	0	180	177
839	3101	3107	0	177	172
840	3173	3008	0	174	161
841	3033	3102	0	172	159
842	3156	3158	0	170	175
843	3143	3035	0	169	164
844	3052	3101	0	175	176
845	2976	2967	0	183	169
846	3048	3188	0	185	156
847	3187	3193	0	174	175
848	3200	2997	0	172	167
849	3099	3115	0	179	184
850	3068	3080	0	181	161
851	3052	3052	0	187	170
852	3103	3031	0	195	176
853	2940	3026	0	190	185
854	3109	3156	0	189	184
855	3074	3078	0	190	173
856	3046	3072	0	190	178
857	3046	3087	0	188	167
858	3016	3016	0	199	183
859	2980	3139	0	196	183
860	3180	3072	0	197	179
861	3119	3127	0	195	171
862	3052	3118	0	194	180
863	3093	3041	0	184	193
864	3103	3085	0	187	179
865	3052	2999	0	185	180
866	2978	3185	0	185	177
867	3058	3084	0	189	172
868	3021	3104	0	185	182
869	3170	3178	0	189	179
870	3101	3048	0	195	178
871	3153	3043	0	195	183
872	3121	3087	0	185	169
873	3165	3139	0	177	177
874	3076	3172	0	184	163
875	3035	3162	0	167	172
876	3031	3116	0	177	172
877	3133	3032	0	187	179
878	3134	3151	0	183	198
879	3104	3047	0	185	171
880	3003	3181	0	183	169
881	3145	3012	0	188	174
882	3055	3117	0	192	154
883	3076	3115	0	189	172
884	3141	3025	0	189	191
885	3148	3158	0	190	177
886	3420	3460	0	184	191
887	3474	3489	0	174	173
888	3425	3357	0	177	184
889	3362	3266	0	179	175
890	3314	3258	0	177	185
891	3238	3345	0	178	181
892	3177	3350	0	189	185
893	3152	3191	0	196	182
894	3169	3105	0	187	185
895	3147	3058	0	181	183
896	3056	2998	0	183	178
897	3126	3093	0	190	173
898	3173	3158	0	198	183
899	3130	3072	0	194	183
900	3125	3200	0	189	174
901	3167	3041	0	186	180
902	3064	3032	0	188	192
903	3074	2964	0	199	183
904	3048	3008	0	195	177
905	3168	2954	0	186	184
906	3123	3071	0	181	176
907	3001	3053	0	182	168
908	3136	3184	0	190	181
909	3071	3018	0	184	176
910	3118	3139	0	184	182
911	3090	3054	0	187	171
912	3080	3079	0	191	190
913	3074	3059	0	189	169
914	3152	3104	0	182	184
915	3132	3107	0	185	175
916	3049	3107	0	184	181
917	3035	3134	0	187	195
918	3043	2999	0	182	198
919	3057	3064	0	187	172
920	3147	2996	0	183	179
921	3097	2998	0	176	186
922	3045	3022	0	173	182
923	3055	3051	0	171	194
924	3114	3037	0	177	185
925	3092	3030	0	189	191
926	3085	3083	0	194	194
927	3040	3067	0	194	197
928	3025	3024	0	197	187
929	3132	2999	0	199	191
930	3165	2953	0	198	189
931	3114	3060	0	200	193
932	3059	3042	0	199	196
933	3000	3059	0	196	173
934	3056	3018	0	193	177
935	3097	3061	0	189	174
936	2985	3058	0	188	179
937	2976	2909	0	186	174
938	3062	2935	0	185	186
939	3053	3148	0	185	187
940	3068	3151	0	186	175
941	3045	3026	0	190	189
942	3153	3114	0	193	185
943	3055	3070	0	187	175
944	3058	2984	0	181	183
945	3069	3031	0	181	175
946	3069	3135	0	178	185
947	3038	3048	0	180	174
948	3129	3005	0	182	179
949	3100	3121	0	187	182
950	3038	3033	0	200	166
951	2930	3012	0	194	171
952	2959	3071	0	192	185
953	3046	2982	0	187	180
954	3133	3045	0	184	161
955	3118	3150	0	189	176
956	3028	2918	0	195	178
957	3074	3068	0	176	182
958	2947	2997	0	178	190
959	2992	3053	0	184	175
960	3008	3035	0	188	176
961	3105	3114	0	187	186
962	2989	3018	0	185	173
963	2998	3062	0	187	179
964	2937	2983	0	186	179
965	2970	3061	0	189	174
966	3112	2981	0	177	180
967	3060	3089	0	181	177
968	2950	3038	0	183	182
969	3101	3121	0	187	173
970	3220	3043	0	192	180
971	2964	2986	0	183	178
972	2896	3051	0	205	183
973	2968	3045	0	201	177
974	2997	2968	0	195	170
975	3124	3070	0	186	196
976	3119	3169	0	187	171
977	3115	3132	0	190	177
978	3014	3069	0	197	176
979	3045	3125	0	184	178
980	3059	3071	0	185	185
981	3007	2943	0	189	180
982	3056	2962	0	190	172
983	3076	2968	0	202	180
984	3121	3182	0	207	195
985	3055	2990	0	196	171
986	3011	3174	0	189	176
987	3125	3055	0	188	171
988	3107	2970	0	192	173
989	3041	2991	0	184	179
990	2996	3070	0	191	190
991	3123	3067	0	183	191
992	3113	3073	0	183	180
993	3094	2995	0	180	189
994	3093	3050	0	180	173
995	2962	3003	0	176	171
996	2963	3048	0	170	174
997	2891	3103	0	168	169
998	2992	3070	0	171	172
999	3025	2887	0	172	172
1000	3089	3032	0	170	161
