1	3162	3185	0	169	171
2	3366	3227	0	162	166
3	3223	3181	0	170	160
4	3271	3267	0	171	165
5	3194	3130	0	168	171
6	3314	3245	0	165	177
7	3220	3163	0	171	178
8	3240	3144	0	178	159
9	3155	3150	0	184	174
10	3227	3190	0	182	154
11	3154	3232	0	177	172
12	3167	3269	0	175	170
13	3082	3157	0	187	165
14	3223	3157	0	182	169
15	3270	3177	0	189	177
16	3203	3196	0	183	183
17	3146	3130	0	179	173
18	3138	3303	0	180	180
19	3264	3213	0	181	169
20	3104	3202	0	174	167
21	3174	3223	0	172	166
22	3186	3195	0	192	178
23	3266	3180	0	192	175
24	3143	3199	0	193	166
25	3047	3180	0	189	171
26	3338	3173	0	183	172
27	3149	3169	0	179	176
28	3173	3180	0	178	174
29	3164	3173	0	176	175
30	3234	3244	0	182	181
31	3220	3168	0	186	181
32	3233	3144	0	178	167
33	3166	3143	0	179	169
34	3258	3169	0	178	163
35	3217	3093	0	174	169
36	3235	3134	0	173	166
37	3122	3162	0	176	157
38	3248	3192	0	175	171
39	3161	3192	0	156	173
40	3159	3193	0	163	168
41	3100	3223	0	172	169
42	3209	3248	0	173	169
43	3264	3142	0	183	165
44	3232	3319	0	185	160
45	3148	3195	0	183	173
46	3178	3187	0	186	163
47	3086	3114	0	188	182
48	3196	3176	0	182	158
49	3134	3221	0	188	172
50	3179	3099	0	192	176
51	3175	3257	0	192	174
52	3044	3245	0	184	162
53	3164	3203	0	175	170
54	3116	3129	0	171	178
55	3155	3081	0	180	187
56	3163	3243	0	183	181
57	3148	3175	0	175	174
58	3207	3157	0	173	186
59	3162	3227	0	174	173
60	3132	3198	0	182	173
61	3070	3086	0	182	173
62	3174	3169	0	186	166
63	3275	3229	0	181	164
64	3212	3071	0	178	172
65	3072	3271	0	176	156
66	3115	3070	0	178	183
67	3189	3214	0	179	164
68	3225	3107	0	180	176
69	3176	3288	0	178	162
70	3167	3166	0	179	156
71	3250	3111	0	175	170
72	3155	3187	0	178	155
73	3241	3185	0	190	166
74	3184	3146	0	190	187
75	3143	3178	0	186	168
76	3166	3294	0	183	163
77	3115	3100	0	180	167
78	3027	3221	0	174	160
79	3096	3197	0	174	179
80	3138	3197	0	170	170
81	3102	3213	0	169	173
82	3060	3045	0	172	161
83	3081	3132	0	174	178
84	3161	3239	0	173	174
85	3111	3202	0	176	169
86	3053	3149	0	172	169
87	3210	3021	0	162	178
88	3220	3157	0	165	170
89	3165	3106	0	176	153
90	3120	3059	0	173	167
91	3108	3103	0	169	174
92	3140	3216	0	167	161
93	3068	2984	0	160	169
94	3109	3134	0	168	168
95	3177	3079	0	173	162
96	3172	3075	0	171	170
97	3085	3108	0	168	159
98	3147	3227	0	169	168
99	3217	3085	0	169	170
100	3077	3190	0	161	167
101	3179	3139	0	167	181
102	3063	3244	0	163	166
103	3119	3116	0	177	170
104	3061	3129	0	175	176
105	3154	3112	0	174	163
106	3122	3089	0	172	171
107	3235	3038	0	170	172
108	3132	3156	0	168	168
109	3178	3083	0	173	170
110	3100	3169	0	172	178
111	3083	3137	0	170	175
112	3132	3164	0	165	174
113	3184	3042	0	173	186
114	3168	3126	0	173	172
115	3148	3122	0	174	185
116	3193	3060	0	176	163
117	3165	3048	0	167	158
118	3148	3228	0	165	174
119	3221	3119	0	164	168
120	3193	3181	0	167	189
121	3235	3126	0	164	168
122	3228	3185	0	166	162
123	3089	3195	0	162	160
124	3131	3133	0	165	176
125	3196	3198	0	170	173
126	3169	3162	0	173	174
127	3107	3086	0	173	177
128	3195	3222	0	180	167
129	3131	3258	0	182	174
130	3108	3084	0	175	177
131	3077	3170	0	164	169
132	3293	3137	0	161	165
133	3210	3255	0	162	163
134	3167	3298	0	167	185
135	3229	3191	0	175	167
136	3247	3092	0	174	173
137	3179	3200	0	172	170
138	3207	3130	0	173	177
139	3179	3112	0	179	186
140	3140	3190	0	177	177
141	3168	3082	0	161	162
142	3195	3316	0	174	169
143	3165	3153	0	176	189
144	3170	3172	0	177	172
145	3104	3160	0	177	166
146	3141	3185	0	175	165
147	3181	3214	0	175	173
148	3165	3209	0	172	172
149	3195	3124	0	177	179
150	3065	3244	0	166	180
151	3188	3240	0	160	172
152	3063	3047	0	165	165
153	3156	3212	0	165	167
154	3199	3210	0	169	158
155	3227	3305	0	176	162
156	3197	3201	0	181	171
157	3171	3107	0	182	168
158	3229	3241	0	169	163
159	3161	3240	0	162	178
160	3152	3198	0	158	176
161	3254	3178	0	161	163
162	3172	3198	0	169	167
163	3246	3157	0	170	169
164	3236	3195	0	172	175
165	3113	3291	0	175	163
166	3230	3255	0	180	160
167	3292	3154	0	181	181
168	3268	3212	0	178	175
169	3163	3345	0	177	176
170	3242	3182	0	173	174
171	3312	3297	0	174	182
172	3224	3330	0	176	184
173	3407	3319	0	177	177
174	3268	3322	0	179	196
175	3327	3352	0	175	175
176	3453	3414	0	175	169
177	3389	3454	0	174	173
178	3429	3376	0	166	170
179	3653	3536	0	176	165
180	3735	3544	0	185	172
181	3505	3541	0	182	186
182	3714	3569	0	182	186
183	3792	3584	0	181	187
184	3613	3738	0	185	181
185	3524	3685	0	185	186
186	3670	3642	0	184	169
187	3688	3611	0	183	178
188	3608	3564	0	177	162
189	3528	3524	0	177	165
190	3514	3572	0	186	177
191	3438	3501	0	180	181
192	3598	3603	0	171	177
193	3405	3475	0	179	179
194	3387	3498	0	178	177
195	3293	3425	0	187	175
196	3312	3365	0	184	174
197	3242	3308	0	187	184
198	3230	3278	0	186	184
199	3283	3319	0	186	172
200	3189	3214	0	187	169
201	3083	3248	0	183	180
202	3289	3197	0	185	169
203	3127	3227	0	179	179
204	3148	3104	0	186	185
205	3204	3212	0	196	188
206	3225	3269	0	190	191
207	3217	3351	0	191	176
208	3257	3235	0	199	172
209	3244	3162	0	195	176
210	3211	3152	0	187	180
211	3199	3167	0	200	173
212	3155	3273	0	199	185
213	3198	3108	0	197	175
214	3183	3211	0	195	176
215	3179	3189	0	188	188
216	3117	3162	0	198	179
217	3080	3161	0	204	179
218	3261	3151	0	201	179
219	3316	3112	0	195	188
220	3183	3121	0	186	198
221	3102	3210	0	183	181
222	3059	3136	0	178	171
223	3082	3248	0	186	177
224	3132	3177	0	184	190
225	3224	3148	0	182	184
226	3096	3071	0	187	173
227	3147	3127	0	186	186
228	3145	3139	0	187	173
229	3195	3236	0	194	184
230	3168	3107	0	195	174
231	3176	3269	0	186	169
232	3274	3175	0	189	179
233	3207	3217	0	186	190
234	3174	3169	0	192	177
235	3086	3161	0	188	185
236	3188	3193	0	194	178
237	3208	3107	0	191	175
238	3176	3096	0	189	180
239	3139	3225	0	189	183
240	3172	3133	0	187	183
241	3174	3152	0	187	187
242	3148	3213	0	184	175
243	3095	3198	0	196	166
244	3151	3100	0	192	192
245	3159	3306	0	198	186
246	3121	3104	0	198	178
247	3202	3079	0	195	184
248	3232	3068	0	199	174
249	3244	3150	0	193	184
250	3097	3147	0	191	182
251	3109	3185	0	196	167
252	3127	3188	0	187	181
253	3129	3206	0	187	188
254	3300	3228	0	188	174
255	3291	3250	0	182	185
256	3210	3234	0	185	181
257	3254	3109	0	194	191
258	3160	3230	0	192	172
259	3175	3271	0	177	172
260	3200	3199	0	179	175
261	3164	3171	0	176	185
262	3103	3197	0	176	181
263	3145	3060	0	184	184
264	3134	3200	0	188	179
265	3214	3107	0	185	171
266	3305	3088	0	181	176
267	3192	3217	0	173	183
268	3239	3236	0	176	187
269	3151	3118	0	175	178
270	3139	3119	0	180	185
271	3192	3147	0	174	179
272	3219	3234	0	187	176
273	3170	3057	0	183	169
274	3129	3037	0	175	177
275	3117	3050	0	185	186
276	3205	3069	0	188	173
277	3139	3159	0	189	176
278	3154	3119	0	192	175
279	3110	3056	0	188	175
280	3182	3227	0	184	197
281	3168	3233	0	184	173
282	3179	3226	0	180	192
283	3040	3208	0	173	180
284	3154	3142	0	180	176
285	3227	3062	0	181	187
286	3143	3202	0	178	179
287	3097	3147	0	188	180
288	3237	3142	0	189	179
289	3221	3211	0	192	162
290	3142	3176	0	181	160
291	3244	3158	0	192	162
292	3103	3086	0	192	164
293	3125	3139	0	187	178
294	3170	3243	0	185	192
295	3042	3130	0	188	167
296	3192	3118	0	191	182
297	3141	3183	0	186	174
298	3103	3157	0	190	172
299	3183	3144	0	183	158
300	3105	3091	0	184	166
301	2981	3113	0	178	178
302	3162	3315	0	184	166
303	3219	3068	0	185	170
304	3130	3212	0	184	171
305	3028	3182	0	176	187
306	3062	3180	0	180	170
307	3155	3196	0	186	174
308	3175	3193	0	187	176
309	3212	3272	0	184	172
310	3232	3136	0	178	164
311	3169	3143	0	182	159
312	3248	3129	0	184	175
313	3310	3106	0	181	180
314	3177	3144	0	182	171
315	3250	3251	0	180	183
316	3169	3163	0	176	178
317	3204	3258	0	175	177
318	3272	3159	0	176	174
319	3220	3291	0	180	181
320	3096	3294	0	185	176
321	3116	3201	0	183	185
322	3244	3241	0	187	173
323	3177	3168	0	188	183
324	3135	3191	0	187	161
325	3263	3188	0	192	184
326	3226	3245	0	211	184
327	3242	3241	0	200	185
328	3240	3222	0	188	170
329	3123	3272	0	190	186
330	3169	3178	0	189	183
331	3190	3129	0	190	181
332	3051	3243	0	189	176
333	3105	3161	0	191	168
334	3254	3159	0	184	174
335	3170	3211	0	186	179
336	3250	3079	0	184	178
337	3222	3160	0	183	177
338	3179	3170	0	187	188
339	3131	3247	0	188	170
340	3185	3175	0	189	187
341	3213	3211	0	191	183
342	3081	3110	0	192	183
343	3219	3183	0	190	175
344	3250	3102	0	191	177
345	3042	3138	0	190	181
346	3108	3055	0	177	163
347	3171	3152	0	171	167
348	3254	3119	0	172	167
349	3275	3145	0	178	172
350	3276	3149	0	173	181
351	3179	3219	0	179	167
352	3209	3154	0	184	173
353	3177	3192	0	179	167
354	3134	3209	0	192	189
355	3240	3358	0	194	180
356	3244	3244	0	195	178
357	3265	3271	0	197	181
358	3237	3284	0	198	191
359	3219	3269	0	175	187
360	3102	3280	0	177	165
361	3122	3269	0	185	174
362	3222	3254	0	189	182
363	3282	3195	0	188	176
364	3271	3294	0	188	185
365	3187	3216	0	185	168
366	3149	3102	0	193	178
367	3105	3148	0	188	182
368	3229	3079	0	187	189
369	3215	3135	0	189	174
370	3108	3068	0	192	189
371	3254	3297	0	186	189
372	3101	3155	0	189	185
373	3235	3117	0	190	188
374	3165	3263	0	191	183
375	3143	3197	0	192	184
376	3142	3234	0	202	164
377	3097	3161	0	202	165
378	3056	3288	0	197	186
379	3180	3162	0	199	172
380	3202	3181	0	190	183
381	3257	3309	0	185	174
382	3294	3101	0	196	178
383	3269	3225	0	199	178
384	3201	3133	0	209	172
385	3319	3153	0	198	171
386	3228	3152	0	190	187
387	3114	3319	0	190	182
388	3111	3199	0	190	169
389	3079	3096	0	190	183
390	3120	3223	0	196	185
391	3207	3227	0	196	183
392	3210	3189	0	190	182
393	3256	3220	0	184	179
394	3163	3126	0	174	197
395	3111	3195	0	181	177
396	3188	3240	0	188	178
397	3248	3289	0	189	175
398	3317	3143	0	195	172
399	3075	3185	0	194	190
400	3199	3237	0	190	188
401	3272	3212	0	195	176
402	3174	3151	0	195	185
403	3168	3128	0	194	174
404	3116	3170	0	190	169
405	3371	3398	0	188	185
406	3495	3456	0	185	178
407	3483	3492	0	187	177
408	3349	3428	0	191	184
409	3356	3415	0	190	182
410	3388	3382	0	186	179
411	3322	3257	0	189	181
412	3297	3356	0	187	183
413	3289	3274	0	185	177
414	3180	3269	0	187	170
415	3256	3176	0	205	195
416	3197	3166	0	200	184
417	3226	3103	0	191	187
418	3215	3263	0	190	193
419	3199	3177	0	190	190
420	3272	3234	0	193	170
421	3152	3252	0	193	187
422	3255	3176	0	189	187
423	3159	2991	0	190	179
424	3185	3161	0	183	195
425	3190	3187	0	184	183
426	3251	3120	0	189	189
427	3153	3156	0	188	173
428	3144	3107	0	182	179
429	3233	3108	0	177	167
430	3183	3182	0	178	180
431	3138	3097	0	182	168
432	3250	3220	0	188	185
433	3240	3227	0	175	193
434	3200	3344	0	178	192
435	3127	3141	0	184	186
436	3237	3255	0	176	179
437	3224	3164	0	183	180
438	3213	3239	0	189	190
439	3263	3233	0	181	177
440	3116	3185	0	172	181
441	3185	3373	0	171	161
442	3198	3248	0	172	170
443	3240	3208	0	180	194
444	3162	3153	0	177	168
445	3149	3216	0	171	167
446	3194	3179	0	165	161
447	3312	3169	0	152	180
448	3283	3242	0	158	195
449	3149	3305	0	179	187
450	3298	3151	0	181	178
451	3188	3204	0	188	175
452	3167	3132	0	164	160
453	3289	3286	0	169	173
454	3181	3205	0	168	194
455	3157	3221	0	182	168
456	3233	3177	0	182	170
457	3315	3215	0	180	168
458	3178	3257	0	174	170
459	3127	3094	0	182	171
460	3176	3175	0	182	157
461	3144	3200	0	172	180
462	3231	3244	0	165	172
463	3246	3171	0	169	176
464	3185	3166	0	172	186
465	3155	3185	0	180	177
466	3161	3202	0	183	183
467	3195	3148	0	200	166
468	3068	3113	0	192	181
469	3168	3159	0	188	182
470	3191	3165	0	195	185
471	3181	3140	0	187	181
472	3209	3131	0	180	182
473	3203	3074	0	183	183
474	3241	3211	0	183	187
475	3101	3171	0	181	197
476	3151	3195	0	177	178
477	3234	3254	0	177	185
478	3157	3167	0	180	196
479	3234	3084	0	186	190
480	3157	3044	0	185	185
481	3085	3179	0	185	174
482	3113	3112	0	187	175
483	3118	3227	0	183	179
484	3174	3055	0	179	165
485	3176	3173	0	187	174
486	3157	3218	0	179	185
487	3207	3212	0	183	181
488	3091	3161	0	183	176
489	3073	3114	0	188	188
490	3202	3112	0	190	181
491	3143	3240	0	190	176
492	3206	3099	0	190	186
493	3217	3238	0	185	187
494	3141	3166	0	183	189
495	3187	3115	0	187	178
496	3157	3118	0	195	183
497	3223	3144	0	207	181
498	3169	3173	0	200	189
499	3214	3193	0	194	184
500	3151	3082	0	191	179
501	3165	3195	0	190	187
502	3117	3160	0	189	185
503	3066	3089	0	189	183
504	3141	3165	0	191	184
505	3201	3163	0	187	156
506	3229	3092	0	184	164
507	3277	3235	0	175	173
508	3224	3211	0	184	175
509	3203	3220	0	186	169
510	3135	3016	0	192	193
511	3189	3116	0	191	185
512	3218	3218	0	186	181
513	3261	3117	0	179	163
