   5.4000000e+00   2.3756575e+00   2.5194457e+00
   5.4565657e+00   2.4037071e+00   2.5453970e+00
   5.5131313e+00   2.4317205e+00   2.5713527e+00
   5.5696970e+00   2.4596987e+00   2.5973127e+00
   5.6262626e+00   2.4876431e+00   2.6232768e+00
   5.6828283e+00   2.5155547e+00   2.6492450e+00
   5.7393939e+00   2.5434347e+00   2.6752171e+00
   5.7959596e+00   2.5712840e+00   2.7011930e+00
   5.8525253e+00   2.5991036e+00   2.7271726e+00
   5.9090909e+00   2.6268945e+00   2.7531558e+00
   5.9656566e+00   2.6546576e+00   2.7791425e+00
   6.0222222e+00   2.6823938e+00   2.8051326e+00
   6.0787879e+00   2.7101038e+00   2.8311260e+00
   6.1353535e+00   2.7377885e+00   2.8571226e+00
   6.1919192e+00   2.7654486e+00   2.8831223e+00
   6.2484848e+00   2.7930849e+00   2.9091251e+00
   6.3050505e+00   2.8206980e+00   2.9351308e+00
   6.3616162e+00   2.8482887e+00   2.9611394e+00
   6.4181818e+00   2.8758575e+00   2.9871508e+00
   6.4747475e+00   2.9034051e+00   3.0131650e+00
   6.5313131e+00   2.9309322e+00   3.0391818e+00
   6.5878788e+00   2.9584392e+00   3.0652012e+00
   6.6444444e+00   2.9859267e+00   3.0912232e+00
   6.7010101e+00   3.0133953e+00   3.1172476e+00
   6.7575758e+00   3.0408454e+00   3.1432744e+00
   6.8141414e+00   3.0682777e+00   3.1693036e+00
   6.8707071e+00   3.0956924e+00   3.1953350e+00
   6.9272727e+00   3.1230902e+00   3.2213687e+00
   6.9838384e+00   3.1504714e+00   3.2474046e+00
   7.0404040e+00   3.1778365e+00   3.2734426e+00
   7.0969697e+00   3.2051859e+00   3.2994827e+00
   7.1535354e+00   3.2325200e+00   3.3255248e+00
   7.2101010e+00   3.2598391e+00   3.3515689e+00
   7.2666667e+00   3.2871437e+00   3.3776149e+00
   7.3232323e+00   3.3144341e+00   3.4036628e+00
   7.3797980e+00   3.3417106e+00   3.4297126e+00
   7.4363636e+00   3.3689736e+00   3.4557642e+00
   7.4929293e+00   3.3962235e+00   3.4818175e+00
   7.5494949e+00   3.4234604e+00   3.5078726e+00
   7.6060606e+00   3.4506848e+00   3.5339293e+00
   7.6626263e+00   3.4778970e+00   3.5599877e+00
   7.7191919e+00   3.5050971e+00   3.5860477e+00
   7.7757576e+00   3.5322855e+00   3.6121093e+00
   7.8323232e+00   3.5594625e+00   3.6381725e+00
   7.8888889e+00   3.5866283e+00   3.6642372e+00
   7.9454545e+00   3.6137832e+00   3.6903033e+00
   8.0020202e+00   3.6409274e+00   3.7163709e+00
   8.0585859e+00   3.6680612e+00   3.7424399e+00
   8.1151515e+00   3.6951847e+00   3.7685103e+00
   8.1717172e+00   3.7222982e+00   3.7945821e+00
   8.2282828e+00   3.7494020e+00   3.8206552e+00
   8.2848485e+00   3.7764962e+00   3.8467296e+00
   8.3414141e+00   3.8035810e+00   3.8728053e+00
   8.3979798e+00   3.8306567e+00   3.8988822e+00
   8.4545455e+00   3.8577234e+00   3.9249604e+00
   8.5111111e+00   3.8847813e+00   3.9510398e+00
   8.5676768e+00   3.9118306e+00   3.9771203e+00
   8.6242424e+00   3.9388715e+00   4.0032020e+00
   8.6808081e+00   3.9659041e+00   4.0292849e+00
   8.7373737e+00   3.9929287e+00   4.0553688e+00
   8.7939394e+00   4.0199453e+00   4.0814539e+00
   8.8505051e+00   4.0469542e+00   4.1075400e+00
   8.9070707e+00   4.0739555e+00   4.1336272e+00
   8.9636364e+00   4.1009493e+00   4.1597154e+00
   9.0202020e+00   4.1279358e+00   4.1858047e+00
   9.0767677e+00   4.1549151e+00   4.2118949e+00
   9.1333333e+00   4.1818874e+00   4.2379861e+00
   9.1898990e+00   4.2088528e+00   4.2640782e+00
   9.2464646e+00   4.2358115e+00   4.2901713e+00
   9.3030303e+00   4.2627635e+00   4.3162653e+00
   9.3595960e+00   4.2897090e+00   4.3423603e+00
   9.4161616e+00   4.3166481e+00   4.3684561e+00
   9.4727273e+00   4.3435809e+00   4.3945528e+00
   9.5292929e+00   4.3705076e+00   4.4206503e+00
   9.5858586e+00   4.3974283e+00   4.4467487e+00
   9.6424242e+00   4.4243430e+00   4.4728479e+00
   9.6989899e+00   4.4512519e+00   4.4989480e+00
   9.7555556e+00   4.4781551e+00   4.5250488e+00
   9.8121212e+00   4.5050526e+00   4.5511504e+00
   9.8686869e+00   4.5319447e+00   4.5772528e+00
   9.9252525e+00   4.5588313e+00   4.6033560e+00
   9.9818182e+00   4.5857126e+00   4.6294599e+00
   1.0038384e+01   4.6125887e+00   4.6555645e+00
   1.0094949e+01   4.6394596e+00   4.6816699e+00
   1.0151515e+01   4.6663255e+00   4.7077759e+00
   1.0208081e+01   4.6931865e+00   4.7338827e+00
   1.0264646e+01   4.7200425e+00   4.7599902e+00
   1.0321212e+01   4.7468938e+00   4.7860983e+00
   1.0377778e+01   4.7737403e+00   4.8122071e+00
   1.0434343e+01   4.8005822e+00   4.8383165e+00
   1.0490909e+01   4.8274196e+00   4.8644266e+00
   1.0547475e+01   4.8542525e+00   4.8905374e+00
   1.0604040e+01   4.8810809e+00   4.9166487e+00
   1.0660606e+01   4.9079051e+00   4.9427607e+00
   1.0717172e+01   4.9347249e+00   4.9688732e+00
   1.0773737e+01   4.9615406e+00   4.9949864e+00
   1.0830303e+01   4.9883521e+00   5.0211001e+00
   1.0886869e+01   5.0151596e+00   5.0472145e+00
   1.0943434e+01   5.0419631e+00   5.0733293e+00
   1.1000000e+01   5.0687626e+00   5.0994448e+00
