  -1.1000000e+01   8.8937802e+02
  -1.0888889e+01   8.8534498e+02
  -1.0777778e+01   8.8129347e+02
  -1.0666667e+01   8.7722326e+02
  -1.0555556e+01   8.7313407e+02
  -1.0444444e+01   8.6902564e+02
  -1.0333333e+01   8.6489770e+02
  -1.0222222e+01   8.6074996e+02
  -1.0111111e+01   8.5658213e+02
  -1.0000000e+01   8.5239393e+02
  -9.8888889e+00   8.4818504e+02
  -9.7777778e+00   8.4395517e+02
  -9.6666667e+00   8.3970399e+02
  -9.5555556e+00   8.3543117e+02
  -9.4444444e+00   8.3113640e+02
  -9.3333333e+00   8.2681931e+02
  -9.2222222e+00   8.2247956e+02
  -9.1111111e+00   8.1811679e+02
  -9.0000000e+00   8.1373064e+02
  -8.8888889e+00   8.0932071e+02
  -8.7777778e+00   8.0488662e+02
  -8.6666667e+00   8.0042797e+02
  -8.5555556e+00   7.9594434e+02
  -8.4444444e+00   7.9143531e+02
  -8.3333333e+00   7.8690044e+02
  -8.2222222e+00   7.8233929e+02
  -8.1111111e+00   7.7775139e+02
  -8.0000000e+00   7.7313627e+02
  -7.8888889e+00   7.6849343e+02
  -7.7777778e+00   7.6382237e+02
  -7.6666667e+00   7.5912257e+02
  -7.5555556e+00   7.5439348e+02
  -7.4444444e+00   7.4963457e+02
  -7.3333333e+00   7.4484525e+02
  -7.2222222e+00   7.4002494e+02
  -7.1111111e+00   7.3517302e+02
  -7.0000000e+00   7.3028887e+02
  -6.8888889e+00   7.2537183e+02
  -6.7777778e+00   7.2042123e+02
  -6.6666667e+00   7.1543638e+02
  -6.5555556e+00   7.1041655e+02
  -6.4444444e+00   7.0536099e+02
  -6.3333333e+00   7.0026894e+02
  -6.2222222e+00   6.9513959e+02
  -6.1111111e+00   6.8997211e+02
  -6.0000000e+00   6.8476563e+02
  -5.8888889e+00   6.7951927e+02
  -5.7777778e+00   6.7423208e+02
  -5.6666667e+00   6.6890310e+02
  -5.5555556e+00   6.6353132e+02
  -5.4444444e+00   6.5811570e+02
  -5.3333333e+00   6.5265514e+02
  -5.2222222e+00   6.4714851e+02
  -5.1111111e+00   6.4159462e+02
  -5.0000000e+00   6.3599223e+02
  -4.8888889e+00   6.3034005e+02
  -4.7777778e+00   6.2463672e+02
  -4.6666667e+00   6.1888084e+02
  -4.5555556e+00   6.1307092e+02
  -4.4444444e+00   6.0720541e+02
  -4.3333333e+00   6.0128269e+02
  -4.2222222e+00   5.9530105e+02
  -4.1111111e+00   5.8925868e+02
  -4.0000000e+00   5.8315371e+02
  -3.8888889e+00   5.7698416e+02
  -3.7777778e+00   5.7074791e+02
  -3.6666667e+00   5.6444277e+02
  -3.5555556e+00   5.5806639e+02
  -3.4444444e+00   5.5161631e+02
  -3.3333333e+00   5.4508992e+02
  -3.2222222e+00   5.3848443e+02
  -3.1111111e+00   5.3179689e+02
  -3.0000000e+00   5.2502419e+02
  -2.8888889e+00   5.1816296e+02
  -2.7777778e+00   5.1120966e+02
  -2.6666667e+00   5.0416047e+02
  -2.5555556e+00   4.9701130e+02
  -2.4444444e+00   4.8975779e+02
  -2.3333333e+00   4.8239523e+02
  -2.2222222e+00   4.7491854e+02
  -2.1111111e+00   4.6732224e+02
  -2.0000000e+00   4.5960041e+02
  -1.8888889e+00   4.5174661e+02
  -1.7777778e+00   4.4375383e+02
  -1.6666667e+00   4.3561441e+02
  -1.5555556e+00   4.2732000e+02
  -1.4444444e+00   4.1886136e+02
  -1.3333333e+00   4.1022835e+02
  -1.2222222e+00   4.0140971e+02
  -1.1111111e+00   3.9239294e+02
  -1.0000000e+00   3.8316404e+02
  -8.8888889e-01   3.7370729e+02
  -7.7777778e-01   3.6400494e+02
  -6.6666667e-01   3.5403681e+02
  -5.5555556e-01   3.4377975e+02
  -4.4444444e-01   3.3320711e+02
  -3.3333333e-01   3.2228782e+02
  -2.2222222e-01   3.1098537e+02
  -1.1111111e-01   2.9925635e+02
   0.0000000e+00   2.8704846e+02
