1	0	0	10
2	0	0	10000
3	0	0	602
4	0	0	27
5	0	0	5
6	0	0	-350
7	0	0	0
8	0	0	0
9	0	0	0
10	0	0	0
11	0	0	0
12	0	0	0
13	0	0	0
14	0	0	0
15	0	0	0
16	0	0	0
17	3	0	0
18	338	0	0
19	584	0	0
20	558	0	0
21	608	0	0
22	585	0	0
23	593	0	0
24	557	0	0
25	591	0	0
26	547	0	0
27	649	0	0
28	589	0	0
29	593	0	0
30	597	0	0
31	578	0	0
32	590	0	0
33	609	0	0
34	589	0	0
35	573	0	0
36	554	0	0
37	607	0	0
38	599	0	0
39	574	0	0
40	538	0	0
41	589	0	0
42	594	0	0
43	605	0	0
44	609	0	0
45	617	0	0
46	572	0	0
47	590	0	0
48	595	0	0
49	597	0	0
50	609	0	0
51	609	0	0
52	602	0	0
53	590	0	0
54	605	0	0
55	599	0	0
56	608	0	0
57	537	0	0
58	568	0	0
59	594	0	0
60	600	0	0
61	619	0	0
62	590	0	0
63	593	0	0
64	634	0	0
65	586	0	0
66	544	0	0
67	593	0	0
68	591	0	0
69	601	0	0
70	590	0	0
71	586	0	0
72	571	0	0
73	579	0	0
74	618	0	0
75	626	0	0
76	600	0	0
77	605	0	0
78	601	0	0
79	553	0	0
80	556	0	0
81	576	0	0
82	627	0	0
83	592	0	0
84	606	0	0
85	635	0	0
86	589	0	0
87	616	0	0
88	589	0	0
89	592	0	0
90	567	0	0
91	574	0	0
92	578	0	0
93	580	0	0
94	603	0	0
95	581	0	0
96	619	0	0
97	564	0	0
98	634	0	0
99	591	0	0
100	621	0	0
101	653	0	0
102	640	0	0
103	638	0	0
104	612	0	0
105	614	0	0
106	637	0	0
107	585	0	0
108	642	0	0
109	610	0	0
110	590	0	0
111	597	0	0
112	637	0	0
113	675	0	0
114	646	0	0
115	675	0	0
116	657	0	0
117	632	0	0
118	607	0	0
119	623	0	0
120	629	0	0
121	623	0	0
122	626	0	0
123	679	0	0
124	604	0	0
125	598	0	0
126	587	0	0
127	621	0	0
128	593	0	0
129	653	0	0
130	621	0	0
131	602	0	0
132	612	0	0
133	630	0	0
134	644	0	0
135	640	0	0
136	572	0	0
137	608	0	0
138	608	0	0
139	614	0	0
140	626	0	0
141	628	0	0
142	583	0	0
143	619	0	0
144	645	0	0
145	615	0	0
146	590	0	0
147	602	0	0
148	637	0	0
149	644	0	0
150	576	0	0
151	625	0	0
152	594	0	0
153	578	0	0
154	566	0	0
155	552	0	0
156	606	0	0
157	592	0	0
158	602	0	0
159	623	0	0
160	606	0	0
161	589	0	0
162	604	0	0
163	589	0	0
164	595	0	0
165	623	0	0
166	611	0	0
167	588	0	0
168	581	0	0
169	627	0	0
170	590	0	0
171	598	0	0
172	592	0	0
173	604	0	0
174	582	0	0
175	632	0	0
176	551	0	0
177	538	0	0
178	617	0	0
179	647	0	0
180	618	0	0
181	548	0	0
182	595	0	0
183	621	0	0
184	355	0	0
185	0	0	0
186	0	0	0
187	0	0	0
188	0	0	0
189	0	0	0
190	0	0	0
191	0	0	0
192	0	0	0
193	0	0	0
194	0	0	0
195	0	0	0
196	0	0	0
197	0	0	0
198	0	0	0
199	0	0	0
200	0	0	0
201	0	0	0
202	0	0	0
203	0	0	0
204	0	0	0
205	0	0	0
206	0	0	0
207	0	0	0
208	0	0	0
209	0	0	0
210	0	0	0
211	0	0	0
212	0	0	0
213	0	0	0
214	0	0	0
215	0	0	0
216	0	0	0
217	0	0	0
218	0	0	0
219	0	0	0
220	0	0	0
221	0	0	0
222	0	0	0
223	0	0	0
224	0	0	0
225	0	0	0
226	0	0	0
227	0	0	0
228	0	0	0
229	0	0	0
230	0	0	0
231	0	0	0
232	0	0	0
233	0	0	0
234	0	0	0
235	0	0	0
236	0	0	0
237	0	0	0
238	0	0	0
239	0	0	0
240	0	0	0
241	0	0	0
242	0	0	0
243	0	0	0
244	0	0	0
245	0	0	0
246	0	0	0
247	0	0	0
248	0	0	0
249	0	0	0
250	0	0	0
251	0	0	0
252	0	0	0
253	0	0	0
254	0	0	0
255	0	0	0
256	0	0	0


257	0	0	10
258	0	0	10000
259	0	0	600
260	0	0	69
261	0	0	12
262	0	0	-350
263	0	0	0
264	0	0	0
265	0	0	0
266	0	0	0
267	0	0	0
268	0	0	0
269	0	0	0
270	0	0	0
271	0	0	0
272	0	0	0
273	2	0	0
274	355	0	0
275	634	0	0
276	648	0	0
277	639	0	0
278	660	0	0
279	631	0	0
280	625	0	0
281	656	0	0
282	619	0	0
283	604	0	0
284	648	0	0
285	613	0	0
286	634	0	0
287	636	0	0
288	617	0	0
289	613	0	0
290	579	0	0
291	588	0	0
292	600	0	0
293	598	0	0
294	607	0	0
295	563	0	0
296	598	0	0
297	596	0	0
298	597	0	0
299	636	0	0
300	616	0	0
301	591	0	0
302	555	0	0
303	579	0	0
304	566	0	0
305	596	0	0
306	532	0	0
307	559	0	0
308	584	0	0
309	559	0	0
310	504	0	0
311	568	0	0
312	556	0	0
313	570	0	0
314	558	0	0
315	540	0	0
316	556	0	0
317	557	0	0
318	536	0	0
319	540	0	0
320	581	0	0
321	586	0	0
322	560	0	0
323	559	0	0
324	519	0	0
325	566	0	0
326	537	0	0
327	529	0	0
328	535	0	0
329	592	0	0
330	478	0	0
331	511	0	0
332	541	0	0
333	494	0	0
334	556	0	0
335	515	0	0
336	561	0	0
337	548	0	0
338	538	0	0
339	485	0	0
340	513	0	0
341	516	0	0
342	537	0	0
343	543	0	0
344	498	0	0
345	481	0	0
346	494	0	0
347	510	0	0
348	496	0	0
349	483	0	0
350	515	0	0
351	506	0	0
352	560	0	0
353	537	0	0
354	551	0	0
355	519	0	0
356	510	0	0
357	508	0	0
358	502	0	0
359	524	0	0
360	508	0	0
361	503	0	0
362	564	0	0
363	521	0	0
364	546	0	0
365	572	0	0
366	561	0	0
367	539	0	0
368	563	0	0
369	565	0	0
370	556	0	0
371	539	0	0
372	538	0	0
373	563	0	0
374	574	0	0
375	548	0	0
376	583	0	0
377	589	0	0
378	577	0	0
379	584	0	0
380	603	0	0
381	632	0	0
382	578	0	0
383	588	0	0
384	577	0	0
385	615	0	0
386	603	0	0
387	622	0	0
388	608	0	0
389	629	0	0
390	625	0	0
391	613	0	0
392	631	0	0
393	642	0	0
394	611	0	0
395	627	0	0
396	645	0	0
397	688	0	0
398	666	0	0
399	681	0	0
400	650	0	0
401	663	0	0
402	671	0	0
403	681	0	0
404	660	0	0
405	652	0	0
406	691	0	0
407	655	0	0
408	700	0	0
409	670	0	0
410	697	0	0
411	695	0	0
412	663	0	0
413	673	0	0
414	748	0	0
415	698	0	0
416	683	0	0
417	709	0	0
418	724	0	0
419	698	0	0
420	705	0	0
421	707	0	0
422	705	0	0
423	692	0	0
424	696	0	0
425	691	0	0
426	713	0	0
427	720	0	0
428	709	0	0
429	749	0	0
430	688	0	0
431	685	0	0
432	685	0	0
433	700	0	0
434	703	0	0
435	759	0	0
436	735	0	0
437	722	0	0
438	714	0	0
439	745	0	0
440	406	0	0
441	1	0	0
442	0	0	0
443	0	0	0
444	0	0	0
445	0	0	0
446	0	0	0
447	0	0	0
448	0	0	0
449	0	0	0
450	0	0	0
451	0	0	0
452	0	0	0
453	0	0	0
454	0	0	0
455	0	0	0
456	0	0	0
457	0	0	0
458	0	0	0
459	0	0	0
460	0	0	0
461	0	0	0
462	0	0	0
463	0	0	0
464	0	0	0
465	0	0	0
466	0	0	0
467	0	0	0
468	0	0	0
469	0	0	0
470	0	0	0
471	0	0	0
472	0	0	0
473	0	0	0
474	0	0	0
475	0	0	0
476	0	0	0
477	0	0	0
478	0	0	0
479	0	0	0
480	0	0	0
481	0	0	0
482	0	0	0
483	0	0	0
484	0	0	0
485	0	0	0
486	0	0	0
487	0	0	0
488	0	0	0
489	0	0	0
490	0	0	0
491	0	0	0
492	0	0	0
493	0	0	0
494	0	0	0
495	0	0	0
496	0	0	0
497	0	0	0
498	0	0	0
499	0	0	0
500	0	0	0
501	0	0	0
502	0	0	0
503	0	0	0
504	0	0	0
505	0	0	0
506	0	0	0
507	0	0	0
508	0	0	0
509	0	0	0
510	0	0	0
511	0	0	0
512	0	0	0


513	0	0	10
514	0	0	10000
515	0	0	604
516	0	0	76
517	0	0	13
518	0	0	-350
519	0	0	0
520	0	0	0
521	0	0	0
522	0	0	0
523	0	0	0
524	0	0	0
525	0	0	0
526	0	0	0
527	0	0	0
528	0	0	0
529	4	0	0
530	286	0	0
531	446	0	0
532	511	0	0
533	560	0	0
534	527	0	0
535	493	0	0
536	553	0	0
537	528	0	0
538	521	0	0
539	555	0	0
540	512	0	0
541	494	0	0
542	530	0	0
543	562	0	0
544	537	0	0
545	552	0	0
546	538	0	0
547	595	0	0
548	573	0	0
549	574	0	0
550	570	0	0
551	586	0	0
552	570	0	0
553	609	0	0
554	590	0	0
555	555	0	0
556	591	0	0
557	643	0	0
558	582	0	0
559	619	0	0
560	640	0	0
561	584	0	0
562	635	0	0
563	592	0	0
564	589	0	0
565	589	0	0
566	603	0	0
567	594	0	0
568	612	0	0
569	630	0	0
570	633	0	0
571	657	0	0
572	662	0	0
573	602	0	0
574	631	0	0
575	647	0	0
576	660	0	0
577	632	0	0
578	671	0	0
579	606	0	0
580	620	0	0
581	649	0	0
582	649	0	0
583	654	0	0
584	718	0	0
585	691	0	0
586	655	0	0
587	660	0	0
588	680	0	0
589	672	0	0
590	696	0	0
591	661	0	0
592	695	0	0
593	634	0	0
594	679	0	0
595	704	0	0
596	679	0	0
597	721	0	0
598	704	0	0
599	709	0	0
600	710	0	0
601	662	0	0
602	677	0	0
603	630	0	0
604	639	0	0
605	737	0	0
606	648	0	0
607	719	0	0
608	727	0	0
609	686	0	0
610	746	0	0
611	701	0	0
612	713	0	0
613	715	0	0
614	715	0	0
615	682	0	0
616	707	0	0
617	723	0	0
618	667	0	0
619	720	0	0
620	713	0	0
621	725	0	0
622	703	0	0
623	669	0	0
624	657	0	0
625	685	0	0
626	708	0	0
627	652	0	0
628	695	0	0
629	693	0	0
630	689	0	0
631	712	0	0
632	660	0	0
633	666	0	0
634	658	0	0
635	643	0	0
636	655	0	0
637	651	0	0
638	632	0	0
639	632	0	0
640	655	0	0
641	601	0	0
642	556	0	0
643	587	0	0
644	590	0	0
645	601	0	0
646	616	0	0
647	645	0	0
648	611	0	0
649	568	0	0
650	596	0	0
651	573	0	0
652	611	0	0
653	571	0	0
654	550	0	0
655	559	0	0
656	590	0	0
657	570	0	0
658	533	0	0
659	563	0	0
660	540	0	0
661	495	0	0
662	551	0	0
663	507	0	0
664	515	0	0
665	461	0	0
666	521	0	0
667	506	0	0
668	523	0	0
669	530	0	0
670	502	0	0
671	502	0	0
672	483	0	0
673	520	0	0
674	492	0	0
675	533	0	0
676	534	0	0
677	488	0	0
678	506	0	0
679	478	0	0
680	516	0	0
681	531	0	0
682	543	0	0
683	442	0	0
684	483	0	0
685	501	0	0
686	498	0	0
687	473	0	0
688	444	0	0
689	513	0	0
690	519	0	0
691	512	0	0
692	474	0	0
693	512	0	0
694	503	0	0
695	526	0	0
696	290	0	0
697	0	0	0
698	0	0	0
699	0	0	0
700	0	0	0
701	0	0	0
702	0	0	0
703	0	0	0
704	0	0	0
705	0	0	0
706	0	0	0
707	0	0	0
708	0	0	0
709	0	0	0
710	0	0	0
711	0	0	0
712	0	0	0
713	0	0	0
714	0	0	0
715	0	0	0
716	0	0	0
717	0	0	0
718	0	0	0
719	0	0	0
720	0	0	0
721	0	0	0
722	0	0	0
723	0	0	0
724	0	0	0
725	0	0	0
726	0	0	0
727	0	0	0
728	0	0	0
729	0	0	0
730	0	0	0
731	0	0	0
732	0	0	0
733	0	0	0
734	0	0	0
735	0	0	0
736	0	0	0
737	0	0	0
738	0	0	0
739	0	0	0
740	0	0	0
741	0	0	0
742	0	0	0
743	0	0	0
744	0	0	0
745	0	0	0
746	0	0	0
747	0	0	0
748	0	0	0
749	0	0	0
750	0	0	0
751	0	0	0
752	0	0	0
753	0	0	0
754	0	0	0
755	0	0	0
756	0	0	0
757	0	0	0
758	0	0	0
759	0	0	0
760	0	0	0
761	0	0	0
762	0	0	0
763	0	0	0
764	0	0	0
765	0	0	0
766	0	0	0
767	0	0	0
768	0	0	0