                                    0.00       1.0000           0           0        0          12
                                   73.00       0.9167      0.0833      0.0798        1          11
                                   82.00       0.8333      0.1667      0.1076        2          10
                                  105.00       0.7500      0.2500      0.1250        3           9
                                  167.00       0.6667      0.3333      0.1361        4           8
                                  330.00       0.5833      0.4167      0.1423        5           7
                                  351.00       0.5000      0.5000      0.1443        6           6
                                  398.00       0.4167      0.5833      0.1423        7           5
                                  493.00       0.3333      0.6667      0.1361        8           4
                                  737.00       0.2500      0.7500      0.1250        9           3
                                  759.00       0.1667      0.8333      0.1076       10           2
                                 1130.00       0.0833      0.9167      0.0798       11           1
                                 1661.00            0      1.0000           0       12           0
