                                    0.00       1.0000           0           0        0          49
                                   17.00       0.9796      0.0204      0.0202        1          48
                                   30.00       0.9388      0.0612      0.0342        3          46
                                   31.00       0.9184      0.0816      0.0391        4          45
                                   35.00       0.8980      0.1020      0.0432        5          44
                                   50.00       0.8776      0.1224      0.0468        6          43
                                   52.00       0.8571      0.1429      0.0500        7          42
                                   57.00       0.8367      0.1633      0.0528        8          41
                                   64.00       0.8163      0.1837      0.0553        9          40
                                   66.00       0.7959      0.2041      0.0576       10          39
                                   68.00       0.7755      0.2245      0.0596       11          38
                                   77.00       0.7551      0.2449      0.0614       12          37
                                   78.00       0.7347      0.2653      0.0631       13          36
                                   82.00       0.7143      0.2857      0.0645       14          35
                                   88.00       0.6735      0.3265      0.0670       16          33
                                   89.00       0.6531      0.3469      0.0680       17          32
                                   94.00       0.6327      0.3673      0.0689       18          31
                                  102.00       0.6122      0.3878      0.0696       19          30
                                  112.00       0.5918      0.4082      0.0702       20          29
                                  125.00       0.5714      0.4286      0.0707       21          28
                                  129.00       0.5510      0.4490      0.0711       22          27
                                  133.00       0.5306      0.4694      0.0713       23          26
                                  136.00       0.5102      0.4898      0.0714       24          25
                                  138.00       0.4898      0.5102      0.0714       25          24
                                  150.00       0.4694      0.5306      0.0713       26          23
                                  183.00       0.4490      0.5510      0.0711       27          22
                                  193.00       0.4286      0.5714      0.0707       28          21
                                  214.00       0.4082      0.5918      0.0702       29          20
                                  230.00       0.3878      0.6122      0.0696       30          19
                                  236.00       0.3673      0.6327      0.0689       31          18
                                  252.00       0.3469      0.6531      0.0680       32          17
                                  263.00       0.3061      0.6939      0.0658       34          15
                                  271.00       0.2857      0.7143      0.0645       35          14
                                  305.00       0.2653      0.7347      0.0631       36          13
                                  307.00       0.2449      0.7551      0.0614       37          12
                                  310.00       0.2245      0.7755      0.0596       38          11
                                  345.00       0.2041      0.7959      0.0576       39          10
                                  371.00       0.1633      0.8367      0.0528       41           8
                                  377.00       0.1429      0.8571      0.0500       42           7
                                  393.00       0.1224      0.8776      0.0468       43           6
                                  586.00       0.1020      0.8980      0.0432       44           5
                                  611.00       0.0816      0.9184      0.0391       45           4
                                  758.00       0.0612      0.9388      0.0342       46           3
                                  763.00       0.0408      0.9592      0.0283       47           2
                                  819.00       0.0204      0.9796      0.0202       48           1
                                  872.00            0      1.0000           0       49           0
