                                    0.00       1.0000           0           0        0          28
                                   67.00       0.9643      0.0357      0.0351        1          27
                                   73.00       0.9286      0.0714      0.0487        2          26
                                  104.00       0.8929      0.1071      0.0585        3          25
                                  108.00       0.8571      0.1429      0.0661        4          24
                                  173.00       0.8214      0.1786      0.0724        5          23
                                  212.00       0.7857      0.2143      0.0775        6          22
                                  301.00       0.7500      0.2500      0.0818        7          21
                                  344.00       0.7143      0.2857      0.0854        8          20
                                  361.00       0.6786      0.3214      0.0883        9          19
                                  399.00       0.6429      0.3571      0.0906       10          18
                                  415.00       0.6071      0.3929      0.0923       11          17
                                  448.00       0.5714      0.4286      0.0935       12          16
                                  537.00       0.5357      0.4643      0.0942       13          15
                                  579.00       0.5000      0.5000      0.0945       14          14
                                  584.00       0.4643      0.5357      0.0942       15          13
                                  624.00       0.4286      0.5714      0.0935       16          12
                                  733.00       0.3929      0.6071      0.0923       17          11
                                  835.00       0.3571      0.6429      0.0906       18          10
                                  905.00       0.3214      0.6786      0.0883       19           9
                                  937.00       0.2857      0.7143      0.0854       20           8
                                  992.00       0.2500      0.7500      0.0818       21           7
                                 1223.00       0.2143      0.7857      0.0775       22           6
                                 1250.00       0.1786      0.8214      0.0724       23           5
                                 1350.00       0.1429      0.8571      0.0661       24           4
                                 1385.00       0.1071      0.8929      0.0585       25           3
                                 1412.00       0.0714      0.9286      0.0487       26           2
                                 1649.00       0.0357      0.9643      0.0351       27           1
                                 2152.00            0      1.0000           0       28           0
