                                    0.00       1.0000           0           0        0          48
                                   10.00       0.9792      0.0208      0.0206        1          47
                                   20.00       0.9583      0.0417      0.0288        2          46
                                   31.00       0.9167      0.0833      0.0399        4          44
                                   50.00       0.8958      0.1042      0.0441        5          43
                                   57.00       0.8750      0.1250      0.0477        6          42
                                   58.00       0.8542      0.1458      0.0509        7          41
                                   64.00       0.8333      0.1667      0.0538        8          40
                                   91.00       0.8125      0.1875      0.0563        9          39
                                   96.00       0.7917      0.2083      0.0586       10          38
                                   97.00       0.7708      0.2292      0.0607       11          37
                                  125.00       0.7500      0.2500      0.0625       12          36
                                  146.00       0.7292      0.2708      0.0641       13          35
                                  150.00       0.6875      0.3125      0.0669       15          33
                                  166.00       0.6458      0.3542      0.0690       17          31
                                  190.00       0.6250      0.3750      0.0699       18          30
                                  203.00       0.6042      0.3958      0.0706       19          29
                                  204.00       0.5833      0.4167      0.0712       20          28
                                  222.00       0.5625      0.4375      0.0716       21          27
                                  237.00       0.5417      0.4583      0.0719       22          26
                                  243.00       0.5208      0.4792      0.0721       23          25
                                  286.00       0.5000      0.5000      0.0722       24          24
                                  293.00       0.4792      0.5208      0.0721       25          23
                                  297.00       0.4583      0.5417      0.0719       26          22
                                  301.00       0.4375      0.5625      0.0716       27          21
                                  388.00       0.4167      0.5833      0.0712       28          20
                                  399.00       0.3958      0.6042      0.0706       29          19
                                  406.00       0.3750      0.6250      0.0699       30          18
                                  453.00       0.3542      0.6458      0.0690       31          17
                                  500.00       0.3333      0.6667      0.0680       32          16
                                  539.00       0.2917      0.7083      0.0656       34          14
                                  564.00       0.2708      0.7292      0.0641       35          13
                                  643.00       0.2500      0.7500      0.0625       36          12
                                  661.00       0.2292      0.7708      0.0607       37          11
                                  744.00       0.2083      0.7917      0.0586       38          10
                                  798.00       0.1875      0.8125      0.0563       39           9
                                  806.00       0.1458      0.8542      0.0509       41           7
                                  812.00       0.1250      0.8750      0.0477       42           6
                                  831.00       0.1042      0.8958      0.0441       43           5
                                  908.00       0.0833      0.9167      0.0399       44           4
                                 1045.00       0.0625      0.9375      0.0349       45           3
                                 1319.00       0.0417      0.9583      0.0288       46           2
                                 1429.00       0.0208      0.9792      0.0206       47           1
                                 1903.00            0      1.0000           0       48           0
