                                    0.00       1.0000           0           0        0          72
                                    1.00       0.9167      0.0833      0.0326        6          66
                                    2.00       0.8611      0.1389      0.0408       10          62
                                    3.00       0.8472      0.1528      0.0424       11          61
                                    4.00       0.8194      0.1806      0.0453       13          59
                                    5.00       0.8056      0.1944      0.0466       14          58
                                    6.00       0.7917      0.2083      0.0479       15          57
                                    8.00       0.7778      0.2222      0.0490       16          56
                                    9.00       0.7361      0.2639      0.0519       19          53
                                   10.00       0.7222      0.2778      0.0528       20          52
                                   13.00       0.6944      0.3056      0.0543       22          50
                                   16.00       0.6806      0.3194      0.0549       23          49
                                   17.00       0.6667      0.3333      0.0556       24          48
                                   18.00       0.6528      0.3472      0.0561       25          47
                                   22.00       0.6250      0.3750      0.0571       27          45
                                   23.00       0.6111      0.3889      0.0575       28          44
                                   26.00       0.5833      0.4167      0.0581       30          42
                                   27.00       0.5417      0.4583      0.0587       33          39
                                   28.00       0.5139      0.4861      0.0589       35          37
                                   29.00       0.5000      0.5000      0.0589       36          36
                                   30.00       0.4861      0.5139      0.0589       37          35
                                   32.00       0.4722      0.5278      0.0588       38          34
                                   37.00       0.4583      0.5417      0.0587       39          33
                                   38.00       0.4444      0.5556      0.0586       40          32
                                   39.00       0.4306      0.5694      0.0584       41          31
                                   40.00       0.4167      0.5833      0.0581       42          30
                                   43.00       0.4028      0.5972      0.0578       43          29
                                   49.00       0.3889      0.6111      0.0575       44          28
                                   56.00       0.3611      0.6389      0.0566       46          26
                                   61.00       0.3472      0.6528      0.0561       47          25
                                   64.00       0.3333      0.6667      0.0556       48          24
                                   66.00       0.3194      0.6806      0.0549       49          23
                                   84.00       0.3056      0.6944      0.0543       50          22
                                   85.00       0.2917      0.7083      0.0536       51          21
                                   86.00       0.2778      0.7222      0.0528       52          20
                                   89.00       0.2639      0.7361      0.0519       53          19
                                   91.00       0.2500      0.7500      0.0510       54          18
                                   96.00       0.2361      0.7639      0.0501       55          17
                                  102.00       0.2222      0.7778      0.0490       56          16
                                  104.00       0.2083      0.7917      0.0479       57          15
                                  111.00       0.1944      0.8056      0.0466       58          14
                                  121.00       0.1806      0.8194      0.0453       59          13
                                  127.00       0.1667      0.8333      0.0439       60          12
                                  130.00       0.1528      0.8472      0.0424       61          11
                                  134.00       0.1389      0.8611      0.0408       62          10
                                  137.00       0.1250      0.8750      0.0390       63           9
                                  140.00       0.1111      0.8889      0.0370       64           8
                                  150.00       0.0972      0.9028      0.0349       65           7
                                  152.00       0.0833      0.9167      0.0326       66           6
                                  173.00       0.0694      0.9306      0.0300       67           5
                                  224.00       0.0556      0.9444      0.0270       68           4
                                  236.00       0.0417      0.9583      0.0235       69           3
                                  275.00       0.0278      0.9722      0.0194       70           2
                                  336.00       0.0139      0.9861      0.0138       71           1
                                  345.00            0      1.0000           0       72           0
