                                    0.00       1.0000           0           0        0          40
                                    1.00       0.9750      0.0250      0.0247        1          39
                                   16.00       0.9500      0.0500      0.0345        2          38
                                   27.00       0.9250      0.0750      0.0416        3          37
                                   31.00       0.9000      0.1000      0.0474        4          36
                                   45.00       0.8750      0.1250      0.0523        5          35
                                   69.00       0.8500      0.1500      0.0565        6          34
                                   77.00       0.8250      0.1750      0.0601        7          33
                                   82.00       0.8000      0.2000      0.0632        8          32
                                   91.00       0.7750      0.2250      0.0660        9          31
                                  106.00       0.7500      0.2500      0.0685       10          30
                                  132.00       0.7250      0.2750      0.0706       11          29
                                  143.00       0.7000      0.3000      0.0725       12          28
                                  147.00       0.6750      0.3250      0.0741       13          27
                                  204.00       0.6500      0.3500      0.0754       14          26
                                  225.00       0.6250      0.3750      0.0765       15          25
                                  239.00       0.6000      0.4000      0.0775       16          24
                                  240.00       0.5750      0.4250      0.0782       17          23
                                  260.00       0.5500      0.4500      0.0787       18          22
                                  264.00       0.5250      0.4750      0.0790       19          21
                                  361.00       0.5000      0.5000      0.0791       20          20
                                  363.00       0.4750      0.5250      0.0790       21          19
                                  364.00       0.4500      0.5500      0.0787       22          18
                                  369.00       0.4250      0.5750      0.0782       23          17
                                  390.00       0.4000      0.6000      0.0775       24          16
                                  462.00       0.3750      0.6250      0.0765       25          15
                                  466.00       0.3500      0.6500      0.0754       26          14
                                  477.00       0.3250      0.6750      0.0741       27          13
                                  541.00       0.3000      0.7000      0.0725       28          12
                                  632.00       0.2750      0.7250      0.0706       29          11
                                  691.00       0.2500      0.7500      0.0685       30          10
                                  718.00       0.2250      0.7750      0.0660       31           9
                                  737.00       0.2000      0.8000      0.0632       32           8
                                  883.00       0.1750      0.8250      0.0601       33           7
                                  956.00       0.1500      0.8500      0.0565       34           6
                                  974.00       0.1250      0.8750      0.0523       35           5
                                 1042.00       0.1000      0.9000      0.0474       36           4
                                 1045.00       0.0750      0.9250      0.0416       37           3
                                 1189.00       0.0500      0.9500      0.0345       38           2
                                 1588.00       0.0250      0.9750      0.0247       39           1
                                 2644.00            0      1.0000           0       40           0
