                                    0.00       1.0000           0           0        0          53
                                    1.00       0.9434      0.0566      0.0317        3          50
                                    2.00       0.9245      0.0755      0.0363        4          49
                                    3.00       0.9057      0.0943      0.0402        5          48
                                   13.00       0.8868      0.1132      0.0435        6          47
                                   14.00       0.8679      0.1321      0.0465        7          46
                                   15.00       0.8491      0.1509      0.0492        8          45
                                   16.00       0.8302      0.1698      0.0516        9          44
                                   26.00       0.8113      0.1887      0.0537       10          43
                                   29.00       0.7925      0.2075      0.0557       11          42
                                   34.00       0.7736      0.2264      0.0575       12          41
                                   36.00       0.7547      0.2453      0.0591       13          40
                                   38.00       0.7358      0.2642      0.0606       14          39
                                   39.00       0.6981      0.3019      0.0631       16          37
                                   44.00       0.6604      0.3396      0.0651       18          35
                                   46.00       0.6415      0.3585      0.0659       19          34
                                   49.00       0.6226      0.3774      0.0666       20          33
                                   52.00       0.6038      0.3962      0.0672       21          32
                                   58.00       0.5849      0.4151      0.0677       22          31
                                   60.00       0.5660      0.4340      0.0681       23          30
                                   61.00       0.5472      0.4528      0.0684       24          29
                                   69.00       0.5283      0.4717      0.0686       25          28
                                   72.00       0.5094      0.4906      0.0687       26          27
                                   74.00       0.4906      0.5094      0.0687       27          26
                                   79.00       0.4717      0.5283      0.0686       28          25
                                   83.00       0.4528      0.5472      0.0684       29          24
                                   85.00       0.3962      0.6038      0.0672       32          21
                                   91.00       0.3774      0.6226      0.0666       33          20
                                   92.00       0.3585      0.6415      0.0659       34          19
                                   93.00       0.3396      0.6604      0.0651       35          18
                                   98.00       0.3208      0.6792      0.0641       36          17
                                  100.00       0.3019      0.6981      0.0631       37          16
                                  121.00       0.2830      0.7170      0.0619       38          15
                                  125.00       0.2642      0.7358      0.0606       39          14
                                  142.00       0.2453      0.7547      0.0591       40          13
                                  149.00       0.2264      0.7736      0.0575       41          12
                                  154.00       0.2075      0.7925      0.0557       42          11
                                  216.00       0.1887      0.8113      0.0537       43          10
                                  223.00       0.1698      0.8302      0.0516       44           9
                                  238.00       0.1509      0.8491      0.0492       45           8
                                  242.00       0.1321      0.8679      0.0465       46           7
                                  243.00       0.1132      0.8868      0.0435       47           6
                                  318.00       0.0943      0.9057      0.0402       48           5
                                  331.00       0.0755      0.9245      0.0363       49           4
                                  351.00       0.0566      0.9434      0.0317       50           3
                                  432.00       0.0377      0.9623      0.0262       51           2
                                  460.00       0.0189      0.9811      0.0187       52           1
                                  696.00            0      1.0000           0       53           0
