   1042    1    2    1
  737      1    2    1
  632      1    2    1
  364      1    2    1
  147      1    3    1
  204      1    3    1
    1      1    3    1
   16      1    3    1
 1189      1    3    1
  225      1    3    1
  390      1    3    1
   27      1    3    1
  956      1    6    1
   82      1    6    1
 2644      1    7    1
  477      1    7    1
   31      1    7    1
  106      1    7    1
 1045      1    7    1
   69      1    7    1
  369      1    7    1
   91      1    7    1
  1588     1     8     1
   883     1     8     1
   264     1     8     1
   974     1     8     1
   239     1    11     1
   240     1    11     1
   143     1    11     1
   462     1    11     1
   260     1    11     1
   361     1    11     1
    45     1    11     1
    77     1    11     1
   132     1    11     1
   363     1    11     1
   466     1    11     1
   718     1    11     1
   541     1    11     1
   691     1    11     1
   460     2    17     1
    69     2    17     1
    39     2    17     1
   149     2    17     1
   696     2    17     1
     1     2    17     1
    91     2    17     1
    44     2    17     1
    36     2    17     1
    85     2    17     1
   125     2    17     1
   351     2    17     1
    15     2    17     1
   243     2    17     1
    38     2    17     1
    46     2    18     1
    93     2    18     1
    60     2    18     1
   331     2    18     1
    83     2    18     1
   242     2    18     1
    16     2    18     1
   121     2    18     1
    58     2    18     1
    34     2    18     1
   100     2    18     1
    44     2    18     1
   154     2    18     1
   142     2    18     1
    14     2    18     1
   432     2    18     1
     1     2    18     1
   216     2    18     1
    79     2    21     1
   223     2    21     1
    98     2    21     1
    72     2    21     1
     1     2    21     1
     2     2    21     1
    92     2    21     1
    39     2    21     1
     3     2    21     1
    26     2    21     1
   238     2    21     1
   318     2    21     1
    74     2    21     1
    52     2    21     1
    13     2    21     1
    49     2    21     1
    85     2    21     1
    85     2    21     1
    29     2    21     1
    61     2    21     1
    43     3    22     1
   127     3    22     1
    29     3    22     1
    23     3    22     1
     9     3    22     1
   134     3    22     1
   102     3    22     1
    85     3    22     1
    56     3    22     1
    86     3    22     1
    56     3    22     1
   150     3    22     1
    49     3    22     1
    13     3    22     1
   173     3    22     1
   236     3    22     1
   111     3    22     1
   345     3    22     1
   121     3    22     1
     1     3    22     1
     4     3    22     1
    89     3    22     1
    27     3    22     1
   130     3    22     1
     1     3    22     1
    37     3    22     1
     1     3    22     1
   224     3    22     1
     9     3    22     1
     8     3    22     1
   275     3    23     1
   152     3    23     1
    91     3    23     1
    27     3    23     1
    18     3    23     1
    32     3    23     1
     2     3    23     1
    26     3    23     1
    30     3    23     1
     6     3    23     1
    40     3    23     1
     1     3    23     1
     2     3    23     1
    39     3    23     1
   137     3    23     1
    96     3    23     1
    66     3    23     1
     9     3    23     1
   104     3    23     1
    10     3    23     1
    27     3    23     1
     3     3    23     1
   140     3    23     1
    22     3    23     1
     1     3    23     1
    28     3    23     1
     1     3    23     1
    28     3    23     1
     2     3    23     1
    22     3    23     1
   336     3    23     1
    16     3    23     1
    61     3    23     1
    64     3    23     1
    17     3    23     1
    84     3    23     1
     2     3    23     1
    26     3    23     1
    13     3    23     1
     5     3    23     1
     4     3    23     1
    38     3    23     1

 