1	18032	18016	0	1	641
2	18360	18048	0	-1	638
3	18072	18236	0	-2	638
4	17968	17960	0	-4	641
5	18004	18012	0	-4	638
6	17916	18128	0	-1	637
7	17904	17800	0	-1	635
8	17608	17764	0	1	633
9	17668	17828	0	-2	634
10	17900	17912	0	2	639
11	17692	17992	0	-1	639
12	18396	17728	0	-1	645
13	19040	19452	0	-3	637
14	19368	19296	0	-1	633
15	19388	19224	0	-1	636
16	19492	19676	0	-2	639
17	19380	19416	0	-4	633
18	19392	19348	0	-1	643
19	19620	19276	0	-3	643
20	19044	19136	0	-2	644
21	17484	19008	0	-2	642
22	19200	18184	0	0	647
23	18948	19100	0	-3	637
24	19388	19048	0	-2	637
25	18744	19004	0	-2	644
26	19216	18964	0	-1	640
27	19312	19216	0	2	648
28	19224	19228	0	-4	651
29	19444	19300	0	1	646
30	19288	19284	0	-1	641
31	19228	19140	0	-2	643
32	19420	19188	0	-1	636
33	19248	19028	0	-1	650
34	17688	17704	0	-1	643
35	17792	17324	0	-1	638
36	17876	17892	0	-1	643
37	17784	17928	0	1	642
38	17832	17816	0	2	646
39	17972	17652	0	-2	639
40	17932	17920	0	-2	634
41	17988	17936	0	-2	634
42	18032	18172	0	-1	648
43	17872	18128	0	-2	641
44	17856	18084	0	-2	641
45	17732	17764	0	-1	645
46	17764	17480	0	-3	635
47	17936	17992	0	-1	641
48	17884	17672	0	-2	648
49	18216	17600	0	-1	632
50	17872	18080	0	-2	640
51	18096	17872	0	-3	633
52	17772	18312	0	-2	634
53	18292	18036	0	0	632
54	18160	17992	0	0	641
55	17736	17792	0	-1	644
56	17976	17840	0	-4	634
57	17568	17324	0	0	640
58	17612	17556	0	-4	631
59	17864	17980	0	0	647
60	17660	17760	0	-3	638
61	17720	17792	0	0	634
62	18056	17752	0	-1	641
63	18008	18100	0	0	646
64	18332	18276	0	-2	631
65	18280	17928	0	-2	632
66	18060	17692	0	-2	644
67	17676	17692	0	1	631
68	17884	18048	0	-4	636
69	17900	17596	0	-2	646
70	17760	17600	0	-1	642
71	17772	17860	0	0	641
72	17828	18164	0	1	637
73	17616	17876	0	-1	642
74	17580	17932	0	-2	640
75	18024	18144	0	0	641
76	18168	18284	0	0	636
77	18032	17744	0	0	638
78	17940	18048	0	-2	645
79	17728	17824	0	-2	643
80	17436	17584	0	-1	646
81	17636	17684	0	0	640
82	17940	17528	0	-2	642
83	17860	17840	0	-1	632
84	19492	17780	0	-1	636
85	19532	19240	0	-1	638
86	19208	19272	0	1	647
87	19208	19148	0	-3	639
88	19140	19228	0	0	641
89	19112	18948	0	-1	641
90	18932	19012	0	-3	635
91	19208	19152	0	-1	647
92	19240	19136	0	-4	633
93	18088	19136	0	-1	642
94	17712	17784	0	-1	645
95	17924	18004	0	-4	634
96	17848	17940	0	-3	643
97	17836	18104	0	-2	632
98	18184	17884	0	-1	633
99	17904	17992	0	-1	641
100	17476	18060	0	0	636
101	17684	17880	0	2	642
102	17760	18020	0	0	640
103	18008	17896	0	-1	641
104	18016	18028	0	0	645
105	18152	18016	0	-1	639
106	17924	17996	0	-3	646
107	18084	18060	0	-1	640
108	17596	18000	0	-1	642
109	17904	17768	0	-1	634
110	17748	17944	0	-2	634
111	17960	18028	0	-1	631
112	18204	17940	0	0	641
113	17916	18036	0	-1	644
114	17872	18188	0	-2	645
115	17832	18004	0	-2	634
116	17776	17580	0	-4	636
117	17440	17748	0	-3	633
118	17608	17792	0	-2	646
119	17904	17944	0	-2	639
120	18120	17980	0	-3	639
121	17900	18120	0	-1	641
122	18084	17860	0	-1	638
123	17548	17956	0	0	643
124	17860	17776	0	-1	642
125	17980	17992	0	-2	642
126	17772	18068	0	-1	638
127	17968	18112	0	-3	640
128	18324	18320	0	-1	632
129	18268	17812	0	0	642
130	17880	18068	0	0	637
131	17700	17996	0	0	633
132	17920	17680	0	-2	641
133	17876	17820	0	-1	636
134	17880	17964	0	-2	649
135	17924	17904	0	1	646
136	17948	18172	0	1	647
137	17900	18280	0	0	642
138	17836	17852	0	-1	635
139	17980	17736	0	-2	640
140	17908	17804	0	-2	631
141	17908	17944	0	-2	639
142	17956	18232	0	-1	650
143	18464	18152	0	-1	640
144	18116	18144	0	-2	637
145	17884	18052	0	-4	642
146	17772	17968	0	-1	642
147	17764	17844	0	0	645
148	17952	17800	0	-1	644
149	17876	17720	0	0	640
150	18088	17588	0	2	652
151	18244	18116	0	-1	646
152	17736	17984	0	-2	645
153	18052	17968	0	-1	647
154	17976	17968	0	0	631
155	17788	17800	0	0	643
156	17668	17676	0	-4	636
157	17860	17780	0	-1	636
158	18120	17812	0	-1	642
159	17916	17736	0	0	637
160	18304	18108	0	-4	641
161	18188	18212	0	-3	644
162	17984	18156	0	-1	650
163	17968	17612	0	-1	647
164	17704	17632	0	-1	633
165	17628	17788	0	1	643
166	17884	17760	0	1	641
167	18196	18040	0	-2	645
168	18132	18080	0	-1	635
169	18024	18228	0	-2	643
170	18096	18024	0	-2	631
171	18096	17932	0	-3	644
172	17800	18036	0	-2	641
173	17784	17636	0	-1	637
174	17888	17856	0	-2	638
175	17784	17964	0	-4	642
176	17868	17840	0	-4	638
177	18088	18048	0	-1	642
178	18100	17820	0	0	650
179	18292	18248	0	-4	641
180	17924	18040	0	-2	653
181	18204	18040	0	0	643
182	17692	17900	0	-1	644
183	17676	17828	0	-1	632
184	17924	17952	0	-1	633
185	17756	17900	0	-1	636
186	17900	17908	0	-3	643
187	17956	17976	0	-1	637
188	18164	17880	0	-3	647
189	17700	18172	0	1	636
190	17832	18072	0	-2	638
191	17708	17820	0	-1	634
192	17824	17788	0	0	631
193	17676	17644	0	-1	639
194	17880	17428	0	-3	635
195	18012	17956	0	-1	648
196	17792	18040	0	-3	636
197	18332	18056	0	0	639
198	18108	18060	0	-1	642
199	19592	18464	0	-3	644
200	19136	19340	0	-4	629
201	19476	19132	0	0	646
202	19420	19100	0	-2	644
203	19044	18976	0	-3	635
204	19184	19132	0	-3	637
205	19260	19072	0	-2	652
206	19704	19180	0	-5	637
207	19280	19528	0	-2	642
208	19340	19240	0	-3	642
209	19332	19416	0	-3	641
210	18048	17616	0	-1	631
211	17988	17772	0	-1	648
212	17688	17820	0	-1	640
213	17884	17840	0	-2	641
214	17680	17764	0	-2	637
215	18396	17872	0	-2	641
216	18148	18624	0	-2	639
217	18060	18000	0	-1	652
218	18168	18180	0	-1	649
219	17760	18352	0	0	645
220	17864	17896	0	-1	632
221	17800	17972	0	-2	634
222	17884	18060	0	-1	647
223	17736	17960	0	-1	647
224	17868	17792	0	-2	637
225	17968	18200	0	2	640
226	17856	17616	0	-1	634
227	17856	17948	0	-1	633
228	17980	17820	0	-3	647
229	17736	18224	0	0	649
230	18072	18120	0	-2	633
231	18124	18140	0	-2	642
232	18016	17924	0	-2	634
233	17908	17896	0	-2	637
234	18024	18168	0	-3	639
235	17944	17764	0	-3	637
236	17784	17976	0	-1	633
237	17764	17776	0	-2	631
238	18092	17860	0	-1	636
239	16452	18368	0	-1	636
240	8952	15964	0	-1	647
241	3620	4488	0	-1	634
242	2732	3412	0	-1	635
243	2680	2720	0	-2	638
244	2692	2748	0	-2	636
245	2724	2836	0	-2	637
246	2920	2932	0	-2	638
247	2864	2900	0	-1	635
248	2888	2864	0	0	633
249	2992	2960	0	-1	631
250	2924	2784	0	-1	636
251	2892	2876	0	-1	646
252	2788	2856	0	-1	638
253	2880	2972	0	-1	639
254	2936	2888	0	-1	648
255	2844	2920	0	-4	649
256	2920	2956	0	-1	646
257	2956	2952	0	0	645
258	3004	2860	0	-1	647
259	2936	2968	0	0	635
260	2952	2884	0	-2	633
261	2884	2924	0	-1	646
262	2952	2992	0	-2	634
263	2968	2880	0	-2	637
264	2948	2968	0	-2	644
265	2920	2948	0	-2	652
266	3004	2972	0	-1	652
267	2992	2884	0	-4	649
268	2800	2888	0	-3	653
269	2824	2884	0	-1	639
270	2976	2872	0	-1	648
271	2952	2880	0	-1	665
272	2936	2980	0	-1	638
273	3016	2852	0	-2	646
274	2892	2876	0	-2	649
275	2996	2932	0	-1	647
276	2908	2952	0	1	654
277	2896	2924	0	0	656
278	2960	2912	0	-2	652
279	2940	2968	0	-1	651
280	2872	2932	0	-1	648
281	2988	2892	0	-1	642
282	2904	2876	0	-2	652
283	2920	2924	0	-1	643
284	2796	2984	0	-2	660
285	3028	2872	0	-1	652
286	2944	2984	0	-4	654
287	2996	2868	0	-3	647
288	2896	2884	0	-1	650
289	2928	2940	0	-1	651
290	2996	2896	0	-1	645
291	2972	2972	0	-3	652
292	2944	2892	0	0	638
293	2976	2936	0	-1	642
294	2928	2960	0	-2	637
295	2888	2896	0	-1	636
296	2840	2920	0	-2	634
297	2880	2936	0	-4	639
298	2832	2852	0	-2	638
299	3040	2860	0	-1	643
300	2860	2924	0	-2	643
301	2916	2912	0	-1	631
302	2892	2876	0	-2	637
303	2944	2948	0	-2	636
304	2876	2884	0	-2	639
305	2980	2944	0	1	646
306	2936	2904	0	-2	632
307	3020	2932	0	-2	639
308	2808	2956	0	-1	632
309	2952	2960	0	-1	635
310	2960	3000	0	-2	646
311	2844	2996	0	-1	650
312	2796	2944	0	-1	635
313	2968	2900	0	-2	639
314	2952	2844	0	-1	635
315	2804	2992	0	-3	640
316	2964	2968	0	0	648
317	2948	2988	0	-1	635
318	2976	2920	0	-1	644
319	2924	2880	0	-1	646
320	2972	2924	0	-2	631
321	3004	3024	0	0	637
322	2916	2896	0	-1	645
323	2908	2940	0	1	633
324	2932	2928	0	1	644
325	2936	2912	0	-2	638
326	2808	2900	0	-1	636
327	3252	2800	0	-2	646
328	2988	2920	0	0	634
329	2904	2972	0	-1	634
330	2972	2840	0	-2	640
331	2972	2752	0	-2	644
332	2964	2956	0	-1	647
333	2988	2948	0	-2	643
334	2952	2980	0	0	644
335	3000	3076	0	-2	634
336	2960	3000	0	-1	644
337	3016	2992	0	-1	646
338	2868	3004	0	-1	652
339	2856	2964	0	-1	644
340	3084	2940	0	-2	631
341	2960	2920	0	-1	633
342	3004	2832	0	-1	648
343	2960	2956	0	1	639
344	2968	2836	0	-2	638
345	2888	2856	0	-1	633
346	2872	3024	0	-1	635
347	3012	3000	0	-1	640
348	2876	2972	0	1	638
349	3000	2944	0	-2	634
350	2944	2956	0	-1	637
351	2856	2880	0	-3	632
352	2916	2884	0	-2	632
353	2940	2936	0	2	641
354	2936	2984	0	0	644
355	2960	2840	0	-1	650
356	2940	3112	0	-1	644
357	3028	2936	0	-2	640
358	2912	2860	0	-1	645
359	2952	3004	0	-1	639
360	2880	2944	0	-3	646
361	2876	2908	0	0	632
362	2996	2936	0	-2	632
363	2888	3028	0	-2	638
364	2920	2968	0	-2	647
365	2920	2964	0	-2	640
366	3044	2948	0	-1	641
367	3356	3148	0	-2	644
368	3196	3260	0	0	647
369	3288	3188	0	-1	643
370	3252	3152	0	2	636
371	3208	3196	0	1	658
372	3316	3208	0	-1	655
373	3152	3200	0	-1	650
374	3180	3248	0	-2	656
375	2944	3200	0	-1	644
376	2916	2888	0	-2	660
377	2884	2880	0	-2	641
378	2912	2912	0	-1	650
379	2876	2880	0	-1	647
380	2980	2880	0	-1	650
381	2924	2980	0	-1	654
382	2956	2964	0	-1	645
383	3040	3080	0	0	647
384	2928	2928	0	-2	644
385	2976	3028	0	-3	653
386	3004	2932	0	-1	647
387	3000	2928	0	-1	640
388	2900	2964	0	-2	645
389	2936	2748	0	0	656
390	2924	2940	0	-1	648
391	2968	3004	0	-1	653
392	2908	2908	0	-2	647
393	2924	2868	0	-1	655
394	2848	3000	0	-3	641
395	2900	2928	0	-2	646
396	2888	2956	0	-1	646
397	2904	2976	0	-3	656
398	2872	2908	0	-4	650
399	2828	2940	0	0	640
400	2868	2884	0	-1	658
401	2964	2776	0	-1	655
402	2924	2992	0	-2	663
403	2940	2928	0	0	642
404	2936	2952	0	-4	648
405	2972	2968	0	-1	643
406	2900	2844	0	-2	638
407	2904	2884	0	1	654
408	3000	2960	0	-2	645
409	2916	3040	0	-1	641
410	2960	3040	0	-1	659
411	2908	2956	0	0	648
412	2880	2916	0	-2	644
413	2956	2888	0	-1	653
414	2952	2920	0	-1	646
415	2944	2988	0	-4	653
416	2948	2980	0	-3	655
417	2960	2804	0	-2	642
418	2832	3024	0	-1	645
419	2872	2872	0	-1	632
420	2840	2928	0	-1	642
421	3016	3004	0	-1	640
422	2928	2872	0	-2	630
423	2988	2836	0	-1	645
424	2924	2912	0	-1	634
425	2848	2820	0	-1	646
426	2896	2968	0	-1	637
427	3008	2872	0	-2	636
428	2880	2812	0	-2	638
429	3036	2876	0	-2	642
430	3064	2972	0	-1	634
431	2928	2940	0	-2	642
432	2928	2920	0	-2	641
433	2976	2924	0	0	639
434	3020	2912	0	-2	640
435	2952	2868	0	0	631
436	3000	2792	0	-2	639
437	2936	2932	0	-2	645
438	2860	2936	0	-2	638
439	2840	2972	0	0	635
440	2860	2896	0	-2	641
441	2944	2976	0	0	631
442	2928	2960	0	-2	630
443	2924	2912	0	-1	632
444	2956	2900	0	-2	642
445	2856	2908	0	1	634
446	2912	2888	0	-1	642
447	3008	2976	0	-1	639
448	2956	2932	0	-2	636
449	3004	3008	0	0	636
450	2916	2856	0	0	638
451	2952	2872	0	-1	637
452	2888	2892	0	-1	642
453	2896	3012	0	-5	641
454	3036	2944	0	-3	646
455	2912	2880	0	-2	637
456	2896	2972	0	-2	638
457	3004	2920	0	-2	647
458	2936	3040	0	-1	637
459	3080	2988	0	-2	634
460	2940	2944	0	-2	635
461	2872	2920	0	-1	634
462	2952	2924	0	0	641
463	2860	2928	0	-1	630
464	2948	2904	0	-1	639
465	2908	2908	0	0	644
466	2892	2908	0	-1	644
467	2900	2824	0	-2	644
468	2896	2880	0	-2	642
469	2996	3000	0	-1	643
470	2936	2888	0	-1	642
471	3072	2988	0	-1	630
472	2920	2900	0	0	639
473	2920	2980	0	1	641
474	3004	2932	0	-1	630
475	3052	2948	0	-2	643
476	2956	2952	0	-1	636
477	2836	2884	0	-1	650
478	2936	2872	0	-2	643
479	2952	2892	0	-1	640
480	2872	2964	0	-2	632
481	2944	2884	0	-1	633
482	2904	2940	0	-1	641
483	2912	3008	0	-2	636
484	2924	2956	0	-1	634
485	2984	3096	0	-1	630
486	3008	2960	0	-2	646
487	2960	2952	0	-2	645
488	2868	2920	0	-2	640
489	2928	2988	0	-2	636
490	2840	2900	0	-2	646
491	2868	2904	0	-3	643
492	2848	2928	0	-1	645
493	2932	2868	0	-2	636
494	2908	3004	0	-1	643
495	2980	2924	0	-1	631
496	2936	3028	0	-2	644
497	2928	2952	0	-3	645
498	3016	2960	0	-1	647
499	2948	2964	0	-2	647
500	2924	2908	0	-2	647
501	2944	2956	0	0	632
502	2916	2852	0	-2	641
503	2948	2888	0	-1	640
504	2892	3024	0	-1	642
505	2872	2944	0	-1	650
506	2880	2920	0	-1	632
507	2892	3052	0	-3	633
508	2900	2988	0	-1	636
509	2956	2920	0	-2	645
510	2948	2960	0	-2	638
511	2972	2888	0	-1	639
512	2936	2828	0	-1	631
513	2896	2984	0	-1	630
514	2904	2908	0	-2	635
515	2840	2980	0	0	644
516	2964	3004	0	-2	637
517	2832	2896	0	-2	637
518	2912	2888	0	-1	639
519	3220	2932	0	-1	635
520	3188	3176	0	-2	636
521	3252	3216	0	0	632
522	3200	3252	0	-1	646
523	3200	3124	0	-2	639
524	2936	2952	0	-1	646
525	2956	2908	0	-1	635
526	2936	2900	0	-1	647
527	2916	2904	0	-2	644
528	2968	3008	0	-2	640
529	3176	3228	0	-1	641
530	3268	3220	0	-1	631
531	3352	3304	0	-1	643
532	3112	3208	0	-2	647
533	2988	2956	0	-2	642
534	2904	2804	0	-2	642
535	2916	2912	0	-2	633
536	2844	3000	0	-2	645
537	2956	3040	0	0	641
538	2900	2916	0	-2	639
539	2868	3012	0	-1	643
540	2940	2888	0	0	647
541	2820	2760	0	-1	633
542	2996	2980	0	-2	645
543	3016	2928	0	-1	632
544	2852	2976	0	-1	641
545	2928	2944	0	-1	641
546	3000	3048	0	-1	630
547	3020	2976	0	-2	638
548	2944	3008	0	-1	637
549	2944	2860	0	-1	636
550	2920	2984	0	-1	643
551	2892	2900	0	-2	641
552	2956	2944	0	-1	640
553	2868	3052	0	-2	644
554	2944	2864	0	-1	643
555	2872	2924	0	0	642
556	2768	2848	0	-1	638
557	2884	2920	0	-2	639
558	3032	2952	0	-1	639
559	3044	3040	0	-2	637
560	3024	2936	0	-2	632
561	2880	2976	0	-1	644
562	2844	2916	0	-2	646
563	2928	2904	0	-1	641
564	2936	2908	0	-2	645
565	2884	2992	0	-1	637
566	2864	2940	0	0	633
567	2956	2856	0	-2	647
568	2884	2912	0	-1	639
569	2956	2976	0	-2	635
570	2964	2892	0	-1	650
571	2900	2956	0	-4	641
572	2888	2892	0	-1	647
573	2880	2912	0	-1	639
574	2856	2964	0	-2	644
575	2976	2976	0	-2	638
576	2816	2932	0	0	633
577	2944	2916	0	-1	646
578	2820	3000	0	-2	633
579	3000	2944	0	-1	633
580	2928	2940	0	0	652
581	2916	2904	0	0	640
582	2896	2840	0	-3	640
583	2904	2872	0	-2	633
584	2936	2956	0	-2	640
585	3068	2996	0	-2	634
586	2904	2952	0	-2	633
587	2872	2880	0	-2	648
588	2924	2892	0	-1	629
589	2956	2952	0	-1	646
590	2848	2964	0	1	643
591	2900	2868	0	-1	648
592	3020	2928	0	0	636
593	2936	2936	0	-2	649
594	2924	2948	0	0	641
595	2952	2964	0	-2	645
596	2860	2880	0	-1	645
597	2872	2936	0	-1	644
598	2876	2992	0	-1	645
599	2876	2936	0	-1	643
600	2936	2884	0	-1	646
601	2752	2924	0	0	647
602	2976	2888	0	-1	631
603	2936	2876	0	-1	631
604	2884	2908	0	-2	630
605	2964	2908	0	-1	644
606	2920	2896	0	-2	639
607	2904	2988	0	-1	637
608	3040	2976	0	-1	638
609	2996	2932	0	-2	632
610	2948	2868	0	0	627
611	2880	2848	0	-1	639
612	2868	2940	0	-1	645
613	2932	3016	0	-1	643
614	2896	2868	0	-1	634
615	3224	3140	0	-2	636
616	3224	3208	0	-1	635
617	3284	3188	0	-1	640
618	3264	3264	0	-1	644
619	3196	3172	0	-2	639
620	3196	3140	0	-1	631
621	3184	3164	0	-2	642
622	3168	3112	0	-1	635
623	2892	3192	0	-1	638
624	2988	2924	0	-1	644
625	2900	2924	0	-2	637
626	2916	2892	0	-1	641
627	2816	2916	0	-1	637
628	3044	2968	0	-1	636
629	3208	3072	0	-3	646
630	3024	3296	0	-2	644
631	2936	2968	0	-1	638
632	3044	3040	0	-2	646
633	3248	3168	0	-2	646
634	3236	3260	0	-2	634
635	3208	3156	0	-1	642
636	3144	3108	0	-1	639
637	3172	3136	0	-1	634
638	2900	2964	0	-2	630
639	2932	2944	0	-2	645
640	2900	2836	0	-1	638
641	2896	2872	0	-1	632
642	2896	2884	0	-3	641
643	2956	2936	0	-1	652
644	3008	2896	0	-1	635
645	2944	2932	0	-2	644
646	2900	2928	0	-1	643
647	2884	2968	0	-2	641
648	3196	2944	0	-1	630
649	3152	3160	0	0	632
650	3104	3212	0	-2	644
651	3152	2956	0	-1	641
652	3348	3200	0	0	636
653	3152	3304	0	-2	639
654	3252	3288	0	-2	631
655	3132	3304	0	0	638
656	3108	3144	0	-1	646
657	3324	3320	0	-2	641
658	3220	3260	0	-2	635
659	3276	3180	0	-2	635
660	3192	3108	0	-2	631
661	3148	3204	0	-3	638
662	3236	3132	0	-1	641
663	3244	3296	0	-1	637
664	3260	3208	0	-1	639
665	3180	3208	0	-1	637
666	3076	3176	0	-1	637
667	3184	3132	0	-4	641
668	3024	3112	0	-1	631
669	2912	2900	0	-2	636
670	2944	2940	0	-1	644
671	2976	2984	0	-2	647
672	3004	3012	0	-2	637
673	2920	2824	0	-2	641
674	2948	2932	0	-2	646
675	2956	3028	0	-1	641
676	2868	2948	0	-1	645
677	2984	2892	0	0	638
678	2968	2876	0	-1	644
679	3028	2828	0	0	641
680	3020	2972	0	0	646
681	2928	2920	0	-1	640
682	2992	2988	0	-1	632
683	2916	2956	0	-1	649
684	2924	2964	0	-2	635
685	2924	3092	0	-3	641
686	2968	2880	0	-1	638
687	2932	2944	0	-1	640
688	2924	2948	0	-1	645
689	2848	2968	0	-1	642
690	2840	2940	0	-2	631
691	2992	2952	0	0	642
692	2812	2936	0	-2	641
693	2924	2996	0	-1	646
694	2944	2916	0	-1	636
695	3072	2964	0	-1	634
696	2940	2884	0	-1	640
697	2916	2912	0	-2	639
698	2880	2868	0	0	643
699	3028	2880	0	-1	648
700	2980	2972	0	-2	641
701	2936	2892	0	-1	643
702	2964	3132	0	0	636
703	2844	2920	0	-1	640
704	2992	2868	0	-1	645
705	2880	2948	0	-2	643
706	3020	2964	0	0	628
707	3000	2924	0	-2	639
708	2956	3012	0	-1	640
709	2904	2948	0	-1	635
710	2852	2912	0	-1	629
711	2860	3032	0	-1	637
712	2968	2896	0	-1	636
713	3272	2904	0	-2	629
714	3204	3232	0	-2	638
715	3216	3196	0	-2	642
716	3224	3208	0	-2	641
717	3160	3160	0	-2	629
718	3148	3168	0	-1	646
719	3268	3152	0	-1	643
720	3264	3252	0	-1	637
721	3192	3276	0	-2	636
722	3228	3204	0	-1	636
723	3192	3192	0	-1	644
724	3164	3164	0	-1	642
725	3200	3232	0	-2	641
726	3288	3288	0	-2	635
727	3216	3256	0	-1	638
728	3188	3260	0	1	636
729	3192	3304	0	-1	625
730	3092	3196	0	-2	644
731	2928	3016	0	0	648
732	2900	2944	0	0	633
733	2936	2956	0	-1	631
734	2924	2956	0	-1	639
735	2856	2988	0	-1	643
736	2928	2876	0	-1	634
737	3064	2948	0	-2	631
738	2824	2892	0	-2	644
739	2892	3008	0	-1	649
740	2960	2960	0	-2	634
741	2848	2944	0	-3	636
742	3036	2916	0	-2	638
743	2924	2908	0	-2	648
744	2860	2900	0	-1	641
745	2968	2920	0	-3	640
746	2836	2992	0	0	642
747	2980	2944	0	-1	649
748	2888	2868	0	-1	632
749	2876	2908	0	-2	639
750	2896	2984	0	0	638
751	3000	2876	0	-1	636
752	3012	2984	0	-1	638
753	2920	2916	0	-2	639
754	2912	2852	0	0	643
755	2916	2944	0	-1	632
756	2948	2956	0	-2	651
757	3096	2884	0	-2	639
758	2912	2880	0	-1	641
759	2828	2784	0	-2	628
760	2956	2912	0	-2	648
761	2968	2908	0	-1	646
762	2888	2980	0	-3	645
763	2948	2896	0	-2	634
764	2792	2864	0	-2	629
765	2844	2864	0	-2	648
766	2892	2904	0	-1	640
767	2852	3000	0	-1	640
768	2900	2840	0	-1	632
769	2928	2832	0	-2	647
770	2904	2944	0	-1	634
771	2840	3016	0	-1	645
772	2960	2972	0	0	631
773	2968	2888	0	-1	641
774	2972	2972	0	-2	638
775	3060	2856	0	-2	630
776	2836	2880	0	-1	636
777	2996	2832	0	-2	643
778	2840	2924	0	-2	645
779	2936	2936	0	-1	636
780	3028	2996	0	-2	657
781	3068	2916	0	-2	643
782	3012	3000	0	-2	647
783	2928	2928	0	-1	637
784	2872	2832	0	-2	645
785	2880	3008	0	-3	645
786	2824	3000	0	-2	642
787	2928	2856	0	-1	647
788	2936	2948	0	2	655
789	2964	2996	0	-3	651
790	2868	2988	0	-1	646
791	2992	2944	0	-1	641
792	3016	2960	0	-2	647
793	2888	2888	0	0	644
794	2964	2868	0	-2	649
795	2880	2912	0	-1	654
796	2928	2912	0	0	649
797	3012	2892	0	0	652
798	2888	2904	0	1	645
799	2940	2956	0	-3	642
800	2908	3012	0	-1	642
801	2924	2908	0	-1	650
802	2880	2944	0	-1	653
803	2872	2968	0	-1	646
804	2940	2980	0	-1	645
805	3036	3068	0	0	641
806	2928	2964	0	-2	641
807	2956	2952	0	0	643
808	2924	2884	0	0	656
809	2872	2852	0	1	646
810	2984	2824	0	-2	641
811	2924	2880	0	-1	647
812	2956	2884	0	-3	655
813	3024	2856	0	0	645
814	2840	2948	0	-2	654
815	3092	2900	0	-1	651
816	2928	2888	0	-1	651
817	2896	3028	0	1	639
818	2924	2952	0	-2	649
819	2948	2948	0	-1	643
820	2860	2912	0	-2	642
821	2948	2920	0	-1	649
822	2788	2920	0	0	659
823	2912	2908	0	-2	639
824	2996	2848	0	-2	651
825	2840	2840	0	-3	651
826	3052	2968	0	-4	654
827	2848	2936	0	-3	649
828	2976	2968	0	0	649
829	2904	2896	0	-1	659
830	2872	2864	0	-1	656
831	2968	3048	0	-1	639
832	2864	2908	0	-2	647
833	2956	2960	0	-2	640
834	2884	2956	0	-2	643
835	2980	2896	0	0	653
836	2984	2980	0	-4	651
837	2896	2900	0	1	643
838	2988	2940	0	-1	645
839	2972	2888	0	-2	639
840	2912	2936	0	-1	638
841	2868	2924	0	-2	640
842	2884	2808	0	-1	647
843	2848	2900	0	-2	646
844	2876	3008	0	-1	642
845	2972	3016	0	-3	641
846	2956	2980	0	-1	643
847	2988	2928	0	-2	644
848	2988	2956	0	-1	642
849	2968	2844	0	-2	637
850	2956	2916	0	-3	635
851	2888	2908	0	0	637
852	2960	2976	0	-2	645
853	2948	2980	0	-2	637
854	2916	2916	0	-1	633
855	2880	2932	0	-2	653
856	2888	2924	0	-2	644
857	2896	2888	0	-1	641
858	2920	2924	0	-1	629
859	2896	2856	0	-1	632
860	2920	2956	0	-1	645
861	2840	2784	0	-2	631
862	2812	2920	0	-2	643
863	2936	2848	0	-2	643
864	2924	2856	0	-2	638
865	2892	2816	0	-1	649
866	2992	2876	0	-2	638
867	2976	2808	0	-1	642
868	2884	2944	0	-1	645
869	2908	2936	0	-3	634
870	2944	2848	0	0	632
871	2928	2936	0	-1	636
872	2856	2884	0	-2	637
873	2900	3000	0	-1	637
874	2852	2972	0	-5	635
875	2864	2824	0	0	639
876	2900	2880	0	-1	637
877	2848	2984	0	-1	639
878	3044	2864	0	-2	641
879	2920	2996	0	-2	643
880	2900	2984	0	-1	633
881	2840	2936	0	-2	635
882	2912	2940	0	-1	644
883	2928	2912	0	-2	636
884	2924	2976	0	-3	639
885	2888	2916	0	-1	633
886	2952	2868	0	-1	628
887	2852	2892	0	-1	658
888	3004	2972	0	-3	652
889	2924	2956	0	-2	642
890	2972	3052	0	-2	649
891	2964	2884	0	-1	651
892	2848	2912	0	-2	646
893	2876	2980	0	-1	656
894	2848	2852	0	-3	643
895	2948	2928	0	-1	647
896	2952	2880	0	-1	646
897	2972	2956	0	0	656
898	2924	2928	0	0	644
899	2924	2824	0	-1	652
900	2776	2856	0	0	638
901	2892	2908	0	-2	644
902	3024	2892	0	-2	648
903	2868	2904	0	-1	661
904	2912	2968	0	-1	655
905	2912	3028	0	-2	653
906	2984	2968	0	-2	643
907	2988	2808	0	-2	642
908	2900	2888	0	-2	641
909	2872	2944	0	-2	646
910	2916	2980	0	-1	657
911	2800	2876	0	-1	656
912	2832	2964	0	-2	650
913	3036	2884	0	-1	654
914	2904	2904	0	-1	649
915	2760	2920	0	-2	650
916	2984	3028	0	-1	645
917	2892	2812	0	2	644
918	2932	2976	0	-2	639
919	2920	2944	0	-1	647
920	2920	2932	0	-2	652
921	2884	2908	0	-1	650
922	2952	2836	0	-1	652
923	2876	2832	0	-2	646
924	2848	2912	0	-1	655
925	2880	2864	0	-2	649
926	2868	2804	0	0	650
927	2852	2844	0	0	664
928	2988	2800	0	-1	652
929	2932	3004	0	-2	654
930	2952	2936	0	-2	642
931	2888	2920	0	-2	653
932	2916	2856	0	-1	653
933	2972	2916	0	-1	650
934	2996	2912	0	-1	653
935	2960	2936	0	-1	645
936	2912	2924	0	-3	656
937	2868	2948	0	-3	659
938	2948	2932	0	-1	652
939	2884	2864	0	-1	649
940	2896	2952	0	-1	643
941	2964	2952	0	-1	649
942	2988	2908	0	-1	652
943	2848	2928	0	-2	646
944	2948	2864	0	-2	650
945	2868	2936	0	-2	651
946	2868	2992	0	1	652
947	2892	2960	0	-2	648
948	2912	2960	0	-2	654
949	3024	2852	0	-1	650
950	2980	3012	0	0	652
951	2896	2928	0	-3	645
952	2872	2840	0	-1	666
953	2876	2872	0	-2	664
954	2780	2844	0	-1	670
955	3016	2832	0	-2	671
956	2988	3012	0	-1	653
957	2904	2820	0	-2	654
958	3004	2972	0	-1	649
959	3012	2892	0	-2	647
960	2908	2972	0	1	646
961	2944	2884	0	-1	651
962	2932	2784	0	-2	648
963	2952	3040	0	-3	646
964	2804	2856	0	-1	655
965	2896	2844	0	-3	652
966	2952	2940	0	-1	657
967	2988	3024	0	-1	647
968	2980	2932	0	-1	653
969	2940	2876	0	-1	646
970	3000	2956	0	-2	643
971	2944	2968	0	-1	647
972	2916	2980	0	-1	652
973	2956	2968	0	-1	655
974	2928	2852	0	-2	658
975	3000	2888	0	-3	652
976	2852	2940	0	-1	647
977	2872	2928	0	-2	653
978	2916	2864	0	-1	649
979	2800	2936	0	-2	655
980	2976	2984	0	0	652
981	3044	2940	0	-1	653
982	2832	2868	0	-1	654
983	2868	2868	0	-1	670
984	2836	2984	0	-2	662
985	2984	2956	0	-3	672
986	2852	2964	0	-2	675
987	3016	2956	0	-2	657
988	2952	2928	0	-2	644
989	2860	2816	0	0	657
990	2892	2912	0	-2	680
991	2968	2804	0	1	669
992	2892	2924	0	-1	675
993	2928	2888	0	-2	673
994	2912	2904	0	-4	653
995	2824	3064	0	-2	658
996	2896	2852	0	0	648
