1	-200	18888	19128	0	-2	576
2	-198	19104	19096	0	-1	574
3	-196	18948	18964	0	-1	577
4	-193	18888	18868	0	-2	575
5	-191	18944	18652	0	-2	568
6	-189	18980	18696	0	-1	579
7	-187	18932	19032	0	0	569
8	-185	18772	18856	0	-2	568
9	-182	18868	18644	0	-1	560
10	-180	19000	18868	0	-1	567
11	-178	18968	18740	0	-1	567
12	-176	19216	18812	0	-1	568
13	-174	18608	19100	0	-1	564
14	-171	18548	19240	0	-2	567
15	-169	18696	19052	0	-1	566
16	-167	18648	18736	0	-1	579
17	-165	18640	18804	0	-1	572
18	-163	18632	18988	0	-2	565
19	-160	18424	18764	0	-2	562
20	-158	18684	18760	0	-1	574
21	-156	18636	18460	0	-2	580
22	-154	18764	18768	0	-2	571
23	-152	18864	18656	0	-1	579
24	-149	18748	18816	0	-2	574
25	-147	19000	18920	0	-1	577
26	-145	18576	18680	0	-1	573
27	-143	18928	18868	0	-1	572
28	-141	18540	18624	0	-1	571
29	-138	18516	18736	0	-2	565
30	-136	18696	18364	0	-1	575
31	-134	18308	18232	0	-2	575
32	-132	18556	18280	0	-2	577
33	-130	18624	18576	0	0	564
34	-127	18520	18120	0	-2	574
35	-125	18704	18376	0	-1	564
36	-123	18864	18372	0	-2	568
37	-121	18348	18660	0	-1	578
38	-119	18820	18792	0	-1	575
39	-116	18288	18608	0	-1	580
40	-114	18452	18804	0	-1	565
41	-112	18884	18500	0	-1	569
42	-110	17980	18416	0	-2	562
43	-108	18368	18264	0	0	566
44	-105	18328	18308	0	-2	571
45	-103	18088	18332	0	-1	571
46	-101	18088	18232	0	-2	574
47	-99	17944	18324	0	-1	576
48	-97	18076	18176	0	-2	562
49	-94	18304	18120	0	-1	578
50	-92	18260	18076	0	-1	579
51	-90	18208	18056	0	-1	569
52	-88	18420	18448	0	-1	569
53	-86	18492	18240	0	-1	561
54	-83	18248	18356	0	-1	577
55	-81	18316	18524	0	-1	578
56	-79	18296	18364	0	-2	575
57	-77	18252	18320	0	-1	575
58	-75	18276	18404	0	-1	564
59	-72	18356	18484	0	-1	563
60	-70	18108	18240	0	-1	574
61	-68	18176	18140	0	-2	564
62	-66	18196	18168	0	-1	572
63	-64	18232	17852	0	-1	574
64	-61	17900	18412	0	-1	579
65	-59	17880	18228	0	-1	564
66	-57	17752	18100	0	0	571
67	-55	17908	18060	0	-1	564
68	-53	17840	17808	0	-1	559
69	-50	17784	17768	0	0	559
70	-48	17768	17984	0	-2	562
71	-46	17652	17688	0	-1	577
72	-44	17884	17604	0	-1	567
73	-42	17788	17808	0	-2	574
74	-39	17568	17576	0	-1	574
75	-37	17660	17732	0	-2	560
76	-35	17708	17396	0	-2	579
77	-33	17464	17412	0	-1	576
78	-31	17632	17328	0	-1	570
79	-28	17732	17784	0	-1	560
80	-26	17696	17748	0	-2	564
81	-24	17672	17668	0	-1	575
82	-22	17876	17588	0	-2	575
83	-20	17632	17528	0	-2	579
84	-17	17464	17456	0	-2	569
85	-15	17628	17672	0	-2	574
86	-13	17236	17476	0	0	563
87	-11	17396	17500	0	-1	571
88	-9	17672	17204	0	-2	570
89	-6	17380	17572	0	-1	574
90	-4	17368	17112	0	-1	575
91	-2	17300	17496	0	-2	574
92	0	17264	17348	0	-1	565
93	2	17596	17444	0	-1	574
94	5	17068	17364	0	-1	568
95	7	17292	17196	0	-1	568
96	9	17324	17308	0	-2	573
97	11	17368	17128	0	-3	571
98	13	17300	17372	0	-2	564
99	16	17008	17192	0	-1	572
100	18	17208	17184	0	-1	574
101	-200	19608	19332	0	0	575
102	-198	19056	19452	0	-1	569
103	-196	19104	19288	0	-1	567
104	-193	18972	19076	0	-2	568
105	-191	18932	19040	0	-1	566
106	-189	18640	19236	0	-1	578
107	-187	18708	19068	0	0	572
108	-185	19036	19120	0	-2	584
109	-182	18980	18808	0	-2	566
110	-180	18880	18908	0	-1	574
111	-178	18812	18800	0	0	577
112	-176	18792	18948	0	-1	568
113	-174	18892	18592	0	-1	570
114	-171	18940	19060	0	-2	576
115	-169	18960	19168	0	-1	568
116	-167	19112	18908	0	-2	563
117	-165	19212	18864	0	-1	573
118	-163	18724	18972	0	-2	574
119	-160	18720	18876	0	-1	569
120	-158	18544	18708	0	-1	564
121	-156	18592	18576	0	-1	567
122	-154	18408	18656	0	-1	575
123	-152	18616	18700	0	-1	568
124	-149	18612	18476	0	-2	578
125	-147	18796	18572	0	-1	574
126	-145	18464	18660	0	-1	562
127	-143	18460	18540	0	-1	576
128	-141	18300	18424	0	0	568
129	-138	18420	18412	0	-1	574
130	-136	18032	18288	0	-1	572
131	-134	18904	18816	0	-1	565
132	-132	18768	18676	0	-2	562
133	-130	18596	18536	0	0	569
134	-127	18364	18556	0	-1	575
135	-125	18496	18636	0	-1	563
136	-123	18320	18480	0	-1	568
137	-121	18468	18508	0	-1	579
138	-119	18472	18460	0	-2	564
139	-116	18276	18296	0	-2	564
140	-114	18480	18376	0	-2	564
141	-112	18196	18736	0	0	565
142	-110	18488	18476	0	-1	566
143	-108	18584	18292	0	-2	580
144	-105	18208	18320	0	-2	578
145	-103	18232	17920	0	-2	567
146	-101	18384	18140	0	-1	568
147	-99	18316	18360	0	-2	569
148	-97	18148	18160	0	-1	571
149	-94	17856	17952	0	-2	576
150	-92	18056	18112	0	-1	578
151	-90	17888	17972	0	-1	576
152	-88	18064	17840	0	-1	570
153	-86	18236	18024	0	-1	569
154	-83	17868	17660	0	-1	577
155	-81	17780	18080	0	-1	568
156	-79	18036	18008	0	-2	564
157	-77	17944	17984	0	-2	576
158	-75	18136	17812	0	-2	576
159	-72	17956	18012	0	-2	576
160	-70	17852	17832	0	-2	566
161	-68	18156	18008	0	-1	568
162	-66	18072	18008	0	-2	571
163	-64	18100	17972	0	-1	566
164	-61	18236	17776	0	-1	562
165	-59	18020	17960	0	-1	567
166	-57	18444	18128	0	-1	568
167	-55	17988	17916	0	-1	572
168	-53	18016	18180	0	-1	572
169	-50	17844	18112	0	-1	575
170	-48	17856	18012	0	-1	577
171	-46	17820	17948	0	-1	573
172	-44	17764	17968	0	-1	573
173	-42	17436	17904	0	0	563
174	-39	17692	17456	0	-2	575
175	-37	17664	17432	0	-1	572
176	-35	17688	17760	0	-2	570
177	-33	17488	17828	0	-2	567
178	-31	17392	17552	0	-2	563
179	-28	17552	17532	0	-2	571
180	-26	17344	17464	0	-2	568
181	-24	17552	17288	0	-1	564
182	-22	17488	17448	0	-2	569
183	-20	17128	17416	0	-1	572
184	-17	17252	17148	0	-1	576
185	-15	17528	17492	0	-1	566
186	-13	17596	17196	0	-1	564
187	-11	17312	17808	0	-2	567
188	-9	17008	16936	0	0	566
189	-6	17304	17384	0	-1	566
190	-4	17436	17492	0	0	572
191	-2	17536	17396	0	-2	569
192	0	17468	17480	0	-2	570
193	2	17204	17364	0	-1	577
194	5	17340	17248	0	-1	574
195	7	17176	17608	0	-1	569
196	9	17704	17500	0	-1	577
197	11	17532	17484	0	-2	568
198	13	17272	17296	0	-1	569
199	16	17416	17428	0	-2	569
200	18	17532	17468	0	-2	569
201	-200	19248	19136	0	-1	568
202	-198	18584	19080	0	-1	572
203	-196	18944	18964	0	0	572
204	-193	18864	18516	0	-2	572
205	-191	18832	19040	0	-1	575
206	-189	19008	18816	0	-1	574
207	-187	18928	18724	0	-2	573
208	-185	18472	18716	0	-1	568
209	-182	18488	18624	0	-2	570
210	-180	18740	18660	0	-2	569
211	-178	18588	18536	0	-2	577
212	-176	18672	18644	0	-1	563
213	-174	18684	18492	0	-1	571
214	-171	18796	18388	0	-2	566
215	-169	18520	18504	0	-2	573
216	-167	18396	18588	0	-1	576
217	-165	18664	18228	0	-2	575
218	-163	18956	18544	0	-1	573
219	-160	18640	18636	0	-2	567
220	-158	18624	18816	0	-1	566
221	-156	18836	18716	0	-1	577
222	-154	18672	18816	0	0	569
223	-152	18740	18720	0	-1	575
224	-149	18572	18824	0	-1	572
225	-147	18600	18508	0	-2	566
226	-145	18012	18412	0	-2	562
227	-143	18544	18556	0	-1	570
228	-141	18292	18756	0	-2	560
229	-138	17980	18344	0	-2	566
230	-136	18452	18360	0	-1	566
231	-134	18396	18368	0	-2	577
232	-132	18460	18496	0	-2	567
233	-130	18560	19540	0	-1	575
234	-127	18312	18756	0	-1	563
235	-125	18512	18524	0	-1	573
236	-123	18212	18532	0	0	564
237	-121	18092	18568	0	-2	569
238	-119	18244	18448	0	-2	574
239	-116	17932	18312	0	-1	570
240	-114	17860	18144	0	-2	567
241	-112	18092	18332	0	-1	568
242	-110	18540	19452	0	-1	565
243	-108	18564	19232	0	-1	575
244	-105	18648	19496	0	0	576
245	-103	18464	18660	0	-2	570
246	-101	18472	18580	0	-1	574
247	-99	18232	18580	0	-1	571
248	-97	18040	18592	0	-1	571
249	-94	17940	18380	0	-1	578
250	-92	17788	18356	0	-1	570
251	-90	17704	18052	0	-1	578
252	-88	17948	18256	0	-1	571
253	-86	18056	18296	0	-2	575
254	-83	17768	18248	0	-2	573
255	-81	18016	18420	0	0	572
256	-79	17928	18556	0	-2	563
257	-77	18312	18572	0	-2	567
258	-75	17984	18664	0	-1	569
259	-72	18024	18720	0	-1	567
260	-70	17844	18564	0	-1	573
261	-68	18040	18292	0	-1	566
262	-66	17568	17824	0	-2	571
263	-64	17628	17676	0	-2	582
264	-61	17684	17872	0	-1	565
265	-59	17836	17788	0	-2	577
266	-57	17636	17508	0	-1	567
267	-55	17952	18116	0	-1	563
268	-53	18012	17876	0	-1	575
269	-50	17788	18092	0	0	574
270	-48	17728	17720	0	-1	576
271	-46	17864	18092	0	-2	578
272	-44	17624	17812	0	-1	574
273	-42	17180	17548	0	-2	572
274	-39	17456	17500	0	-2	579
275	-37	17600	17724	0	-1	562
276	-35	17604	17440	0	-2	574
277	-33	17676	17316	0	-1	572
278	-31	17572	17484	0	-1	571
279	-28	17616	17496	0	-2	574
280	-26	17992	17484	0	-1	576
281	-24	17856	17632	0	-1	575
282	-22	17668	17588	0	-2	564
283	-20	17588	17624	0	-1	574
284	-17	17908	17540	0	-2	571
285	-15	17608	17600	0	-1	570
286	-13	17780	17540	0	-1	568
287	-11	17552	17532	0	-2	566
288	-9	17640	17460	0	-1	567
289	-6	17048	17480	0	-1	575
290	-4	17440	17020	0	-1	569
291	-2	17792	17156	0	0	578
292	0	17320	17212	0	-2	572
293	2	17744	17296	0	-2	569
294	5	17392	17508	0	-2	580
295	7	17584	17744	0	0	570
296	9	17356	17368	0	-1	575
297	11	17304	17996	0	-1	567
298	13	17340	17084	0	-1	568
299	16	17240	17152	0	-1	578
300	18	17236	17472	0	-1	578
301	-200	18864	18864	0	-2	573
302	-198	19116	18984	0	-2	575
303	-196	19104	18928	0	-1	571
304	-193	19044	18872	0	-1	564
305	-191	19024	18980	0	-1	571
306	-189	19068	18760	0	-1	569
307	-187	18964	18724	0	-1	569
308	-185	18584	18884	0	-1	569
309	-182	19084	19060	0	-2	570
310	-180	18784	18876	0	-1	569
311	-178	18816	18960	0	-1	571
312	-176	19104	19016	0	-2	565
313	-174	19016	18792	0	-2	570
314	-171	18744	18844	0	-1	563
315	-169	18368	18568	0	-2	576
316	-167	18736	18556	0	-1	570
317	-165	18168	18232	0	-2	565
318	-163	18520	18384	0	-1	560
319	-160	18488	18336	0	-1	566
320	-158	18612	18540	0	-1	576
321	-156	18688	18740	0	-2	578
322	-154	18792	18840	0	-2	576
323	-152	18968	18872	0	-2	569
324	-149	18844	18900	0	-1	576
325	-147	18612	18412	0	-2	570
326	-145	18468	18712	0	-1	577
327	-143	18304	18164	0	-1	576
328	-141	18164	18216	0	0	572
329	-138	18404	18184	0	-1	565
330	-136	18352	18232	0	-1	573
331	-134	18352	18352	0	-2	570
332	-132	18612	18440	0	-1	565
333	-130	18412	18200	0	-1	578
334	-127	18644	18424	0	-2	568
335	-125	18676	18244	0	-1	582
336	-123	18532	18584	0	-1	572
337	-121	18260	18468	0	-1	567
338	-119	18324	18300	0	-1	565
339	-116	18072	18568	0	-1	567
340	-114	18464	18416	0	-2	567
341	-112	18160	18084	0	-1	573
342	-110	18624	18264	0	-1	578
343	-108	18332	18224	0	-1	568
344	-105	18176	18232	0	-1	573
345	-103	18704	18844	0	-2	569
346	-101	18720	18776	0	0	563
347	-99	18304	18620	0	-1	565
348	-97	17984	18720	0	-1	569
349	-94	18288	18316	0	-2	559
350	-92	18080	17984	0	-1	568
351	-90	18024	17852	0	0	570
352	-88	18040	17828	0	-2	570
353	-86	18184	18112	0	-1	577
354	-83	18232	18024	0	-1	565
355	-81	18144	18196	0	0	575
356	-79	18500	18236	0	-1	575
357	-77	18184	18280	0	-1	567
358	-75	17968	18732	0	-1	573
359	-72	18332	18420	0	0	562
360	-70	17848	18528	0	-2	571
361	-68	18108	18448	0	-1	566
362	-66	17856	19852	0	-2	572
363	-64	18052	18364	0	-2	575
364	-61	17692	18768	0	-1	571
365	-59	17796	18512	0	-2	573
366	-57	17864	18360	0	-1	568
367	-55	17992	18568	0	-1	572
368	-53	17984	18768	0	-2	564
369	-50	17856	18748	0	-2	568
370	-48	18020	18664	0	-1	577
371	-46	17752	18972	0	-2	568
372	-44	17940	19200	0	-2	568
373	-42	17668	18752	0	-2	571
374	-39	17696	19048	0	-1	569
375	-37	17908	17904	0	-1	574
376	-35	17768	17716	0	0	578
377	-33	17824	17596	0	-1	566
378	-31	17928	17552	0	-1	560
379	-28	17644	17760	0	-1	566
380	-26	17960	18080	0	-2	562
381	-24	17840	17660	0	-2	564
382	-22	17688	17568	0	-1	575
383	-20	17588	17772	0	-1	572
384	-17	17508	17416	0	-2	570
385	-15	18032	17948	0	-2	565
386	-13	17612	18076	0	-2	568
387	-11	17700	17640	0	-1	571
388	-9	17752	17732	0	-1	569
389	-6	17740	17696	0	-2	565
390	-4	17668	17540	0	-1	567
391	-2	17476	17572	0	0	573
392	0	17632	17444	0	-1	576
393	2	17592	17476	0	-2	569
394	5	17448	17608	0	-1	579
395	7	17688	17436	0	-2	575
396	9	17492	17380	0	-1	579
397	11	17180	17452	0	-1	572
398	13	17392	17360	0	-1	572
399	16	17140	17248	0	-1	567
400	18	17168	17112	0	-2	577
401	-200	19416	19228	0	-1	562
402	-198	19252	19156	0	-1	576
403	-196	18944	18768	0	-1	572
404	-193	18856	19000	0	-2	563
405	-191	18608	18768	0	-1	563
406	-189	18628	18784	0	-1	575
407	-187	18784	18992	0	-2	575
408	-185	18808	18720	0	-1	569
409	-182	18684	18664	0	-1	565
410	-180	18880	18528	0	-1	571
411	-178	18620	18704	0	-1	563
412	-176	18416	18772	0	-1	575
413	-174	18864	18720	0	-1	574
414	-171	18744	18800	0	0	560
415	-169	18844	19048	0	-1	575
416	-167	18696	18908	0	-1	573
417	-165	18764	18696	0	-1	565
418	-163	18600	18600	0	-1	565
419	-160	19016	18560	0	-1	567
420	-158	18900	18724	0	-2	566
421	-156	18816	18704	0	-1	578
422	-154	18568	18860	0	0	575
423	-152	19008	18936	0	-1	578
424	-149	18864	18824	0	-1	564
425	-147	18492	18776	0	-1	568
426	-145	18384	18560	0	-1	576
427	-143	18508	18364	0	-2	577
428	-141	18180	18416	0	-1	574
429	-138	18544	18596	0	-1	583
430	-136	18832	18500	0	-1	575
431	-134	18484	18376	0	-1	572
432	-132	18508	18636	0	0	566
433	-130	18916	18764	0	-1	566
434	-127	18576	18708	0	-1	579
435	-125	18236	18452	0	-1	577
436	-123	18680	18644	0	-2	569
437	-121	18532	18844	0	-1	568
438	-119	18472	18892	0	-1	573
439	-116	18244	18468	0	-1	574
440	-114	18436	18448	0	-1	569
441	-112	18296	18316	0	-1	574
442	-110	18384	18352	0	-2	570
443	-108	18392	18148	0	-1	568
444	-105	18140	17824	0	-2	570
445	-103	18524	18448	0	-1	574
446	-101	18268	18256	0	-2	563
447	-99	18596	18356	0	-1	569
448	-97	18488	18660	0	-1	571
449	-94	18196	18220	0	-1	577
450	-92	18232	18128	0	-1	575
451	-90	17916	17880	0	-2	564
452	-88	18044	18148	0	-2	577
453	-86	17896	17756	0	-1	567
454	-83	18136	17896	0	-2	565
455	-81	18180	18016	0	-2	577
456	-79	18768	18436	0	-1	575
457	-77	18556	18508	0	-1	576
458	-75	18240	18952	0	0	575
459	-72	18152	19072	0	-1	557
460	-70	18080	18732	0	-1	570
461	-68	17756	18700	0	-1	574
462	-66	17916	18516	0	-1	575
463	-64	17864	18320	0	-2	574
464	-61	17848	18568	0	-1	561
465	-59	17892	18624	0	-1	568
466	-57	17976	18532	0	-2	573
467	-55	18000	19032	0	-1	568
468	-53	17904	19132	0	-1	576
469	-50	18120	17812	0	-1	570
470	-48	17780	18128	0	-1	566
471	-46	18096	18024	0	-1	573
472	-44	17796	17736	0	-1	564
473	-42	17628	17684	0	-1	573
474	-39	17140	17832	0	-1	575
475	-37	17476	17640	0	-2	573
476	-35	17516	17468	0	-1	567
477	-33	17480	17480	0	-1	568
478	-31	17788	17784	0	-1	564
479	-28	17852	17940	0	-2	577
480	-26	17848	18520	0	-1	568
481	-24	18200	18552	0	0	567
482	-22	17724	18652	0	-1	569
483	-20	17704	18488	0	-1	568
484	-17	17624	19020	0	-2	571
485	-15	17308	18800	0	-1	576
486	-13	17600	18184	0	-1	573
487	-11	17388	18024	0	-2	574
488	-9	17160	17292	0	-1	570
489	-6	17292	17152	0	-2	566
490	-4	17144	17332	0	-1	575
491	-2	17580	17072	0	-1	575
492	0	17508	17500	0	-1	565
493	2	17472	17384	0	-1	577
494	5	17308	17260	0	-2	571
495	7	17400	17648	0	-1	571
496	9	16848	17452	0	-1	566
497	11	17184	17080	0	-2	565
498	13	17096	17396	0	-1	579
499	16	17188	17312	0	-1	568
500	18	17076	17284	0	-2	563
501	-200	19112	19224	0	-1	574
502	-198	19140	19360	0	-2	573
503	-196	19348	19148	0	0	577
504	-193	19400	19184	0	-2	567
505	-191	19032	19136	0	-1	571
506	-189	19048	19264	0	-1	571
507	-187	19152	18988	0	-1	571
508	-185	19088	19268	0	-1	573
509	-182	18844	19108	0	-1	568
510	-180	18960	19232	0	-1	566
511	-178	18980	18940	0	-1	569
512	-176	18664	18812	0	0	566
513	-174	18624	18356	0	-1	571
514	-171	18728	18636	0	-1	567
515	-169	18604	18860	0	-1	572
516	-167	18648	19072	0	-2	573
517	-165	18876	19032	0	-1	566
518	-163	19244	18984	0	-2	573
519	-160	18860	18952	0	-1	565
520	-158	18728	18920	0	-1	565
521	-156	18224	18436	0	-2	575
522	-154	18424	18608	0	-1	578
523	-152	18476	18616	0	-1	571
524	-149	18772	18564	0	-2	568
525	-147	18656	18560	0	-2	575
526	-145	18848	18508	0	-1	582
527	-143	18676	18704	0	-2	564
528	-141	18932	18536	0	0	565
529	-138	18728	18548	0	-1	572
530	-136	18596	18388	0	-2	571
531	-134	18552	18376	0	-2	568
532	-132	18436	18452	0	-1	573
533	-130	18220	18736	0	-1	575
534	-127	18184	18244	0	-1	572
535	-125	18332	17996	0	-1	566
536	-123	18244	18172	0	-1	574
537	-121	18632	18136	0	-1	578
538	-119	18448	17908	0	-2	570
539	-116	18352	18460	0	0	576
540	-114	18176	18712	0	-1	576
541	-112	17996	18232	0	-2	579
542	-110	17900	17988	0	-1	557
543	-108	18236	18172	0	-1	576
544	-105	18036	18028	0	-2	571
545	-103	18256	18184	0	-1	574
546	-101	18192	18576	0	-2	580
547	-99	18236	18280	0	-2	571
548	-97	17960	17920	0	-2	578
549	-94	17632	17968	0	-1	561
550	-92	18112	18020	0	-1	564
551	-90	18088	17672	0	-1	564
552	-88	18032	18008	0	-1	564
553	-86	18452	18340	0	-2	571
554	-83	18384	18124	0	-1	574
555	-81	18132	18316	0	-2	572
556	-79	18192	18200	0	-1	568
557	-77	17968	17928	0	-2	581
558	-75	18284	18048	0	-1	570
559	-72	17732	17776	0	-2	567
560	-70	17820	17768	0	-1	578
561	-68	18040	17988	0	-1	573
562	-66	18144	18168	0	-1	563
563	-64	18044	17928	0	-2	565
564	-61	17816	18000	0	-1	575
565	-59	17584	17564	0	-1	571
566	-57	17892	17580	0	-2	565
567	-55	17868	17856	0	-1	573
568	-53	18232	17472	0	-1	576
569	-50	17948	17712	0	-1	577
570	-48	17496	17808	0	-2	570
571	-46	17840	17980	0	-2	566
572	-44	17600	17740	0	-2	572
573	-42	17672	17592	0	-1	573
574	-39	17416	17556	0	-2	571
575	-37	17976	17412	0	0	573
576	-35	17872	17552	0	-2	574
577	-33	17872	17644	0	-1	573
578	-31	17836	17744	0	-1	571
579	-28	17668	17776	0	0	568
580	-26	17504	17452	0	-2	575
581	-24	17388	17436	0	-2	566
582	-22	17460	17468	0	-2	570
583	-20	17348	17152	0	-2	571
584	-17	17720	17268	0	-2	567
585	-15	17492	17616	0	-1	571
586	-13	17404	17580	0	-2	579
587	-11	17436	17404	0	-1	565
588	-9	17396	17568	0	-1	579
589	-6	17216	17104	0	-1	578
590	-4	17088	17164	0	-1	565
591	-2	17276	17072	0	-1	574
592	0	17116	17196	0	-1	565
593	2	17476	17364	0	-1	565
594	5	17240	17204	0	-1	577
595	7	17232	17608	0	-1	570
596	9	17432	17596	0	-1	579
597	11	17368	17536	0	-2	565
598	13	17244	17412	0	-1	576
599	16	17208	17244	0	-2	570
600	18	17152	17428	0	-2	573
601	-200	19252	18708	0	-1	569
602	-198	19320	19372	0	-1	574
603	-196	19108	18896	0	-2	573
604	-193	18960	19272	0	-1	567
605	-191	19040	19160	0	-1	575
606	-189	18676	18916	0	-2	562
607	-187	18812	19064	0	-1	576
608	-185	18884	19052	0	-1	568
609	-182	18964	18852	0	-1	568
610	-180	19004	19012	0	-1	567
611	-178	19264	18868	0	-2	570
612	-176	19148	18876	0	-2	578
613	-174	18888	19020	0	-1	578
614	-171	18808	18700	0	-2	568
615	-169	18748	19212	0	0	580
616	-167	19084	19020	0	-1	580
617	-165	18652	18704	0	-1	574
618	-163	18728	18620	0	-1	570
619	-160	18332	18952	0	-1	574
620	-158	18756	18672	0	-2	576
621	-156	18700	18472	0	-2	564
622	-154	18480	18500	0	-2	576
623	-152	18256	18384	0	-2	569
624	-149	18448	18672	0	-1	567
625	-147	18524	18448	0	-1	570
626	-145	18216	18472	0	-1	571
627	-143	18388	18604	0	-2	574
628	-141	18256	18268	0	-1	569
629	-138	18148	18132	0	-1	565
630	-136	18328	18396	0	-1	574
631	-134	18088	18312	0	-1	580
632	-132	18216	18196	0	0	571
633	-130	18340	18184	0	-1	570
634	-127	18436	18460	0	-1	576
635	-125	18376	18236	0	-1	565
636	-123	18640	18612	0	-1	567
637	-121	18716	18412	0	-1	569
638	-119	18412	18224	0	-1	563
639	-116	18404	18292	0	-1	564
640	-114	18380	18368	0	-1	566
641	-112	18424	18264	0	-2	568
642	-110	18564	18212	0	-1	573
643	-108	18672	18528	0	-2	572
644	-105	18364	18284	0	-1	567
645	-103	18300	18076	0	-2	566
646	-101	18508	18156	0	-1	572
647	-99	18368	18116	0	-1	571
648	-97	18424	18408	0	-1	563
649	-94	18300	18028	0	-1	569
650	-92	18068	18268	0	-1	577
651	-90	18048	18036	0	-2	570
652	-88	17912	18032	0	-1	577
653	-86	18204	18240	0	-1	567
654	-83	18264	18216	0	0	578
655	-81	17916	18044	0	-1	578
656	-79	17760	17808	0	-1	569
657	-77	17936	17720	0	-2	566
658	-75	17724	17924	0	-1	573
659	-72	17904	17992	0	-2	575
660	-70	17496	17832	0	-1	564
661	-68	17864	17620	0	-1	574
662	-66	18112	17908	0	-2	564
663	-64	18068	17756	0	-1	564
664	-61	17832	17788	0	-1	577
665	-59	18064	17988	0	-2	582
666	-57	18040	17880	0	-1	569
667	-55	17760	18012	0	-2	571
668	-53	17696	17796	0	0	572
669	-50	17972	17652	0	-1	568
670	-48	17988	17744	0	-2	578
671	-46	17932	18004	0	-2	568
672	-44	17728	17804	0	-1	575
673	-42	17516	17780	0	-1	572
674	-39	17784	17836	0	-2	572
675	-37	17828	17684	0	-1	569
676	-35	17620	17640	0	-2	573
677	-33	17680	17380	0	-1	567
678	-31	17552	17688	0	-2	563
679	-28	17704	17284	0	-1	574
680	-26	17320	17576	0	-1	571
681	-24	17432	17268	0	-1	581
682	-22	17492	17468	0	-1	573
683	-20	17408	17240	0	-2	571
684	-17	17712	17508	0	-2	565
685	-15	17448	17468	0	-1	577
686	-13	17260	17420	0	-1	570
687	-11	17468	17224	0	-1	566
688	-9	17200	17216	0	-3	567
689	-6	17096	17072	0	-1	575
690	-4	17208	17380	0	-2	563
691	-2	17324	17172	0	-1	568
692	0	17296	17128	0	-2	571
693	2	17400	17492	0	-1	569
694	5	17244	17216	0	-2	571
695	7	17540	17188	0	-2	576
696	9	17420	17316	0	0	574
697	11	17176	17196	0	-1	576
698	13	17188	17416	0	-2	575
699	16	17520	17396	0	-2	572
700	18	17376	17552	0	-1	568
701	-200	18612	18852	0	-2	579
702	-198	18932	19056	0	-1	573
703	-196	18892	19252	0	-1	576
704	-193	19276	19256	0	-2	574
705	-191	19260	19036	0	-2	570
706	-189	18776	19124	0	-1	575
707	-187	18560	19008	0	-2	571
708	-185	18748	18764	0	-1	571
709	-182	18912	18808	0	-1	573
710	-180	18648	18800	0	-2	574
711	-178	18920	18856	0	-2	575
712	-176	19040	18756	0	-1	579
713	-174	18476	18688	0	-2	571
714	-171	18584	18932	0	-2	565
715	-169	18592	18452	0	-1	575
716	-167	18508	18536	0	-1	564
717	-165	18404	18512	0	-1	569
718	-163	18540	18332	0	-1	567
719	-160	18676	18576	0	-1	569
720	-158	18496	18644	0	-2	577
721	-156	18720	18556	0	-2	568
722	-154	18544	18576	0	-2	571
723	-152	18604	18780	0	-1	569
724	-149	18788	18736	0	-1	566
725	-147	18720	18756	0	-2	568
726	-145	18960	18700	0	0	569
727	-143	18516	18580	0	-2	565
728	-141	18576	18748	0	-1	567
729	-138	18368	18448	0	-2	570
730	-136	18576	18380	0	-1	568
731	-134	18540	18744	0	-1	573
732	-132	18408	18504	0	-1	565
733	-130	18164	18440	0	-2	579
734	-127	18288	18504	0	-2	576
735	-125	18316	18452	0	-1	561
736	-123	18368	18360	0	-1	573
737	-121	18128	18188	0	-1	584
738	-119	18060	18300	0	-2	568
739	-116	18132	17812	0	-1	570
740	-114	18448	18164	0	-1	578
741	-112	18108	18148	0	-1	576
742	-110	18444	18308	0	-2	575
743	-108	18520	18500	0	0	572
744	-105	18148	17908	0	-1	568
745	-103	18104	18176	0	-1	571
746	-101	18248	18248	0	-1	567
747	-99	18384	18272	0	-2	576
748	-97	18324	18164	0	-1	576
749	-94	18192	17908	0	-1	571
750	-92	18172	18348	0	-1	576
751	-90	18376	18000	0	-2	571
752	-88	18324	18240	0	-1	571
753	-86	18596	18308	0	-1	567
754	-83	18156	18144	0	-2	578
755	-81	17932	18068	0	-1	565
756	-79	18260	18360	0	-2	563
757	-77	18348	18108	0	-1	571
758	-75	17964	18012	0	-2	577
759	-72	17840	18040	0	-1	568
760	-70	18020	18068	0	-2	571
761	-68	18220	18236	0	-1	573
762	-66	18108	18064	0	-2	567
763	-64	18088	17964	0	-1	572
764	-61	18092	17876	0	-1	572
765	-59	18148	17892	0	-1	577
766	-57	18064	17912	0	-2	576
767	-55	18236	18048	0	-1	566
768	-53	17968	18172	0	-1	568
769	-50	18060	18132	0	-1	572
770	-48	18032	17736	0	-1	577
771	-46	18252	17816	0	-1	569
772	-44	17856	17860	0	-1	581
773	-42	17672	17688	0	-1	565
774	-39	18024	17848	0	-2	571
775	-37	17712	17960	0	-1	571
776	-35	17828	17772	0	-1	570
777	-33	17840	17844	0	-1	569
778	-31	17872	17492	0	-2	569
779	-28	17956	17900	0	-1	573
780	-26	17528	17764	0	-1	577
781	-24	17828	18176	0	-1	575
782	-22	17956	17572	0	-1	562
783	-20	17628	17608	0	-1	570
784	-17	18076	17784	0	-2	571
785	-15	17664	17764	0	-1	573
786	-13	18060	17604	0	-1	575
787	-11	17972	17936	0	0	561
788	-9	17984	17764	0	-1	570
789	-6	17828	17704	0	-1	569
790	-4	17800	17452	0	-1	580
791	-2	17432	17564	0	-1	573
792	0	17788	17296	0	-2	572
793	2	17612	17588	0	-2	578
794	5	17828	17460	0	-2	559
795	7	17528	17812	0	-1	562
796	9	17500	17664	0	-2	552
797	11	17452	17440	0	-1	574
798	13	17800	17544	0	0	565
799	16	17596	17380	0	-1	567
800	18	17628	17312	0	-2	569
801	-200	18544	19372	0	-2	568
802	-198	19168	18900	0	-1	569
803	-196	19204	19012	0	-1	568
804	-193	19112	19196	0	-2	557
805	-191	19180	19160	0	-1	568
806	-189	19048	18832	0	-2	568
807	-187	18780	18932	0	0	571
808	-185	18752	19032	0	-1	578
809	-182	19036	18700	0	-1	571
810	-180	19116	18908	0	-2	559
811	-178	18752	18888	0	-2	557
812	-176	19076	19152	0	-1	568
813	-174	18912	18888	0	-1	560
814	-171	18740	18828	0	0	564
815	-169	18956	18980	0	0	560
816	-167	18908	18740	0	-1	557
817	-165	18620	18760	0	-1	561
818	-163	18836	18660	0	-1	566
819	-160	18620	18704	0	-2	563
820	-158	18448	18756	0	-1	568
821	-156	18868	18912	0	-1	557
822	-154	18772	18832	0	-1	562
823	-152	18920	18904	0	-2	562
824	-149	19008	18944	0	-1	566
825	-147	18780	18692	0	-1	565
826	-145	18988	18668	0	-1	567
827	-143	18636	18716	0	-2	558
828	-141	18448	18368	0	-1	559
829	-138	18536	18612	0	-2	555
830	-136	18804	18840	0	-1	558
831	-134	18748	18548	0	-1	556
832	-132	18792	18732	0	-2	556
833	-130	18744	18616	0	-2	560
834	-127	18676	18720	0	-1	561
835	-125	18764	18624	0	-2	549
836	-123	18628	18756	0	-2	554
837	-121	18524	18572	0	-2	562
838	-119	18376	18572	0	-1	560
839	-116	18508	18756	0	-1	565
840	-114	18464	18464	0	-1	569
841	-112	18384	18468	0	-1	577
842	-110	18272	18364	0	-1	570
843	-108	18204	18412	0	-1	566
844	-105	18228	18460	0	-1	574
845	-103	18436	18056	0	-2	576
846	-101	18404	18656	0	-1	568
847	-99	18196	18184	0	-1	573
848	-97	18340	18300	0	-1	572
849	-94	18532	18216	0	0	574
850	-92	17904	18368	0	0	573
851	-90	18024	18140	0	-1	574
852	-88	17964	18112	0	-2	571
853	-86	18156	17884	0	-2	575
854	-83	18120	18296	0	-2	567
855	-81	18020	18000	0	-1	567
856	-79	17788	17900	0	-1	576
857	-77	18208	18064	0	-2	564
858	-75	17904	17932	0	-1	567
859	-72	18032	18228	0	-1	565
860	-70	17944	18000	0	-2	569
861	-68	17768	17840	0	0	564
862	-66	17856	17860	0	-1	574
863	-64	17732	17940	0	-1	576
864	-61	18144	17852	0	-1	574
865	-59	17724	17752	0	-1	567
866	-57	17784	17920	0	-2	572
867	-55	17776	18072	0	-1	578
868	-53	17676	17648	0	-2	571
869	-50	17664	17804	0	-1	575
870	-48	17600	17704	0	-2	568
871	-46	17688	17700	0	-2	577
872	-44	17712	17640	0	-1	573
873	-42	17664	17636	0	-1	576
874	-39	17528	17604	0	-2	576
875	-37	17572	17788	0	-1	567
876	-35	17720	17688	0	-1	566
877	-33	17756	17796	0	-2	569
878	-31	17784	17588	0	-1	572
879	-28	17524	17928	0	-1	574
880	-26	17720	17636	0	-1	564
881	-24	17688	17640	0	-1	568
882	-22	17700	17412	0	-1	576
883	-20	17468	17596	0	-2	565
884	-17	17896	17684	0	-1	572
885	-15	17728	17552	0	-1	571
886	-13	17652	17772	0	-2	571
887	-11	17416	17708	0	-1	565
888	-9	17660	17768	0	-1	564
889	-6	17780	17608	0	-1	565
890	-4	17720	17824	0	0	573
891	-2	17364	17868	0	-2	573
892	0	17332	17392	0	-1	569
893	2	17416	17468	0	-2	571
894	5	17532	17292	0	-2	570
895	7	17748	17596	0	-1	577
896	9	17756	17696	0	-1	570
897	11	17632	17420	0	-2	567
898	13	17440	17280	0	-1	567
899	16	17360	17440	0	-2	575
900	18	17400	17584	0	-2	566
901	-200	19404	18768	0	-2	566
902	-198	19180	19332	0	-1	579
903	-196	19364	18964	0	-1	578
904	-193	19248	19216	0	-2	571
905	-191	19028	19148	0	-1	567
906	-189	18812	18996	0	-1	566
907	-187	18620	18980	0	-1	570
908	-185	18536	18828	0	-1	574
909	-182	18752	18924	0	-1	576
910	-180	19032	19016	0	-1	579
911	-178	18992	18748	0	-1	577
912	-176	18732	18808	0	-2	571
913	-174	18692	18516	0	-1	568
914	-171	18584	18668	0	-2	572
915	-169	18592	18704	0	-1	574
916	-167	18652	18868	0	-1	576
917	-165	18760	19080	0	-1	562
918	-163	18604	18852	0	-1	567
919	-160	18452	18712	0	-1	568
920	-158	18680	18724	0	-1	574
921	-156	18604	18752	0	-2	573
922	-154	18508	18648	0	-2	573
923	-152	18816	18652	0	-1	572
924	-149	18744	18572	0	-1	568
925	-147	18904	18488	0	-1	574
926	-145	18584	18552	0	-1	563
927	-143	18672	18584	0	-1	569
928	-141	18632	18648	0	0	575
929	-138	18576	18796	0	-1	574
930	-136	18592	18676	0	-1	565
931	-134	18708	18684	0	-2	566
932	-132	18808	18548	0	-1	578
933	-130	19164	18852	0	-2	578
934	-127	18916	18676	0	-1	577
935	-125	18388	18932	0	-1	569
936	-123	18772	18496	0	-1	574
937	-121	18736	18680	0	-1	570
938	-119	18560	18424	0	-2	567
939	-116	18364	18404	0	0	570
940	-114	18452	18440	0	-1	567
941	-112	18588	18432	0	-1	572
942	-110	18676	18596	0	-1	566
943	-108	18288	18576	0	-1	574
944	-105	18312	18132	0	-1	577
945	-103	18556	18548	0	-2	574
946	-101	18544	18604	0	-1	573
947	-99	18440	18392	0	-1	571
948	-97	18188	18424	0	-1	572
949	-94	18200	18216	0	-3	565
950	-92	18180	18180	0	-1	571
951	-90	18092	18304	0	-2	575
952	-88	18196	18252	0	-2	577
953	-86	18220	18160	0	-1	564
954	-83	18192	17892	0	-1	568
955	-81	18092	18236	0	-2	570
956	-79	18196	18040	0	-1	568
957	-77	18240	18028	0	-1	578
958	-75	17844	18048	0	-1	564
959	-72	17800	18152	0	-1	566
960	-70	17940	17928	0	-2	572
961	-68	17860	17768	0	-1	576
962	-66	17744	17492	0	-1	574
963	-64	18168	17932	0	-1	574
964	-61	17688	18004	0	-1	573
965	-59	17688	17440	0	-1	570
966	-57	17840	17556	0	-2	568
967	-55	17616	17456	0	-1	579
968	-53	17496	17584	0	-1	571
969	-50	17740	17804	0	-2	570
970	-48	17608	17800	0	-1	566
971	-46	17996	17772	0	-1	569
972	-44	17724	17712	0	0	574
973	-42	17680	17684	0	-1	574
974	-39	17812	17824	0	-1	568
975	-37	17516	17572	0	-1	579
976	-35	17676	17568	0	-1	574
977	-33	17940	17640	0	-1	565
978	-31	17968	17864	0	-2	570
979	-28	18032	17740	0	-2	580
980	-26	17884	17424	0	-1	566
981	-24	17668	17500	0	-1	571
982	-22	17780	17876	0	-1	572
983	-20	17660	17644	0	-2	573
984	-17	17524	17116	0	-1	578
985	-15	17552	17528	0	-1	573
986	-13	17400	17420	0	-1	565
987	-11	17272	18092	0	-1	573
988	-9	17488	17452	0	-2	576
989	-6	17100	17540	0	-1	563
990	-4	17492	17344	0	-2	575
991	-2	16996	17412	0	-1	565
992	0	17300	17388	0	-1	566
993	2	17208	17216	0	-2	572
994	5	17280	17372	0	-1	576
995	7	17456	17264	0	-1	573
996	9	16920	17172	0	-1	563
997	11	17152	17012	0	-1	566
998	13	17132	17428	0	-2	562
999	16	17172	17564	0	-2	565
1000	18	17088	17276	0	-2	566
