1	17588	17760	0	-2	587
2	17236	17552	0	-2	600
3	17784	17636	0	-1	606
4	17804	17716	0	-1	604
5	17676	17816	0	-1	605
6	17268	17432	0	0	595
7	17804	18044	0	-2	604
8	17336	17692	0	-1	601
9	17596	17764	0	-1	606
10	17392	17428	0	-1	601
11	17652	17936	0	-1	605
12	17768	17500	0	0	596
13	17776	18756	0	-2	604
14	17732	19128	0	-1	600
15	17920	19424	0	-1	593
16	17760	19380	0	0	603
17	17644	17532	0	-3	595
18	17876	17328	0	-1	598
19	17720	17764	0	-2	596
20	17588	17652	0	-2	614
21	17680	17608	0	0	600
22	17632	18076	0	-1	596
23	17660	19016	0	-1	600
24	17604	19504	0	-1	593
25	17588	19020	0	-1	602
26	17456	18348	0	-1	597
27	17724	17988	0	0	603
28	17584	17924	0	-1	605
29	17656	17372	0	-1	600
30	17844	17612	0	-1	599
31	17688	18080	0	-1	603
32	17652	17692	0	-1	597
33	17436	17472	0	-1	600
34	17556	17556	0	-1	603
35	17600	17632	0	-2	595
36	17476	17632	0	-2	606
37	17428	17412	0	-2	593
38	17420	17816	0	-1	595
39	17704	17640	0	-2	602
40	17336	17452	0	-1	599
41	17968	17472	0	-3	597
42	17564	17992	0	-1	591
43	17620	17724	0	-1	598
44	17628	17568	0	-2	597
45	17996	17572	0	-1	604
46	17968	17876	0	-1	598
47	17400	17808	0	-1	595
48	17384	17536	0	-2	598
49	17616	17684	0	-2	599
50	17596	17768	0	-2	606
51	17840	17232	0	0	596
52	17664	17680	0	-1	592
53	17728	17704	0	-2	591
54	17736	17600	0	-1	604
55	17664	17648	0	0	604
56	17856	17920	0	-1	597
57	17660	17620	0	-1	598
58	17932	17748	0	-2	599
59	18032	17988	0	-1	599
60	17448	17736	0	0	605
61	17420	17460	0	-1	603
62	17476	17784	0	-1	594
63	17892	17808	0	-1	602
64	17844	17828	0	-1	598
65	17288	17316	0	-1	593
66	17984	17736	0	-1	594
67	17948	17768	0	-2	597
68	17676	17756	0	-2	596
69	17812	18884	0	-1	604
70	17940	19252	0	-2	601
71	17404	19428	0	-1	597
72	17480	19064	0	-1	603
73	18088	19404	0	-2	599
74	17880	19412	0	-1	604
75	17824	19340	0	-2	602
76	17680	18872	0	-1	601
77	17888	19144	0	-1	595
78	17840	19632	0	-1	600
79	17428	18868	0	0	601
80	17496	18780	0	-1	597
81	17832	18248	0	-1	605
82	17768	18044	0	-1	604
83	17600	17460	0	-2	594
84	18036	17748	0	-1	602
85	17784	17760	0	-2	601
86	17564	17468	0	-2	605
87	17476	17756	0	-1	605
88	17880	18012	0	-1	606
89	17432	17732	0	-1	605
90	17480	17552	0	-2	596
91	17756	17608	0	-1	598
92	17452	17852	0	-1	602
93	17520	17404	0	-2	605
94	17764	17356	0	0	595
95	17612	17720	0	-1	604
96	17424	17648	0	-1	598
97	17340	17652	0	-1	597
98	17840	17792	0	-1	606
99	17916	17896	0	-1	592
100	17504	17460	0	-1	603
101	17720	17552	0	-1	603
102	17720	17760	0	-2	600
103	17656	17500	0	-1	598
104	17564	17352	0	-1	612
105	17648	17716	0	-1	598
106	17360	17572	0	-1	602
107	17616	17416	0	0	599
108	17928	17484	0	-1	601
109	17672	17552	0	-2	600
110	17652	17672	0	0	600
111	17736	17752	0	-2	597
112	17828	18172	0	-1	608
113	17368	17604	0	-1	591
114	17832	17564	0	-1	611
115	18036	17804	0	0	604
116	17696	17652	0	-2	600
117	17564	17732	0	-1	596
118	17824	17844	0	0	603
119	17800	17920	0	-1	600
120	17640	17576	0	-1	604
121	17904	17760	0	0	605
122	17864	17888	0	-1	607
123	17564	17988	0	-1	603
124	17688	17844	0	-1	598
125	17728	17684	0	-2	600
126	17660	17756	0	-2	601
127	17844	17928	0	-2	598
128	18032	18088	0	-1	595
129	17968	18000	0	-1	605
130	17940	17872	0	-1	603
131	18024	17852	0	-1	586
132	17460	17844	0	-1	587
133	17656	17608	0	-1	593
134	17768	17704	0	-1	608
135	17704	17928	0	-1	602
136	17600	17892	0	-1	603
137	17640	17756	0	-1	609
138	17748	17856	0	-2	593
139	17540	17648	0	-1	594
140	17648	17720	0	-2	591
141	17912	17812	0	-2	588
142	17672	18008	0	-1	586
143	17612	17284	0	-1	598
144	17892	17632	0	-1	595
145	17920	18184	0	-1	605
146	17464	17604	0	-1	603
147	17780	17408	0	-1	605
148	17624	18056	0	-1	591
149	17508	17576	0	-3	590
150	17708	17884	0	-1	591
151	17992	17888	0	-1	597
152	17600	17456	0	-1	597
153	17604	17648	0	-1	593
154	17680	17716	0	-1	601
155	17448	17776	0	-1	601
156	17984	17424	0	-2	606
157	17988	17544	0	-1	599
158	17600	17864	0	-2	603
159	17620	17668	0	-2	608
160	17912	17424	0	-2	600
161	17552	17728	0	-1	605
162	17468	17492	0	-1	603
163	17976	17684	0	0	604
164	17920	17940	0	-2	604
165	17688	17608	0	-1	593
166	17840	17480	0	-2	595
167	17724	17996	0	-1	598
168	17476	17860	0	-1	589
169	18212	18044	0	-1	595
170	17568	17824	0	-1	602
171	17400	17624	0	-2	609
172	18024	17932	0	-1	604
173	18024	18044	0	-1	600
174	17768	17608	0	-1	605
175	17856	17624	0	-1	607
176	17916	18248	0	-2	600
177	17504	17716	0	-1	597
178	17724	17796	0	1	606
179	17788	18244	0	-1	605
180	17732	17984	0	-1	608
181	17616	17460	0	-2	603
182	17964	19304	0	-1	596
183	18016	19496	0	-2	606
184	17300	19252	0	-1	604
185	17980	19256	0	-2	609
186	17916	19528	0	-1	601
187	17608	19112	0	-1	599
188	18048	19216	0	-2	596
189	18040	19140	0	-1	593
190	17584	19080	0	-2	608
191	17856	19188	0	-2	602
192	17724	19032	0	-1	603
193	17740	19064	0	-2	590
194	17460	19172	0	-2	598
195	17736	19060	0	-2	606
196	17704	19180	0	-2	600
197	17644	19224	0	-1	600
198	17640	18640	0	-1	602
199	17756	18004	0	-2	606
200	17740	18004	0	-2	601
201	17952	17388	0	-2	604
202	17844	17708	0	-2	600
203	17600	17904	0	-2	601
204	17480	17324	0	-1	608
205	17720	17736	0	-1	596
206	17968	17912	0	-1	593
207	17704	17796	0	-1	603
208	17860	17428	0	-2	605
209	17684	17524	0	-1	606
210	18052	17872	0	-1	598
211	17724	17764	0	-1	609
212	17900	17632	0	-1	594
213	17580	18024	0	-1	605
214	18088	17740	0	-2	596
215	17696	17704	0	-1	601
216	17760	17556	0	-1	593
217	17752	17524	0	-1	605
218	17904	19508	0	0	604
219	17376	19252	0	-2	600
220	17616	19096	0	-1	599
221	18132	19280	0	-1	597
222	17784	19344	0	-1	598
223	17776	19200	0	-1	599
224	18004	18896	0	-1	611
225	17688	19084	0	0	590
226	17828	19128	0	-2	605
227	17592	19384	0	-1	602
228	17528	19000	0	-1	603
229	17852	19080	0	-1	598
230	17768	17624	0	-2	594
231	17796	17880	0	-1	603
232	17784	17716	0	-1	606
233	17700	17776	0	-1	593
234	17824	17920	0	-2	603
235	17944	17696	0	-1	605
236	17556	17508	0	-1	598
237	17712	17504	0	-1	606
238	18064	17932	0	-1	594
239	17972	18060	0	-1	597
240	17488	17604	0	-2	594
241	17708	17700	0	-1	591
242	18108	17788	0	-2	579
243	17916	18056	0	0	588
244	17556	17608	0	-2	596
245	17892	17800	0	-2	603
246	18348	17964	0	-2	597
247	18052	18224	0	0	590
248	17492	17756	0	-1	591
249	17912	17640	0	-2	588
250	18112	17968	0	-3	594
251	17932	17840	0	-1	595
252	17648	17640	0	-2	594
253	17808	17844	0	-1	587
254	17640	17928	0	-2	588
255	17576	17592	0	-2	586
256	17924	17864	0	-1	587
257	17944	18052	0	-2	593
258	17684	18168	0	-2	588
259	17884	17820	0	-1	592
260	17720	17972	0	0	593
261	17816	17936	0	-1	584
262	17664	17588	0	-1	584
263	17756	17820	0	-1	592
264	17756	17948	0	-1	593
265	17548	17392	0	0	590
266	17752	17944	0	-1	591
267	17976	17884	0	-2	593
268	17384	17628	0	-1	596
269	17756	17348	0	-1	600
270	18060	17888	0	-1	583
271	17412	17484	0	-2	593
272	17508	17372	0	-2	592
273	17528	17880	0	-2	585
274	17424	17444	0	-1	589
275	17688	17552	0	-1	598
276	17684	17764	0	-1	594
277	17532	17452	0	-1	588
278	17452	17428	0	0	588
279	17564	17552	0	-1	592
280	17688	17804	0	-1	586
281	17676	17504	0	0	581
282	17988	17688	0	-1	591
283	17596	17776	0	-2	593
284	17340	17596	0	-2	590
285	17416	17744	0	1	586
286	18020	17788	0	-1	591
287	17416	17492	0	0	601
288	17440	17464	0	-2	590
289	17756	17672	0	-1	589
290	17564	17712	0	-2	589
291	17520	17400	0	-1	598
292	17676	17372	0	-2	590
293	17764	17624	0	-1	584
294	17520	17600	0	-2	588
295	17576	17768	0	-1	594
296	17968	17860	0	-1	589
297	17532	17732	0	-1	592
298	17632	17636	0	-2	587
299	17956	18080	0	-1	586
300	17584	17580	0	-1	599
301	17588	17420	0	-1	593
302	17716	17616	0	-2	590
303	17556	17512	0	-2	588
304	17592	17672	0	-2	584
305	17812	18016	0	-2	587
306	17812	17724	0	-1	600
307	17616	17564	0	-1	590
308	17796	17620	0	-1	586
309	17684	17728	0	-1	594
310	17480	17596	0	-1	588
311	17620	17676	0	-1	588
312	17852	17556	0	-1	588
313	17668	18104	0	-1	588
314	17608	18200	0	-1	584
315	17700	17616	0	-1	593
316	17892	17724	0	-2	585
317	17408	17564	0	-2	592
318	17860	17584	0	-1	590
319	17720	18104	0	-2	587
320	17396	17680	0	-1	589
321	17984	17668	0	-1	596
322	18044	17920	0	-1	596
323	17620	17976	0	-2	587
324	17756	17404	0	-1	587
325	17736	17740	0	-1	588
326	17544	17520	0	-2	587
327	17680	17500	0	-2	590
328	17604	17804	0	-2	582
329	17240	17472	0	-2	591
330	17824	17680	0	0	592
331	17772	17456	0	-1	592
332	17220	17252	0	-1	586
333	17712	17772	0	-2	596
334	17852	17820	0	-1	587
335	17736	17152	0	-1	591
336	17960	17792	0	0	598
337	17584	17684	0	-2	590
338	17340	17600	0	-3	584
339	17484	17612	0	-1	594
340	17404	18048	0	-2	595
341	17676	17288	0	-2	595
342	17944	17872	0	-2	599
343	17416	17396	0	-1	603
344	17500	17292	0	-1	605
345	17664	17624	0	-2	601
346	17628	17500	0	0	603
347	17540	17612	0	-1	607
348	17712	17736	0	-1	596
349	17856	17956	0	-2	600
350	17492	17412	0	-2	601
351	17944	17492	0	-1	602
352	17664	17760	0	-1	602
353	17504	17660	0	-1	594
354	17916	17520	0	-2	610
355	17804	17832	0	-1	596
356	17404	17520	0	-2	599
357	17680	17516	0	-2	603
358	17828	17672	0	-1	601
359	17296	17696	0	0	607
360	17256	17444	0	-2	599
361	17640	17580	0	-1	596
362	17716	17632	0	-1	600
363	17532	17704	0	-1	602
364	17656	17644	0	-2	596
365	18052	17748	0	0	597
366	17716	17656	0	-1	600
367	17720	17108	0	-1	603
368	17656	17648	0	-1	597
369	17916	17708	0	0	608
370	17380	17448	0	-1	594
371	17708	17564	0	-1	597
372	17716	17800	0	-1	606
373	17556	17692	0	-1	596
374	17364	17464	0	-1	601
375	17608	17536	0	0	594
376	17560	17508	0	-1	603
377	17812	17948	0	-1	604
378	17584	17492	0	-1	592
379	17472	17488	0	-1	594
380	17840	17380	0	-2	604
381	17784	17664	0	-1	593
382	17772	17872	0	-1	599
383	17720	17568	0	-1	608
384	17720	17396	0	-1	599
385	17660	17720	0	-2	601
386	17680	17668	0	-2	604
387	17344	17392	0	-1	604
388	17448	17600	0	-1	597
389	17496	17404	0	-1	602
390	17684	17568	0	-1	597
391	17484	17564	0	-2	601
392	17388	17092	0	-1	594
393	17644	17596	0	-2	597
394	17932	17684	0	0	600
395	17728	17688	0	-1	600
396	17412	17504	0	-1	598
397	17440	17532	0	-2	595
398	17740	17748	0	-2	605
399	17476	17416	0	-2	598
400	17568	17412	0	-1	601
401	17472	17488	0	0	602
402	17512	17620	0	-3	600
403	17652	17596	0	-1	602
404	17604	17796	0	0	600
405	17224	17544	0	-1	592
406	17408	17252	0	-1	605
407	17624	17552	0	-1	596
408	17660	17960	0	-1	597
409	17300	17916	0	0	600
410	17696	17548	0	-2	609
411	17220	17500	0	-1	599
412	17444	17680	0	-1	595
413	17220	17456	0	-1	592
414	17384	17584	0	-1	606
415	17396	17500	0	-2	595
416	17448	17688	0	-1	600
417	17624	17296	0	-2	610
418	17180	17244	0	-1	605
419	17332	17404	0	-1	603
420	17128	17332	0	-2	604
421	16992	17680	0	-1	605
422	17472	17460	0	-1	603
423	17460	17556	0	-1	607
424	17452	17412	0	-1	604
425	17472	17336	0	0	602
426	17192	17404	0	-1	597
427	17412	17348	0	-1	598
428	17612	17644	0	0	592
429	17476	17612	0	-1	605
430	17672	17516	0	-1	602
431	17364	17356	0	-2	610
432	17296	17264	0	-1	598
433	17248	17344	0	-2	603
434	17328	17300	0	-1	604
435	17296	17140	0	-1	608
436	17176	17308	0	-2	599
437	17436	17352	0	-2	602
438	17400	17396	0	-1	599
439	17148	17044	0	-1	604
440	17056	17056	0	-2	591
441	17408	17236	0	-2	591
442	17532	17400	0	-1	594
443	17372	17544	0	-1	587
444	17364	17536	0	-1	606
445	17100	16956	0	-2	608
446	17116	17032	0	-2	602
447	17096	17308	0	-1	603
448	17244	17276	0	0	586
449	17388	17344	0	-1	593
450	17484	17748	0	-2	585
451	17364	17560	0	0	604
452	17472	17304	0	0	595
453	17148	17332	0	0	614
454	17264	17208	0	-2	587
455	17296	17384	0	-1	600
456	17216	17476	0	-2	583
457	17648	17604	0	-1	599
458	17632	17400	0	-2	590
459	17348	17512	0	-2	594
460	17208	17444	0	-1	585
461	17420	17180	0	-1	587
462	17380	17420	0	-1	591
463	17508	17504	0	-1	596
464	17520	17736	0	-2	592
465	17376	17368	0	-2	587
466	17292	17284	0	-1	594
467	17468	17312	0	-2	586
468	17208	17324	0	-1	586
469	17228	17232	0	-1	592
470	17196	17336	0	-1	590
471	17108	17564	0	0	596
472	17156	17292	0	-1	592
473	17144	17300	0	-1	588
474	17492	17296	0	-2	588
475	17644	17420	0	-2	588
476	17540	17432	0	0	587
477	17380	17512	0	-2	584
478	17444	17436	0	-2	591
479	17148	17388	0	-1	587
480	17160	17404	0	0	601
481	17380	17600	0	-1	592
482	17452	17428	0	-2	587
483	17192	17804	0	-1	595
484	17416	17220	0	-1	589
485	17368	17088	0	-2	589
486	17480	17488	0	0	587
487	17668	17312	0	-1	597
488	17240	17468	0	-1	597
489	17280	17352	0	-2	588
490	17276	17204	0	-2	594
491	17404	17236	0	-1	591
492	17644	17304	0	-2	596
493	17876	17472	0	-1	594
494	17184	17128	0	-1	586
495	17320	17308	0	-1	590
496	17080	16884	0	0	591
497	17556	17320	0	-1	594
498	17396	17236	0	-1	594
499	17664	17616	0	-1	594
500	17220	17564	0	-1	586
501	17132	16980	0	-2	584
502	17340	17248	0	-1	591
503	17664	17396	0	-2	592
504	17436	17428	0	-1	593
505	17540	17728	0	-1	592
506	17500	17524	0	-2	583
507	17408	16948	0	-1	593
508	17544	17416	0	-2	588
509	17444	17268	0	-1	585
510	17488	17276	0	-2	606
511	17520	17312	0	-2	589
512	17216	17216	0	-1	591
513	17508	17296	0	-2	585
514	17564	17852	0	-2	586
515	17444	17560	0	-1	593
516	17108	17324	0	-2	593
517	17380	17504	0	-1	600
518	17512	17488	0	-1	586
519	17532	17792	0	-1	597
520	17264	17720	0	-1	587
521	17176	17424	0	-1	592
522	17624	17404	0	-1	599
523	17688	17692	0	-1	586
524	17460	17668	0	-1	593
525	17276	17040	0	-1	585
526	17268	17340	0	-1	595
527	17356	17336	0	-1	584
528	17460	17552	0	-2	589
529	17092	17376	0	-1	593
530	17212	17240	0	-1	590
531	16700	16640	0	-2	599
532	16716	17072	0	0	604
533	16768	16664	0	0	588
534	17036	16692	0	-1	585
535	16492	16324	0	-2	589
536	16536	16416	0	-2	585
537	16160	16416	0	-2	586
538	16656	16264	0	-3	594
539	16148	16024	0	-1	595
540	16128	16172	0	-1	594
541	16076	16048	0	-1	588
542	16044	15736	0	0	591
543	15836	16116	0	-1	609
544	16076	15824	0	-3	597
545	16164	15932	0	-1	595
546	15952	15740	0	-2	602
547	15752	15780	0	-2	584
548	15724	15764	0	-1	586
549	15396	15584	0	-1	594
550	15136	15320	0	-2	598
551	14820	14456	0	-1	604
552	14536	14424	0	-1	602
553	14548	14448	0	-2	604
554	14580	14520	0	-1	596
555	13968	14016	0	-3	601
556	14188	13760	0	-1	588
557	14008	13988	0	-1	584
558	14120	14180	0	-2	590
559	14088	14120	0	-2	596
560	14012	13800	0	-2	607
561	13892	13976	0	-1	601
562	13836	13892	0	-1	597
563	14036	14016	0	-2	592
564	13636	13684	0	-2	589
565	13556	13640	0	-2	587
566	13536	13484	0	-1	590
567	13796	13820	0	-1	584
568	13740	13684	0	-1	590
569	13512	13644	0	-1	595
570	13640	13676	0	-2	588
571	13608	13792	0	-1	594
572	13484	13616	0	-1	595
573	13720	13740	0	-2	587
574	13812	13468	0	0	592
575	14028	14060	0	-2	594
576	13648	13592	0	-1	586
577	13496	13784	0	-1	594
578	13672	13552	0	-2	586
579	13816	13660	0	-1	595
580	13596	13776	0	-1	586
581	13564	13940	0	-1	592
582	13560	13736	0	-2	589
583	13600	13708	0	-1	586
584	14204	14428	0	-2	597
585	14300	14032	0	-1	584
586	14504	14508	0	-2	587
587	14900	14980	0	-1	595
588	15484	15732	0	-1	591
589	15444	15440	0	-2	592
590	15308	15404	0	0	588
591	15668	15896	0	-2	584
592	15972	15972	0	-1	584
593	15920	16088	0	-1	587
594	15728	15988	0	-2	601
595	15788	15696	0	-1	584
596	16160	16252	0	-1	594
597	16504	16516	0	-1	598
598	16260	16380	0	-1	583
599	17008	16684	0	-2	594
600	16648	16588	0	-1	596
601	16784	16684	0	-2	607
602	16820	16604	0	-2	591
603	16928	16716	0	0	599
604	16800	16812	0	-2	595
605	16764	16696	0	-2	601
606	17200	17384	0	-1	599
607	17280	17196	0	-2	607
608	17044	17012	0	-1	605
609	16760	16804	0	-2	599
610	17016	17128	0	-2	596
611	16784	17124	0	-2	596
612	17496	17776	0	-1	596
613	17260	17132	0	0	603
614	17792	17440	0	-2	606
615	17664	17908	0	-2	602
616	17332	17444	0	-1	600
617	17268	17040	0	-2	605
618	17680	17320	0	-1	596
619	17220	17464	0	-1	592
620	17316	17432	0	-2	592
621	17164	17192	0	-2	589
622	16900	17192	0	-2	599
623	17128	17144	0	0	599
624	16804	17064	0	-1	608
625	16912	17012	0	-1	598
626	17040	16764	0	-1	604
627	17124	16896	0	-1	606
628	16844	16968	0	-1	596
629	17220	17072	0	-2	595
630	16888	17200	0	-1	597
631	16928	16948	0	-1	608
632	16860	16760	0	-3	603
633	16936	17024	0	-1	596
634	17088	16604	0	-1	597
635	17092	16928	0	-1	599
636	16876	16920	0	-2	598
637	16812	16932	0	-1	600
638	16932	16960	0	-1	599
639	16932	16812	0	-2	597
640	16860	17088	0	-1	602
641	16844	16740	0	-1	595
642	16924	16820	0	-2	610
643	17104	16920	0	-1	599
644	16688	16828	0	-1	609
645	17176	16868	0	-2	606
646	16936	16920	0	-1	592
647	17212	17208	0	0	607
648	17124	17136	0	-1	601
649	16956	17104	0	-1	597
650	17228	16956	0	-2	600
651	16792	17348	0	-1	606
652	17112	17016	0	-2	603
653	17056	17304	0	-1	607
654	17120	16900	0	-1	601
655	17020	17088	0	-2	600
656	16872	16880	0	-2	596
657	16856	17008	0	-2	596
658	17256	17436	0	1	600
659	17140	17172	0	-2	597
660	17640	17412	0	-2	603
661	17548	17500	0	-1	591
662	17480	17704	0	-2	602
663	17276	17644	0	0	601
664	17244	17440	0	-1	595
665	17160	16956	0	-2	599
666	17556	17348	0	-2	598
667	17584	17516	0	-2	603
668	17368	17592	0	-2	598
669	17200	17396	0	0	600
670	17236	16872	0	-2	595
671	17380	17320	0	-1	602
672	17556	17516	0	-1	599
673	17372	17116	0	-1	595
674	17224	17576	0	-2	597
675	17340	16984	0	-2	594
676	17536	17284	0	-2	604
677	16672	16956	0	-1	604
678	16784	16840	0	-1	599
679	16900	16968	0	-3	597
680	17284	17276	0	-2	594
681	16880	17284	0	-1	584
682	16900	16952	0	-1	593
683	16592	16824	0	-2	584
684	17000	16712	0	-1	602
685	17036	17080	0	-1	604
686	16808	17008	0	-1	600
687	17716	17532	0	-1	603
688	17784	17712	0	-2	604
689	17572	17608	0	-1	602
690	17872	17440	0	-1	597
691	17720	18024	0	-1	601
692	17356	17808	0	-1	600
693	17832	17468	0	-2	607
694	17836	17644	0	-2	596
695	17868	18172	0	-1	595
696	17636	17960	0	-1	599
697	17720	17652	0	-2	595
698	18120	17972	0	-1	605
699	18016	17824	0	-1	608
700	17672	17724	0	-2	592
701	17724	17592	0	0	597
702	17604	17544	0	-1	596
703	17792	17904	0	-2	586
704	17752	17884	0	-1	593
705	17380	17608	0	0	595
706	17824	17876	0	-2	602
707	18088	17896	0	-1	592
708	17688	17784	0	-1	598
709	17656	17660	0	0	587
710	17540	17700	0	-2	589
711	17908	17860	0	0	591
712	18000	17920	0	-1	591
713	17496	17976	0	-1	592
714	17796	17708	0	-2	592
715	17540	17608	0	-2	596
716	17896	17848	0	-2	596
717	17828	17884	0	-2	601
718	17680	17380	0	-2	598
719	17700	17724	0	-2	605
720	17776	17752	0	-2	599
721	17596	18352	0	-1	595
722	17516	17768	0	-1	595
723	17624	17384	0	-1	593
724	17608	17756	0	-1	595
725	17812	18208	0	0	596
726	17844	17740	0	0	607
727	17632	17548	0	-1	591
728	17524	17596	0	0	598
729	17872	17764	0	-1	606
730	17820	17836	0	-2	597
731	17476	17620	0	-3	607
732	17472	17768	0	-1	600
733	17844	17816	0	-1	599
734	17716	17884	0	-1	602
735	17660	17432	0	-1	593
736	17732	17632	0	0	603
737	17804	17476	0	-2	594
738	18024	18044	0	-2	603
739	17456	17932	0	-1	600
740	17512	17916	0	0	599
741	17840	17864	0	-2	604
742	17756	17576	0	-1	602
743	17604	17460	0	-2	606
744	17708	17196	0	-2	598
745	17784	17596	0	-1	603
746	17892	18056	0	0	600
747	17752	17944	0	-1	596
748	17620	17272	0	-1	611
749	17900	17640	0	-1	594
750	17984	17748	0	0	608
751	17620	18220	0	-2	601
752	17772	17764	0	-2	599
753	17672	17852	0	-1	595
754	17968	18040	0	-2	599
755	18088	17644	0	-2	602
756	17448	17568	0	-3	595
757	17492	17552	0	-1	602
758	17904	17504	0	0	597
759	17992	17864	0	-1	606
760	17728	17980	0	-2	603
761	17428	17716	0	-1	595
762	17636	17976	0	-1	595
763	17796	17828	0	-2	603
764	17948	17768	0	0	602
765	17556	17688	0	-2	593
766	17636	17564	0	-1	596
767	17880	17480	0	-2	604
768	17708	17840	0	0	594
769	17564	17732	0	-2	601
770	17532	17348	0	0	590
771	17648	17616	0	-1	593
772	17728	18064	0	0	593
773	17944	18028	0	-1	601
774	17876	17640	0	-1	597
775	17688	17608	0	0	602
776	17628	17452	0	-1	610
777	18156	17632	0	-1	603
778	17576	17808	0	-1	604
779	17824	17720	0	-2	600
780	17316	17804	0	-3	603
781	17252	17740	0	-1	598
782	17644	17728	0	-2	605
783	17732	17784	0	-1	604
784	17660	17660	0	-1	599
785	17604	17384	0	-1	600
786	17444	17752	0	-1	600
787	17728	17344	0	1	601
788	17752	18124	0	0	601
789	17704	17984	0	-2	609
790	17636	17724	0	-1	599
791	17444	17504	0	-1	597
792	17840	17756	0	0	596
793	17888	17756	0	-1	598
794	17836	17876	0	-1	601
795	18020	17820	0	-2	604
796	17596	17788	0	0	593
797	17668	17912	0	0	593
798	17980	17700	0	-2	594
799	17952	19172	0	-1	596
800	17600	19304	0	-2	596
801	17728	19044	0	-4	600
802	17860	18912	0	-2	594
803	18044	17376	0	-2	598
804	18000	17848	0	0	602
805	17852	17972	0	-3	592
806	18064	17544	0	-2	593
807	17388	17772	0	-2	596
808	17640	17760	0	-1	594
809	17652	17384	0	-1	607
810	17552	17792	0	-2	604
811	17844	17524	0	-2	600
812	17644	17360	0	-2	606
813	17432	17784	0	-1	602
814	17392	17396	0	-1	604
815	17996	17572	0	0	596
816	17880	17780	0	-1	598
817	17844	17980	0	-3	594
818	17936	17820	0	-3	599
819	17600	17280	0	-1	597
820	17644	17444	0	-1	597
821	17784	17580	0	-1	609
822	17968	17752	0	-2	604
823	17832	18036	0	0	593
824	17744	17636	0	-1	598
825	17872	17444	0	-1	595
826	17416	17620	0	-3	598
827	17832	17636	0	-4	604
828	18216	17564	0	2	602
829	17764	17948	0	-2	603
830	17496	17584	0	-2	605
831	17524	17464	0	-2	594
832	17700	17432	0	0	607
833	17968	17820	0	-1	597
834	17536	17716	0	-1	601
835	17304	17660	0	-1	605
836	17608	17348	0	-1	598
837	17520	17632	0	-1	598
838	17752	17716	0	-3	602
839	17536	17772	0	-1	593
840	17700	17676	0	-2	604
841	17580	17676	0	-2	598
842	17500	17444	0	-3	589
843	17964	17636	0	-2	597
844	17720	17780	0	-1	608
845	17448	17400	0	0	594
846	17240	17352	0	-2	601
847	17696	17232	0	0	596
848	18020	17956	0	-3	595
849	17544	17848	0	-2	600
850	17816	17752	0	0	602
851	17476	17540	0	-2	596
852	17540	17216	0	-2	602
853	17740	17556	0	-1	590
854	17848	17644	0	-1	603
855	17664	17580	0	0	600
856	17776	17916	0	0	600
857	17360	17444	0	-3	599
858	17460	17548	0	-4	591
859	17728	17488	0	-1	601
860	17860	17776	0	-1	596
861	18136	17932	0	0	598
862	17716	18464	0	-1	601
863	17716	18952	0	0	604
864	17460	17468	0	-2	596
865	17692	17440	0	-2	594
866	17664	17488	0	0	606
867	17764	17716	0	1	601
868	17752	17724	0	-1	597
869	17656	17740	0	-1	600
870	17632	17604	0	-2	599
871	17740	17352	0	0	598
872	17984	17712	0	-1	597
873	17920	17952	0	-3	612
874	17988	17692	0	-2	605
875	17696	17756	0	-1	599
876	17504	17376	0	-2	605
877	17244	17416	0	-2	605
878	17516	17228	0	1	592
879	17668	17584	0	-1	597
880	17840	17936	0	-2	602
881	17520	17704	0	-1	600
882	17612	17732	0	-1	597
883	17540	17332	0	0	592
884	17556	17680	0	-2	596
885	18052	17784	0	-1	605
886	18000	17872	0	0	600
887	17652	17764	0	0	596
888	17408	17524	0	-4	597
889	17656	17412	0	-2	610
890	17848	17852	0	-1	603
891	17848	18152	0	-1	605
892	17936	17628	0	-2	596
893	17700	17540	0	-1	594
894	17984	17204	0	-2	600
895	17948	17572	0	-3	607
896	18084	17688	0	-2	600
897	17784	17936	0	-2	599
898	17652	17532	0	-2	597
899	17508	17568	0	-1	595
900	17900	17448	0	-1	595
901	17872	17764	0	0	596
902	17792	17884	0	-1	598
903	17652	17424	0	-3	601
904	17488	17488	0	-3	596
905	17464	17608	0	-1	592
906	17752	17520	0	-1	596
907	17704	17604	0	-2	595
908	17532	17472	0	-3	597
909	17560	17532	0	-1	597
910	17484	17620	0	-2	601
911	17584	17608	0	-2	603
912	17916	17940	0	-3	599
913	17612	17840	0	0	598
914	17432	17668	0	0	598
915	17276	17372	0	0	598
916	17332	17524	0	-2	602
917	17704	17428	0	1	602
918	17656	17916	0	-3	592
919	17632	17484	0	0	606
920	17516	17408	0	-2	606
921	17512	17400	0	-2	598
922	17824	17684	0	-2	596
923	17792	17772	0	-3	601
924	17376	17772	0	-2	597
925	17668	17696	0	-1	596
926	17620	17408	0	0	596
927	17548	17540	0	-2	606
928	17652	17788	0	-1	597
929	17808	17780	0	-1	603
930	17816	17780	0	-2	601
931	17360	17508	0	-1	598
932	17620	17712	0	-1	602
933	17596	17836	0	1	604
934	17616	17716	0	0	604
935	17432	18084	0	-1	602
936	17432	17424	0	-2	604
937	17556	17720	0	1	602
938	17700	17712	0	-1	609
939	17936	17828	0	0	596
940	17804	17856	0	-1	603
941	17340	17476	0	0	595
942	17572	17384	0	-2	594
943	17468	17320	0	-4	597
944	17940	18108	0	-2	605
945	17772	17872	0	0	605
946	17112	18960	0	-2	599
947	17796	18920	0	-1	605
948	17596	19040	0	-1	605
949	17856	19232	0	-2	606
950	17912	19496	0	1	600
951	17804	19116	0	-1	598
952	17812	19080	0	-1	599
953	17508	18812	0	-1	593
954	17568	19084	0	0	608
955	17920	18804	0	-3	606
956	17644	17800	0	-2	607
957	17832	17988	0	-1	598
958	17600	17604	0	-1	601
959	17228	17316	0	-2	605
960	17852	17960	0	-2	606
961	18000	17744	0	-1	617
962	17760	18004	0	0	611
963	17624	17644	0	-1	618
964	17520	17492	0	1	614
965	17788	17628	0	0	617
966	17384	17300	0	0	609
967	17688	17348	0	-2	604
968	17608	17656	0	-1	603
969	17524	17848	0	-2	597
970	17820	17832	0	-1	593
971	17592	17756	0	-2	597
972	17472	17456	0	-1	605
973	17504	17428	0	-1	598
974	17444	17800	0	0	598
975	17448	17696	0	-1	598
976	17520	17668	0	-1	600
977	17976	17880	0	-3	604
978	17800	17948	0	1	597
979	17688	17620	0	-1	601
980	17660	17736	0	-2	590
981	17572	17200	0	-2	605
982	17760	17756	0	-1	601
983	17536	17636	0	-2	598
984	17676	17636	0	-1	592
985	17520	17628	0	-1	597
986	17612	17596	0	-1	597
987	17988	17820	0	0	602
988	18120	18088	0	-4	605
989	18156	17764	0	-2	607
990	17820	18096	0	-1	605
991	17732	17620	0	0	599
992	17484	17604	0	-2	603
993	17976	17624	0	-1	597
994	17956	18008	0	-4	604
