1	17792	18160	0	-2	635
2	17668	17812	0	-1	639
3	18040	17756	0	0	636
4	17844	18364	0	-2	628
5	19280	19192	0	-2	621
6	18996	19360	0	-1	636
7	18944	19040	0	-2	633
8	19528	19408	0	-2	630
9	19488	19500	0	-2	637
10	19324	19380	0	0	640
11	19292	19428	0	-1	638
12	19212	19472	0	-1	640
13	17856	18556	0	-1	638
14	17640	17684	0	0	648
15	17652	17888	0	0	647
16	17796	17912	0	-1	650
17	17980	17752	0	-2	643
18	18160	17976	0	1	637
19	19076	18868	0	-3	645
20	19224	19256	0	-2	641
21	19084	19224	0	-1	632
22	18832	18948	0	-2	644
23	19184	18992	0	0	644
24	19412	19416	0	-2	635
25	19044	19332	0	-2	637
26	19456	19340	0	-2	647
27	19632	19592	0	-2	642
28	18824	19728	0	-3	639
29	18200	19028	0	1	631
30	17888	17780	0	-1	632
31	18060	17840	0	0	645
32	18032	18156	0	-1	638
33	17884	17908	0	-1	643
34	17900	17960	0	0	631
35	17780	18152	0	-1	629
36	17792	17776	0	-1	644
37	17876	17540	0	0	637
38	17868	18000	0	-2	640
39	17856	17800	0	-2	644
40	18124	18020	0	1	640
41	17988	18004	0	-1	647
42	18196	18188	0	-1	643
43	17896	18032	0	-2	645
44	18056	18032	0	1	635
45	17732	17540	0	-2	637
46	17872	17824	0	0	645
47	18096	18016	0	-2	634
48	18304	18200	0	-1	638
49	17808	17884	0	-3	638
50	18052	17996	0	-5	646
51	17988	18048	0	-3	637
52	17596	17616	0	-2	647
53	17728	17660	0	-1	647
54	17796	17704	0	-2	633
55	18032	17916	0	0	637
56	18052	18156	0	-2	637
57	18176	18356	0	-2	630
58	18236	17904	0	-1	632
59	18108	17928	0	-1	633
60	17804	18172	0	-2	646
61	17744	17900	0	-2	640
62	17816	18112	0	-1	634
63	17964	17964	0	0	630
64	17988	18024	0	0	638
65	17868	18200	0	-1	635
66	17868	18192	0	-3	646
67	18060	18096	0	-2	641
68	17864	17876	0	-2	645
69	17788	17976	0	-2	635
70	17544	17860	0	2	635
71	17992	17740	0	-1	639
72	17688	17864	0	-1	635
73	17988	17876	0	1	638
74	18304	18092	0	0	635
75	17964	18220	0	-3	640
76	17948	18120	0	-1	630
77	17800	18032	0	-1	642
78	17724	18128	0	-1	639
79	17708	17760	0	-1	637
80	17952	17544	0	1	631
81	17996	17904	0	-1	628
82	18096	18180	0	-2	646
83	17756	17988	0	-2	633
84	18120	17956	0	0	633
85	18024	17932	0	-4	635
86	17676	17940	0	-2	617
87	17684	17832	0	-1	637
88	18000	17880	0	-3	631
89	17636	17968	0	-2	631
90	17652	17744	0	0	627
91	17928	17832	0	0	637
92	17948	18396	0	-2	638
93	18296	18100	0	0	625
94	18016	18164	0	-1	620
95	17932	17880	0	-3	632
96	17780	17676	0	-1	629
97	17940	17420	0	-2	633
98	18076	17536	0	-3	635
99	18124	17652	0	-1	629
100	17948	18108	0	-2	622
101	18224	18160	0	-2	630
102	18024	17780	0	-1	623
103	17920	17804	0	-1	633
104	17692	17676	0	-2	632
105	17840	17680	0	0	645
106	17972	17796	0	-1	642
107	18204	18004	0	0	647
108	18120	18044	0	0	634
109	18012	17988	0	-3	630
110	17964	17960	0	-3	630
111	17928	17836	0	-1	626
112	17748	17596	0	-1	653
113	18096	17992	0	2	640
114	17656	17716	0	2	641
115	18048	18104	0	-3	647
116	17692	18024	0	-2	638
117	18100	18272	0	-2	641
118	17996	17844	0	-1	640
119	17472	17880	0	0	650
120	17260	17740	0	-4	645
121	17904	17884	0	-1	637
122	17708	17616	0	-1	644
123	17820	17988	0	2	632
124	18156	18024	0	0	644
125	18252	18048	0	-2	646
126	17988	17984	0	-2	631
127	18196	18096	0	-1	640
128	18024	17824	0	1	644
129	17768	17944	0	-2	643
130	17692	17668	0	-4	638
131	17788	17748	0	-2	638
132	17820	17908	0	-1	647
133	17980	17836	0	-2	640
134	18260	18292	0	-2	627
135	17888	17960	0	-2	647
136	17792	17948	0	-2	642
137	17764	18288	0	1	638
138	17820	17616	0	0	645
139	17836	17744	0	-1	630
140	18040	17548	0	-3	634
141	18092	17720	0	-1	640
142	17764	17912	0	-1	635
143	18152	18048	0	0	634
144	17988	18072	0	-2	636
145	18008	17976	0	-2	645
146	17648	17904	0	-2	636
147	17932	17996	0	1	635
148	17904	17772	0	-1	641
149	17856	17732	0	-2	637
150	18176	18216	0	-2	640
151	18848	18464	0	0	639
152	19284	19292	0	1	644
153	19324	19336	0	-1	643
154	19372	19596	0	-3	638
155	19016	19160	0	-2	637
156	19232	19240	0	-1	642
157	19544	18912	0	-2	644
158	18164	19556	0	-3	648
159	17984	18340	0	-4	634
160	18040	18240	0	0	643
161	19392	18796	0	-1	635
162	19184	19208	0	-1	646
163	19080	19172	0	-1	644
164	19084	19276	0	-3	650
165	18908	19280	0	-1	637
166	19244	19088	0	-1	648
167	17980	19396	0	-2	638
168	17948	18236	0	0	635
169	17940	17880	0	-2	634
170	17980	18264	0	-1	648
171	17928	17820	0	-1	638
172	17872	18152	0	0	632
173	17924	17936	0	-3	629
174	17616	17552	0	-3	636
175	18148	17992	0	-2	636
176	18168	17988	0	0	636
177	17940	18068	0	-2	649
178	17844	17996	0	-1	636
179	17964	18036	0	-1	637
180	18028	18188	0	-1	646
181	17836	17944	0	0	647
182	17912	17748	0	-4	646
183	17864	17960	0	-3	642
184	17876	17792	0	-1	636
185	17960	17808	0	-1	642
186	18244	18224	0	-3	634
187	17924	18120	0	-2	638
188	17908	18096	0	-1	636
189	18000	17920	0	-2	632
190	17980	17992	0	-1	641
191	18256	18100	0	-1	629
192	17948	18052	0	-3	641
193	17680	17912	0	-2	646
194	17836	17736	0	-2	646
195	17996	17940	0	-2	637
196	17840	17804	0	1	642
197	17736	17952	0	-1	643
198	17916	17876	0	-1	639
199	18232	18048	0	-1	646
200	18196	18296	0	-1	643
201	18464	17624	0	-2	634
202	17844	18100	0	-1	641
203	18052	18208	0	-3	646
204	17804	18064	0	-1	640
205	17948	17792	0	-3	642
206	17772	17844	0	-2	636
207	17868	18172	0	0	638
208	18044	18032	0	-2	651
209	17988	18060	0	-2	633
210	17956	18048	0	-1	636
211	17980	17776	0	-3	644
212	17820	18192	0	-1	639
213	18256	17772	0	-1	631
214	17996	17972	0	-1	641
215	17848	17928	0	0	632
216	17780	17660	0	-3	645
217	17716	17604	0	-2	641
218	18020	17696	0	0	630
219	18108	17968	0	-1	640
220	18192	18200	0	-3	636
221	18152	17924	0	1	626
222	18036	18064	0	2	645
223	19508	18460	0	-1	644
224	19316	19512	0	-1	631
225	17756	18912	0	0	637
226	18560	17372	0	-2	630
227	19000	19220	0	-3	638
228	19120	19084	0	-2	633
229	19256	19488	0	0	647
230	19376	19148	0	-3	642
231	19248	19268	0	-1	645
232	19008	19268	0	-4	643
233	18988	19116	0	-2	625
234	19304	18976	0	-3	635
235	19252	19420	0	-1	630
236	18144	17708	0	0	636
237	18248	18148	0	-2	636
238	17628	17716	0	-1	644
239	17804	17860	0	-1	632
240	17720	17796	0	-3	630
241	18204	17800	0	-5	621
242	18372	17876	0	0	616
243	17812	18064	0	-1	631
244	17904	18156	0	-1	648
245	17864	17908	0	-1	638
246	17792	17688	0	-1	646
247	17984	18028	0	-2	630
248	17960	18184	0	-2	617
249	18016	17880	0	-1	628
250	17648	18212	0	-3	636
251	17688	18064	0	-1	634
252	18000	17712	0	-3	636
253	18084	17924	0	-1	642
254	18064	18084	0	1	630
255	18116	18016	0	-2	632
256	17792	18044	0	1	637
257	17744	17656	0	-2	621
258	17644	17848	0	-2	625
259	18136	17876	0	-1	639
260	18488	18284	0	0	625
261	18012	18112	0	0	631
262	17912	17872	0	-1	630
263	17736	17788	0	-1	624
264	17720	17728	0	-5	623
265	18052	18220	0	-2	639
266	17904	18204	0	1	625
267	17868	18048	0	-1	627
268	17844	17908	0	-1	623
269	17940	18212	0	-2	629
270	17968	18080	0	-4	635
271	18324	18356	0	-1	630
272	18192	18016	0	-1	624
273	18152	17812	0	-3	633
274	17560	17792	0	0	637
275	17704	17968	0	-2	641
276	17876	18044	0	1	625
277	18032	17940	0	-2	620
278	18092	18112	0	-1	625
279	17688	17560	0	-3	618
280	17936	18016	0	-1	636
281	18092	17864	0	-2	633
282	17936	18024	0	-1	631
283	17936	17960	0	-1	639
284	18052	17864	0	0	633
285	18024	17784	0	-1	637
286	17608	17664	0	-3	633
287	17720	17308	0	0	638
288	17936	17748	0	-2	622
289	18180	17848	0	-2	627
290	18172	18108	0	-2	620
291	18028	18120	0	-2	635
292	17912	17624	0	-1	620
293	17556	17840	0	-2	626
294	17644	17844	0	-4	629
295	18200	18080	0	-3	627
296	18360	18092	0	0	630
297	17784	18304	0	-3	631
298	17584	17776	0	-2	631
299	17976	17972	0	-4	624
300	17844	18104	0	0	632
301	18128	17804	0	-1	638
302	17784	17888	0	-2	622
303	17792	17876	0	-2	641
304	18040	18316	0	-2	638
305	18024	18172	0	0	627
306	17816	17848	0	-2	629
307	18120	17452	0	-1	623
308	17848	17936	0	-1	632
309	18132	17844	0	-3	635
310	18240	18268	0	-3	626
311	18188	18268	0	-1	628
312	18080	18068	0	-1	633
313	17848	17812	0	-1	633
314	18092	17600	0	-3	634
315	18044	17844	0	1	623
316	18296	17988	0	-1	629
317	18460	18032	0	-2	628
318	18292	18540	0	-2	628
319	17632	17980	0	0	637
320	17976	18216	0	-2	639
321	17680	17716	0	-1	632
322	17896	17964	0	-1	631
323	17840	17560	0	1	623
324	18352	18012	0	-1	630
325	17972	17964	0	0	630
326	17956	17872	0	0	618
327	17724	17904	0	-2	629
328	17680	17716	0	1	628
329	18020	17512	0	1	632
330	17992	17816	0	-1	631
331	18288	18224	0	-2	632
332	18124	18284	0	-1	633
333	18060	18272	0	-3	628
334	17920	17896	0	0	633
335	17980	17836	0	-1	623
336	17828	17720	0	-1	624
337	17684	17780	0	1	631
338	18044	17660	0	0	628
339	17900	17876	0	0	632
340	18008	17748	0	-1	631
341	17684	18076	0	-2	630
342	17728	18008	0	-2	636
343	17672	17564	0	-2	631
344	17844	17504	0	-2	640
345	17748	17956	0	-2	633
346	18064	17988	0	-2	626
347	18300	18212	0	-3	631
348	18164	18028	0	0	633
349	18096	18196	0	-3	624
350	17728	18064	0	-2	625
351	17984	17940	0	-1	625
352	17808	17708	0	-1	635
353	18196	17676	0	0	625
354	18004	18072	0	1	628
355	18136	18232	0	-1	634
356	18120	18092	0	-1	633
357	18184	18200	0	-3	622
358	17864	17892	0	0	625
359	17620	17900	0	0	633
360	18104	17832	0	-2	620
361	17948	17612	0	-2	633
362	19152	17912	0	-4	631
363	18124	17944	0	1	626
364	18104	18124	0	-4	637
365	17924	18120	0	-2	629
366	18996	19176	0	0	637
367	17708	17800	0	0	634
368	17716	17844	0	0	631
369	18152	17732	0	-2	624
370	17748	17620	0	-1	628
371	18124	17908	0	-1	644
372	17960	17920	0	-1	649
373	18304	17824	0	-1	640
374	17916	18200	0	-5	634
375	17708	18016	0	-2	637
376	17508	17548	0	-2	642
377	17404	17636	0	1	630
378	17736	17360	0	-1	637
379	17780	17588	0	-3	631
380	18088	17732	0	-1	630
381	18076	17952	0	-2	646
382	17896	18256	0	0	634
383	18148	18260	0	-2	640
384	17880	17792	0	-3	645
385	17576	17820	0	-2	642
386	17600	17796	0	-1	644
387	17792	17716	0	-2	638
388	18180	18084	0	-3	633
389	18136	18144	0	-2	636
390	17900	18204	0	-1	648
391	17760	17832	0	0	643
392	17456	17692	0	-1	644
393	17772	17860	0	0	629
394	18168	17740	0	1	638
395	18140	17968	0	-1	644
396	18412	18204	0	-1	641
397	17812	18232	0	-4	641
398	17504	17936	0	-2	638
399	17892	17624	0	-2	625
400	18152	17764	0	-1	641
401	18060	18048	0	-1	639
402	18384	18092	0	0	638
403	18076	18140	0	2	650
404	17868	18220	0	-2	643
405	17756	17908	0	-2	646
406	17680	17884	0	0	641
407	18776	18088	0	-1	649
408	18864	18748	0	-3	635
409	19208	19176	0	-2	639
410	18640	19116	0	-1	645
411	18008	17848	0	0	646
412	17860	18144	0	-4	641
413	18148	18052	0	-2	636
414	17644	17892	0	-2	638
415	17668	17848	0	-1	635
416	17704	17664	0	-3	635
417	17704	17664	0	1	643
418	18100	17856	0	-2	636
419	18008	17912	0	-1	638
420	17884	17828	0	-2	646
421	17740	18232	0	-1	639
422	17792	17608	0	1	633
423	17752	17724	0	-1	635
424	17728	17880	0	0	638
425	18036	17524	0	-1	637
426	17976	18208	0	-3	647
427	17856	17968	0	-2	638
428	18136	18140	0	-3	651
429	17980	17776	0	1	639
430	17656	17644	0	-2	644
431	17976	17724	0	-2	645
432	17820	17616	0	0	651
433	17852	17596	0	-2	648
434	18216	18156	0	-1	632
435	18304	17920	0	-1	648
436	17912	18072	0	-2	630
437	18084	18000	0	-1	648
438	17860	17784	0	-2	651
439	17784	17436	0	-1	650
440	17800	17644	0	-1	627
441	17768	17684	0	0	632
442	18088	18140	0	-3	641
443	18124	17724	0	1	639
444	17764	18256	0	-1	645
445	18132	17716	0	-1	644
446	17952	17948	0	-1	647
447	18016	17772	0	-3	646
448	17844	17872	0	-3	652
449	17928	17816	0	-1	640
450	17904	17844	0	-2	643
451	17980	17908	0	-1	640
452	17976	17872	0	-3	648
453	18032	18012	0	-2	644
454	17936	18408	0	0	642
455	17872	18024	0	-2	626
456	17496	17660	0	-1	636
457	17772	17812	0	0	637
458	17640	17768	0	0	647
459	18012	17796	0	-2	636
460	17984	17836	0	0	648
461	18236	17860	0	-2	637
462	18000	18016	0	0	638
463	17904	18116	0	-2	645
464	18008	17844	0	-3	642
465	17724	17708	0	-1	633
466	17892	17584	0	-2	640
467	17876	17824	0	1	641
468	18048	17652	0	1	638
469	18020	17948	0	-1	635
470	17868	18180	0	-2	638
471	17720	17800	0	-1	643
472	17848	17608	0	-1	636
473	17484	17656	0	0	646
474	17828	18060	0	2	629
475	18040	17920	0	-2	638
476	18256	17944	0	-1	651
477	17880	18164	0	0	631
478	18252	18180	0	-3	632
479	17924	17836	0	-1	628
480	17780	17956	0	-2	635
481	17740	17708	0	-2	639
482	17968	17584	0	0	636
483	18228	17988	0	1	642
484	17988	17928	0	-5	632
485	18080	18228	0	-2	632
486	18272	17936	0	-1	641
487	17880	17624	0	0	652
488	18000	17768	0	0	638
489	18000	18012	0	-2	633
490	17616	17924	0	-2	637
491	17884	17952	0	-1	647
492	18068	17828	0	0	640
493	18040	18168	0	-4	633
494	18112	18100	0	1	644
495	18124	18000	0	-1	634
496	17988	18376	0	-1	633
497	17844	17712	0	-3	639
498	17796	17900	0	-1	627
499	17396	17788	0	-3	639
500	17796	17548	0	-1	641
501	18032	18132	0	0	648
502	18092	17740	0	-3	647
503	18208	18108	0	-1	649
504	17952	18124	0	1	646
505	17556	17904	0	-2	639
506	18016	17800	0	-1	629
507	17732	17924	0	-1	631
508	17732	17548	0	0	650
509	17848	17772	0	-3	645
510	17808	17836	0	-1	630
511	18036	17960	0	-2	635
512	18132	18120	0	2	636
513	17944	18000	0	-4	637
514	17844	17668	0	-2	639
515	17676	17892	0	-2	634
516	17640	17596	0	-1	630
517	17688	17872	0	-3	645
518	18164	17816	0	-1	641
519	17944	18048	0	0	633
520	18308	17936	0	-1	651
521	17992	18172	0	-1	637
522	17956	18208	0	1	645
523	18092	17948	0	-2	645
524	17768	17688	0	-3	641
525	17792	17800	0	-2	639
526	17900	17876	0	0	631
527	18024	17780	0	-3	631
528	18104	18056	0	-3	636
529	17856	17768	0	-2	643
530	17980	18200	0	-1	632
531	17988	17872	0	-2	643
532	17904	18012	0	-1	633
533	17876	17976	0	-4	645
534	18068	17952	0	1	644
535	18264	18848	0	-1	632
536	17964	18080	0	-1	642
537	17824	17800	0	-1	648
538	17936	17964	0	1	638
539	17772	17800	0	-1	639
540	17844	17824	0	-1	645
541	17812	17696	0	-2	633
542	18000	17828	0	2	644
543	17984	17984	0	-4	632
544	18132	17992	0	1	645
545	17888	18136	0	-1	648
546	17688	18036	0	-2	633
547	17672	17820	0	-3	644
548	17964	17388	0	-2	644
549	17992	17740	0	-2	638
550	18080	18044	0	-1	632
551	18024	18156	0	-1	649
552	17892	18088	0	-2	642
553	17764	18140	0	1	633
554	17988	18116	0	-4	640
555	17740	17824	0	0	648
556	18188	18048	0	-1	646
557	18012	18060	0	-1	641
558	17700	17888	0	-3	641
559	17504	17820	0	0	632
560	17936	17932	0	-1	629
561	17952	17876	0	-1	648
562	18008	18120	0	2	648
563	18048	17988	0	-3	647
564	17876	18140	0	1	646
565	17832	17896	0	-1	644
566	17928	17844	0	-1	631
567	17572	17916	0	-2	647
568	18152	17968	0	0	648
569	18000	18176	0	-2	637
570	18348	18040	0	-2	641
571	17948	18160	0	-1	636
572	17640	17580	0	3	642
573	17752	17840	0	-3	636
574	17900	17792	0	-4	633
575	17960	17788	0	-1	648
576	18048	18084	0	-2	637
577	18004	18060	0	0	636
578	17668	17860	0	-3	648
579	17596	17972	0	-3	652
580	17700	17896	0	-2	641
581	17660	17748	0	-2	632
582	17796	17672	0	-4	628
583	17756	17760	0	-2	633
584	17892	17868	0	-2	642
585	18008	18148	0	-3	644
586	17912	17940	0	-2	632
587	18016	17860	0	1	636
588	17800	17636	0	-1	631
589	17684	17252	0	-4	643
590	17640	17640	0	-1	635
591	17540	17552	0	-1	640
592	17988	17992	0	2	637
593	17828	17964	0	-1	647
594	17876	17964	0	-3	643
595	17944	17916	0	-1	648
596	17732	17952	0	0	640
597	17748	17752	0	1	638
598	17836	17512	0	0	647
599	17592	17788	0	-4	636
600	17840	17816	0	-2	633
601	18144	18132	0	-2	639
602	17964	18172	0	-1	638
603	17896	18048	0	0	648
604	18092	17976	0	-2	644
605	18076	17840	0	-1	638
606	17500	17924	0	-2	650
607	17900	17692	0	-2	641
608	17736	17868	0	1	646
609	17792	17516	0	1	645
610	17944	18048	0	-1	639
611	17708	18868	0	-2	639
612	18132	17848	0	-1	630
613	18124	18060	0	-3	633
614	17800	18076	0	-1	644
615	18092	18476	0	-2	645
616	17748	18260	0	-2	629
617	17860	18056	0	-2	637
618	17692	17844	0	-2	650
619	17840	17748	0	-2	642
620	17804	17888	0	-1	647
621	18116	17952	0	0	627
622	17764	17840	0	-4	636
623	17844	17836	0	-1	646
624	17760	17728	0	-1	647
625	17552	18024	0	-1	632
626	17612	18020	0	-1	646
627	17640	17836	0	-1	638
628	18008	18076	0	-2	646
629	17932	17788	0	1	637
630	17948	17716	0	-1	645
631	17804	18108	0	-2	637
632	17712	17916	0	-3	643
633	17960	17832	0	0	638
634	18032	17972	0	-1	637
635	18168	18172	0	-2	646
636	18208	17788	0	-2	639
637	17908	18156	0	1	643
638	18140	18016	0	2	640
639	17880	18444	0	-3	632
640	18300	18368	0	-1	635
641	18136	18008	0	-1	641
642	18204	18120	0	-1	634
643	18368	18384	0	-2	632
644	18404	18452	0	-1	635
645	18072	18188	0	-1	641
646	17912	18196	0	-2	631
647	18080	18024	0	0	638
648	17924	17864	0	-1	640
649	17796	17968	0	-2	642
650	18380	18188	0	-2	634
651	17928	17892	0	-4	635
652	18164	17996	0	-2	650
653	17968	17656	0	0	641
654	18180	17908	0	0	647
655	17964	18088	0	-2	645
656	18236	18128	0	-1	632
657	17856	18020	0	1	632
658	18256	17932	0	-3	641
659	18072	18100	0	-3	642
660	17856	17956	0	0	648
661	17864	17880	0	-1	637
662	19128	19220	0	-2	638
663	19224	19300	0	-1	640
664	19224	19304	0	-3	637
665	19396	19404	0	-1	639
666	19120	19448	0	-2	641
667	19288	19444	0	-2	642
668	18184	19252	0	-4	630
669	17932	18156	0	0	627
670	17776	17900	0	-2	640
671	18104	17896	0	0	639
672	18012	18296	0	-1	634
673	18348	18076	0	-1	635
674	18064	18376	0	-2	650
675	17856	17816	0	-2	637
676	18060	17816	0	-3	644
677	18156	18128	0	-3	646
678	18180	17804	0	0	650
679	19248	18832	0	-1	638
680	19444	19544	0	-2	645
681	19328	19544	0	-2	644
682	19260	19324	0	-1	632
683	19168	19432	0	-2	644
684	19180	19112	0	-2	645
685	19404	19112	0	-2	636
686	19256	19252	0	-2	643
687	19228	19112	0	-1	646
688	18048	17776	0	-5	646
689	17912	17988	0	-2	641
690	18004	17892	0	-3	631
691	18036	17972	0	-4	641
692	18072	17904	0	-2	633
693	18016	17800	0	-3	657
694	17904	17812	0	-2	643
695	17760	17920	0	-1	638
696	18064	18024	0	0	640
697	17760	18112	0	1	638
698	17900	18036	0	1	640
699	17692	17924	0	-1	631
700	17904	17984	0	-2	634
701	17940	17728	0	0	634
702	17608	17780	0	-1	630
703	17988	17708	0	-2	644
704	17696	17832	0	-2	641
705	18296	17528	0	-1	645
706	17860	17864	0	-4	648
707	17672	17684	0	-4	652
708	17928	17564	0	1	633
709	17516	17916	0	-1	628
710	17612	17476	0	0	635
711	17688	17756	0	-2	639
712	17548	17676	0	-1	637
713	17672	17436	0	-2	636
714	17480	17740	0	-1	629
715	17672	17444	0	-2	633
716	17656	17592	0	-5	644
717	17328	17544	0	-1	637
718	17724	17560	0	-3	646
719	17772	17552	0	-2	646
720	17580	17860	0	-2	636
721	17788	17372	0	-2	638
722	17912	18028	0	-2	645
723	17752	17516	0	0	648
724	17712	17808	0	-1	641
725	17848	17824	0	-2	633
726	17900	17832	0	-5	649
727	18268	17940	0	-4	647
728	17904	17832	0	0	641
729	17472	17920	0	-2	637
730	18344	18188	0	-1	640
731	18028	17960	0	0	634
732	18124	18256	0	-1	639
733	18004	18240	0	-2	642
734	18076	18252	0	-1	636
735	17812	18180	0	-1	643
736	18116	17984	0	-3	637
737	18148	18060	0	-3	634
738	18184	17972	0	-3	637
739	18008	18288	0	-1	645
740	18304	18104	0	-1	634
741	18272	17892	0	-1	652
742	18068	17936	0	-1	649
743	17884	17860	0	-2	636
744	18148	18156	0	-2	635
745	17964	18052	0	1	635
746	17836	17608	0	1	639
747	17660	18068	0	-2	635
748	17916	18100	0	-1	641
749	17880	17808	0	-2	650
750	17832	17640	0	-2	641
751	17720	17696	0	-2	633
752	17772	17564	0	-1	646
753	17896	17836	0	-1	628
754	17660	17700	0	-1	633
755	17452	17884	0	-1	653
756	17628	17632	0	0	647
757	17776	17736	0	0	641
758	17652	17820	0	-1	630
759	17848	17804	0	0	641
760	17844	17944	0	0	644
761	17640	17716	0	-1	641
762	17816	17712	0	-1	644
763	17800	17904	0	-1	634
764	17784	17992	0	-2	647
765	17792	17824	0	-2	638
766	17804	17828	0	0	642
767	17808	17772	0	-4	630
768	18584	18004	0	-1	634
769	19260	19356	0	-2	635
770	19268	19200	0	-3	641
771	18184	18224	0	-2	631
772	18188	17776	0	-4	636
773	18272	17692	0	-2	639
774	18260	18132	0	-1	633
775	18244	17892	0	-1	639
776	17980	17804	0	-1	633
777	17756	17808	0	-2	642
778	17788	17744	0	-1	632
779	17704	17768	0	-1	629
780	17608	17452	0	-2	640
781	17328	17372	0	-3	629
782	17516	17960	0	-1	645
783	17672	17604	0	-2	646
784	17692	17944	0	0	638
785	18268	17836	0	-1	634
786	18148	17848	0	-2	639
787	18144	18120	0	-1	638
788	17976	17896	0	-2	650
789	18052	18000	0	-3	639
790	17960	17788	0	-1	638
791	17604	17892	0	-1	632
792	17924	17672	0	-2	639
793	17708	17476	0	-1	642
794	17692	17776	0	0	646
795	17732	17604	0	0	643
796	17672	18212	0	-2	644
797	18144	18196	0	-2	636
798	17892	17836	0	-2	638
799	17768	18176	0	0	638
800	17624	17624	0	-2	643
801	17620	17852	0	-1	649
802	17748	17676	0	-2	643
803	17660	17700	0	-1	631
804	17852	17824	0	-5	638
805	17696	17792	0	-3	640
806	17888	17912	0	-1	634
807	18052	18120	0	-2	645
808	18120	18068	0	-1	644
809	17808	18336	0	-4	640
810	17912	18108	0	1	645
811	18376	17728	0	-3	644
812	17616	17676	0	-1	638
813	17600	17652	0	-2	643
814	17596	17884	0	-1	639
815	17828	17608	0	-4	636
816	17920	17876	0	-3	638
817	17896	18148	0	-1	648
818	18124	18328	0	0	648
819	17984	17884	0	1	639
820	18040	17972	0	-2	645
821	18100	17720	0	0	629
822	17520	17732	0	0	644
823	17728	17800	0	-1	636
824	17764	17280	0	-4	639
825	17704	17724	0	-4	645
826	17684	17960	0	1	637
827	17648	18012	0	-1	635
828	18220	17628	0	-1	645
829	17732	18024	0	1	639
830	18164	18004	0	-1	642
831	17804	18136	0	0	635
832	17720	17976	0	-1	633
833	17708	17820	0	-3	645
834	17740	17380	0	1	646
835	17660	17600	0	1	635
836	17504	17652	0	-2	632
837	17860	17884	0	-3	643
838	18028	17756	0	-1	644
839	17712	17844	0	-2	640
840	17888	18032	0	-2	639
841	17932	17872	0	-1	633
842	17948	17900	0	-2	637
843	18156	18236	0	-1	634
844	17880	17896	0	0	641
845	17700	17860	0	-2	633
846	17608	17644	0	-2	637
847	17744	17688	0	-1	629
848	17624	17856	0	0	638
849	18128	17856	0	0	638
850	17880	18096	0	-2	636
851	17980	18060	0	-1	635
852	18092	18004	0	0	637
853	17744	17820	0	-2	636
854	17912	17740	0	-2	630
855	17764	17768	0	1	627
856	17764	17708	0	-1	632
857	18024	17764	0	-1	631
858	18000	17956	0	-2	637
859	17832	17640	0	-1	632
860	17724	17800	0	-1	641
861	17788	17844	0	-1	631
862	17616	17816	0	-2	633
863	17768	17748	0	-1	628
864	17896	17620	0	-3	627
865	17592	17664	0	-1	635
866	18292	18224	0	-1	634
867	18116	18136	0	-1	634
868	17956	17920	0	-1	620
869	17820	17952	0	0	629
870	17612	17808	0	-1	630
871	18004	17732	0	-1	627
872	17640	17808	0	0	625
873	17980	18064	0	-2	625
874	18380	18104	0	2	626
875	17820	17932	0	-1	621
876	17868	18228	0	-1	625
877	17660	17752	0	-3	627
878	17796	17724	0	-2	623
879	17716	17672	0	-1	631
880	17604	17892	0	-1	633
881	18108	17848	0	-1	636
882	18284	17732	0	0	636
883	17696	18028	0	0	628
884	17904	18044	0	-2	630
885	17800	17696	0	0	641
886	18004	17716	0	-2	633
887	17756	17924	0	-1	630
888	17988	17760	0	0	627
889	18180	18196	0	-2	621
890	18020	18252	0	-1	631
891	17840	17924	0	-1	621
892	17608	17744	0	0	631
893	17800	17532	0	-1	624
894	17884	17584	0	-2	631
895	18028	17676	0	-1	630
896	17952	18008	0	-1	636
897	17868	18264	0	1	629
898	17780	18232	0	-2	623
899	17956	18004	0	-1	636
900	17572	18052	0	-2	635
901	17544	17968	0	-5	632
902	17676	17684	0	-5	629
903	17884	17768	0	-2	626
904	17744	17828	0	0	624
905	17968	17892	0	-1	624
906	18152	17900	0	-1	628
907	17984	18312	0	0	624
908	17916	18164	0	-1	628
909	17888	17892	0	-1	632
910	17684	17804	0	-2	642
911	17856	17700	0	-2	617
912	17764	17728	0	-3	627
913	17680	17644	0	-2	640
914	17836	18056	0	-1	634
915	18040	18180	0	-1	643
916	18100	17860	0	-2	634
917	18044	18092	0	1	635
918	17924	17936	0	-1	641
919	18300	18084	0	0	630
920	18244	18620	0	-1	635
921	18864	18920	0	-5	622
922	19012	18616	0	-3	643
923	19324	19112	0	-2	635
924	19240	19164	0	0	639
925	19104	19164	0	-1	639
926	19132	18832	0	1	635
927	19036	19064	0	-2	637
928	20944	20396	0	-2	644
929	19168	18584	0	-1	638
930	17916	17640	0	1	637
931	17720	17536	0	0	631
932	17852	17560	0	1	639
933	17888	17944	0	0	635
934	18032	18092	0	-3	632
935	17988	17996	0	-1	631
936	17868	17980	0	-1	643
937	19200	17784	0	-1	646
938	18972	19060	0	-1	646
939	18936	19048	0	-1	643
940	19188	18972	0	-2	646
941	19500	19200	0	-1	638
942	19568	19432	0	2	635
943	19536	19608	0	-1	639
944	19288	19648	0	-2	646
945	18376	18048	0	-3	638
946	18988	19236	0	1	641
947	19152	18708	0	-1	632
948	19000	19004	0	-2	631
949	18000	19000	0	1	645
950	17856	17600	0	-2	647
951	18444	17804	0	-3	645
952	18824	19512	0	-1	635
953	19456	19076	0	-1	645
954	19288	19104	0	-3	647
955	19416	19172	0	-1	648
956	17756	18952	0	-3	633
957	19248	17796	0	0	631
958	18928	19180	0	-1	641
959	19084	19332	0	-1	644
960	19408	19364	0	-3	636
961	19396	19604	0	-1	634
962	17976	18096	0	-2	637
963	17996	17944	0	-4	646
964	17732	17948	0	0	638
965	17960	17920	0	-1	642
966	17648	17956	0	-2	638
967	17944	17788	0	-1	637
968	17896	18084	0	-1	638
969	18040	17724	0	-2	639
970	17972	18020	0	-4	635
971	17972	17952	0	-2	648
972	18216	18084	0	-1	632
973	17928	17764	0	-2	632
974	17392	17680	0	-2	647
975	17824	17460	0	-1	649
976	17960	18016	0	-2	641
977	17768	17792	0	-2	634
978	18276	17836	0	0	632
979	17912	18056	0	-4	644
980	18124	18008	0	-4	633
981	18284	18060	0	-1	642
982	17864	18076	0	-2	643
