1	-200	19084	18984	0	-2	570
2	-198	19112	19312	0	-2	570
3	-196	19536	19092	0	-2	568
4	-193	19240	19088	0	-1	580
5	-191	19036	18932	0	-1	579
6	-189	18776	18580	0	-2	564
7	-187	18644	18880	0	-1	565
8	-185	18684	19020	0	-1	564
9	-182	18604	18592	0	-1	572
10	-180	18700	18940	0	-2	564
11	-178	18636	19020	0	-2	561
12	-176	18800	18636	0	-1	565
13	-174	18824	18832	0	-2	576
14	-171	18832	18984	0	-1	572
15	-169	18720	18944	0	-2	565
16	-167	18908	18864	0	-2	574
17	-165	19072	18856	0	-2	569
18	-163	18996	18828	0	-1	578
19	-160	18832	18848	0	-1	571
20	-158	18436	18676	0	-1	565
21	-156	18440	18364	0	-1	580
22	-154	18356	18488	0	0	566
23	-152	18416	18308	0	-1	571
24	-149	18692	18720	0	-1	572
25	-147	18376	18344	0	0	566
26	-145	18356	18172	0	-1	577
27	-143	18360	18332	0	-2	576
28	-141	18352	18452	0	-1	568
29	-138	18280	18328	0	-2	577
30	-136	18356	18244	0	-1	566
31	-134	18488	18444	0	-1	567
32	-132	18272	18740	0	-2	574
33	-130	18380	18344	0	-1	573
34	-127	18372	18552	0	-1	571
35	-125	18380	18244	0	-2	569
36	-123	18728	18576	0	-2	577
37	-121	18288	18612	0	-1	570
38	-119	18352	18448	0	-1	579
39	-116	18260	18276	0	-2	572
40	-114	18324	18628	0	-1	579
41	-112	18252	18012	0	-1	569
42	-110	18452	18368	0	-1	563
43	-108	18408	18108	0	-1	576
44	-105	18236	18336	0	0	565
45	-103	18308	18368	0	-1	563
46	-101	18564	18348	0	-1	573
47	-99	18300	18032	0	-2	568
48	-97	18224	18128	0	-1	572
49	-94	18088	18164	0	-1	569
50	-92	18040	17848	0	-2	576
51	-90	17800	17952	0	-2	574
52	-88	18136	18140	0	-2	572
53	-86	18256	17908	0	-2	572
54	-83	17832	17676	0	-2	573
55	-81	17780	17584	0	-2	571
56	-79	17972	17832	0	-1	571
57	-77	18036	17780	0	-1	571
58	-75	17820	17988	0	-1	567
59	-72	17780	17700	0	-1	568
60	-70	17724	17680	0	-1	575
61	-68	17832	17900	0	-1	574
62	-66	17864	17728	0	-1	565
63	-64	17764	17736	0	-2	576
64	-61	17436	17584	0	-2	565
65	-59	17532	17548	0	-1	574
66	-57	17616	17544	0	-1	572
67	-55	17468	17748	0	-2	578
68	-53	17376	17604	0	-2	573
69	-50	17672	17376	0	-1	574
70	-48	17656	17768	0	-2	569
71	-46	17524	17924	0	-2	577
72	-44	17756	17892	0	-2	575
73	-42	17652	17644	0	-2	575
74	-39	17712	17772	0	-1	565
75	-37	17516	17620	0	-2	574
76	-35	17532	17196	0	-2	578
77	-33	17500	17328	0	-1	575
78	-31	17424	17512	0	-1	580
79	-28	17540	17448	0	-1	568
80	-26	17444	18112	0	0	571
81	-24	17476	18908	0	-2	576
82	-22	17492	18704	0	-2	564
83	-20	17556	18684	0	-1	571
84	-17	17608	18392	0	-1	578
85	-15	17544	18920	0	-1	567
86	-13	17392	18916	0	-1	566
87	-11	17268	17580	0	-1	572
88	-9	17364	17440	0	-1	574
89	-6	17368	17360	0	-1	569
90	-4	17404	17452	0	-2	570
91	-2	17216	17148	0	-2	574
92	0	17356	17632	0	-1	573
93	2	17548	17200	0	-2	573
94	5	17272	17192	0	-1	568
95	7	17248	17304	0	-2	575
96	9	17312	17528	0	-1	564
97	11	17268	17228	0	-1	565
98	13	17236	17360	0	-2	569
99	16	17028	17184	0	-2	569
100	18	17228	17244	0	-1	587
101	-200	18868	19324	0	-1	565
102	-198	18804	18668	0	-1	576
103	-196	18824	18640	0	-2	574
104	-193	19020	19060	0	-2	571
105	-191	19300	19160	0	-1	562
106	-189	19320	19148	0	-2	565
107	-187	19268	19092	0	-2	572
108	-185	18876	18996	0	-1	572
109	-182	19020	18768	0	-1	576
110	-180	18644	19120	0	-1	578
111	-178	18796	18684	0	-1	583
112	-176	18892	18924	0	-1	574
113	-174	18700	18748	0	-1	571
114	-171	18444	18632	0	-1	569
115	-169	18660	18512	0	-1	566
116	-167	18704	18924	0	-2	571
117	-165	18480	18556	0	-2	580
118	-163	18668	18488	0	-2	575
119	-160	18436	18576	0	-1	576
120	-158	18492	18324	0	-1	573
121	-156	18112	18424	0	-2	574
122	-154	18344	18248	0	-1	566
123	-152	18488	18020	0	-1	576
124	-149	18316	18644	0	-1	570
125	-147	18152	18212	0	-1	570
126	-145	18224	18300	0	-1	570
127	-143	18176	18264	0	-2	568
128	-141	18440	18476	0	-2	568
129	-138	18284	18340	0	-1	562
130	-136	18220	18148	0	-1	569
131	-134	18392	18336	0	-1	576
132	-132	18392	18328	0	-2	569
133	-130	18480	18028	0	-1	567
134	-127	17896	18188	0	-1	564
135	-125	18012	18272	0	-1	574
136	-123	18276	18144	0	-1	566
137	-121	18216	18348	0	-1	564
138	-119	18352	17908	0	-1	569
139	-116	18420	18176	0	-1	570
140	-114	18336	18168	0	-2	573
141	-112	18044	18192	0	-2	572
142	-110	18240	18144	0	-2	564
143	-108	18204	18256	0	-1	570
144	-105	17848	18088	0	-2	569
145	-103	18068	18252	0	-2	570
146	-101	18076	19128	0	-1	573
147	-99	18100	18036	0	-1	569
148	-97	18136	18012	0	-1	568
149	-94	18056	18112	0	-1	564
150	-92	17888	18296	0	-1	569
151	-90	18136	17972	0	-1	569
152	-88	18040	18080	0	-1	574
153	-86	18000	17856	0	-1	571
154	-83	17732	17776	0	-1	565
155	-81	18208	18012	0	-2	562
156	-79	18056	17828	0	-1	569
157	-77	18052	18192	0	-1	570
158	-75	18064	17656	0	-1	573
159	-72	18036	18076	0	-1	570
160	-70	17864	17904	0	-1	576
161	-68	18136	17780	0	-2	571
162	-66	17848	18280	0	-1	564
163	-64	17916	18180	0	-1	569
164	-61	18132	17916	0	-2	567
165	-59	18208	17916	0	-1	576
166	-57	18224	17996	0	-2	566
167	-55	17976	18100	0	-1	568
168	-53	17796	17880	0	0	571
169	-50	18032	17836	0	-2	569
170	-48	17924	17840	0	-1	566
171	-46	17880	17964	0	-2	571
172	-44	17708	17780	0	-1	564
173	-42	17892	17936	0	0	576
174	-39	17700	17992	0	-2	572
175	-37	17472	17688	0	-1	566
176	-35	17300	17604	0	-1	574
177	-33	17628	17716	0	-1	570
178	-31	17680	17552	0	-1	570
179	-28	17644	17432	0	-1	565
180	-26	17440	17364	0	-1	568
181	-24	17320	17664	0	-1	570
182	-22	17476	17600	0	-2	577
183	-20	17612	17220	0	-1	567
184	-17	17344	17432	0	-1	573
185	-15	17416	17260	0	-2	562
186	-13	17320	17484	0	-1	570
187	-11	17316	17308	0	-1	575
188	-9	17440	17540	0	-1	566
189	-6	17224	17196	0	-2	571
190	-4	17172	17152	0	-1	569
191	-2	17204	17188	0	-1	574
192	0	17448	17124	0	-2	578
193	2	17196	17008	0	-2	574
194	5	17116	17252	0	-2	571
195	7	17288	17124	0	-2	574
196	9	17340	17080	0	-1	566
197	11	17492	17240	0	-1	565
198	13	17424	17768	0	-2	568
199	16	17140	17100	0	0	565
200	18	17088	17208	0	-1	572
201	-200	19152	18888	0	0	572
202	-198	19288	19264	0	-1	566
203	-196	19264	19372	0	-1	572
204	-193	18772	18960	0	-1	574
205	-191	18588	18784	0	-2	576
206	-189	18840	18856	0	-1	575
207	-187	18768	18808	0	-2	572
208	-185	18588	18612	0	-1	572
209	-182	18756	18724	0	-2	564
210	-180	18576	18748	0	-1	577
211	-178	18300	18608	0	-2	566
212	-176	18560	18328	0	-1	568
213	-174	18628	18420	0	-2	571
214	-171	18320	18340	0	0	580
215	-169	18772	18508	0	-2	574
216	-167	18592	18568	0	-1	574
217	-165	18692	18372	0	-1	571
218	-163	18640	18744	0	-1	568
219	-160	18692	18328	0	-1	574
220	-158	18780	18728	0	-2	575
221	-156	18796	18684	0	0	568
222	-154	18768	19048	0	-1	567
223	-152	18832	18652	0	-1	574
224	-149	18724	19136	0	-1	569
225	-147	18664	18512	0	-2	567
226	-145	18628	18560	0	-2	574
227	-143	18596	18760	0	-1	569
228	-141	18520	18824	0	-1	569
229	-138	18528	18616	0	-1	560
230	-136	18464	18428	0	-1	572
231	-134	18468	18532	0	-1	574
232	-132	18408	18348	0	-1	573
233	-130	18548	18504	0	-2	577
234	-127	18220	18408	0	-1	566
235	-125	18344	18532	0	-2	572
236	-123	18396	18508	0	-2	574
237	-121	18260	18440	0	-1	569
238	-119	18772	18172	0	-2	575
239	-116	18352	18184	0	-1	567
240	-114	18656	18556	0	-1	573
241	-112	18168	18448	0	-1	564
242	-110	18280	18220	0	-2	571
243	-108	18268	18600	0	0	571
244	-105	18628	18552	0	-1	576
245	-103	18540	18384	0	-1	571
246	-101	18336	18564	0	-1	569
247	-99	18180	18376	0	-2	574
248	-97	18468	18448	0	-1	570
249	-94	18348	18760	0	-2	575
250	-92	17940	18236	0	-1	581
251	-90	18144	17836	0	-1	589
252	-88	17932	17976	0	-1	581
253	-86	17788	18216	0	-1	576
254	-83	17792	17804	0	-1	575
255	-81	17988	18708	0	-2	569
256	-79	18292	18420	0	-1	567
257	-77	18040	18308	0	-1	576
258	-75	17860	18016	0	-1	579
259	-72	17948	17836	0	-1	585
260	-70	17816	18008	0	0	584
261	-68	18100	18104	0	-2	578
262	-66	17856	18404	0	-1	583
263	-64	18272	18160	0	-1	581
264	-61	18116	18112	0	-1	588
265	-59	18196	18176	0	-1	580
266	-57	18040	18140	0	-2	580
267	-55	18236	18300	0	-1	586
268	-53	17892	18044	0	-2	583
269	-50	18140	17960	0	-1	579
270	-48	18144	18140	0	-1	586
271	-46	17668	17904	0	-1	590
272	-44	17692	17844	0	-1	576
273	-42	17980	18000	0	-1	585
274	-39	17816	18328	0	-1	581
275	-37	17568	17724	0	-1	581
276	-35	17912	17788	0	-1	581
277	-33	17788	17484	0	-1	581
278	-31	17520	17892	0	-2	572
279	-28	17544	17952	0	0	577
280	-26	17792	17760	0	-2	589
281	-24	17696	17588	0	-1	584
282	-22	17508	17528	0	-2	584
283	-20	17792	17516	0	-1	584
284	-17	17444	17808	0	-2	584
285	-15	17272	17392	0	-1	581
286	-13	17192	17472	0	-1	580
287	-11	17360	17352	0	-2	589
288	-9	17476	17484	0	-1	579
289	-6	17656	17616	0	-1	574
290	-4	17560	17240	0	-1	585
291	-2	17164	17744	0	-1	576
292	0	17304	17520	0	-2	581
293	2	17232	17212	0	-2	579
294	5	16932	17284	0	-2	579
295	7	17224	17744	0	-1	576
296	9	17120	17496	0	-2	583
297	11	17360	17380	0	-1	586
298	13	17504	17496	0	-2	576
299	16	17052	17212	0	-2	583
300	18	16928	17200	0	-2	586
301	-200	19140	18992	0	-1	576
302	-198	19152	19328	0	-1	582
303	-196	18988	18948	0	-1	578
304	-193	18916	18896	0	-2	585
305	-191	18800	19004	0	-1	589
306	-189	18684	18740	0	-1	586
307	-187	19212	18812	0	-1	587
308	-185	18872	18976	0	-2	582
309	-182	18464	18700	0	-1	584
310	-180	18776	18924	0	-1	582
311	-178	19020	19132	0	-2	582
312	-176	18972	19088	0	-2	582
313	-174	18896	18704	0	-1	597
314	-171	18812	19036	0	0	586
315	-169	19080	19148	0	-2	581
316	-167	18888	18988	0	-1	594
317	-165	18744	18980	0	-1	574
318	-163	18880	18684	0	-1	580
319	-160	19088	18800	0	-2	574
320	-158	18904	19008	0	-1	585
321	-156	18988	18732	0	-1	583
322	-154	18664	18964	0	-2	584
323	-152	18808	18736	0	-1	580
324	-149	18848	18644	0	-2	581
325	-147	18740	18640	0	-2	587
326	-145	18660	18660	0	-1	583
327	-143	18732	18764	0	-1	584
328	-141	18828	18660	0	0	582
329	-138	18520	18396	0	-2	574
330	-136	18700	18544	0	-1	575
331	-134	18432	18504	0	-1	579
332	-132	18660	18568	0	-2	580
333	-130	18764	18520	0	-1	576
334	-127	18860	18436	0	-2	587
335	-125	18556	18316	0	-1	581
336	-123	18580	18556	0	-1	574
337	-121	18300	18492	0	-1	584
338	-119	18364	18380	0	-2	582
339	-116	18360	18004	0	-1	573
340	-114	18552	18420	0	-1	572
341	-112	18432	18124	0	-1	579
342	-110	18176	18140	0	-2	580
343	-108	18164	17972	0	-1	579
344	-105	18196	17976	0	-1	581
345	-103	18400	18260	0	-2	585
346	-101	18224	18064	0	-1	580
347	-99	17932	18084	0	-1	571
348	-97	18196	17972	0	-1	579
349	-94	18264	18252	0	-2	588
350	-92	18148	18084	0	-1	582
351	-90	18192	18048	0	-2	580
352	-88	18400	18056	0	-1	582
353	-86	18528	18164	0	-1	580
354	-83	17952	18240	0	-1	569
355	-81	18132	17948	0	-1	571
356	-79	18264	18308	0	-1	570
357	-77	18492	18044	0	-1	581
358	-75	18196	18392	0	-1	579
359	-72	18312	18004	0	-2	583
360	-70	18296	18352	0	-2	576
361	-68	17976	18012	0	-1	583
362	-66	18064	18224	0	-1	574
363	-64	17868	18072	0	-1	582
364	-61	18084	17940	0	-1	573
365	-59	18060	17920	0	-1	568
366	-57	18124	18136	0	-1	572
367	-55	18348	17784	0	-1	566
368	-53	18052	18072	0	-1	584
369	-50	17784	17912	0	-2	578
370	-48	18036	17856	0	-1	578
371	-46	17908	17864	0	-2	568
372	-44	17996	17876	0	-1	566
373	-42	17760	17588	0	-2	575
374	-39	17668	17484	0	-1	575
375	-37	17672	17564	0	-2	569
376	-35	17244	17480	0	-1	574
377	-33	17800	17652	0	-2	568
378	-31	17388	17768	0	-1	564
379	-28	17592	17172	0	-2	566
380	-26	17596	17388	0	0	573
381	-24	17600	17316	0	-1	565
382	-22	17856	17636	0	-1	563
383	-20	17728	17488	0	-2	566
384	-17	17616	17572	0	-1	575
385	-15	17604	17600	0	-2	572
386	-13	17604	17736	0	-1	576
387	-11	17704	17428	0	-2	572
388	-9	17556	17664	0	-1	572
389	-6	17868	17796	0	-1	574
390	-4	17544	17588	0	-1	567
391	-2	17568	17584	0	-2	566
392	0	17628	17372	0	-1	577
393	2	17716	17440	0	-1	575
394	5	17444	17572	0	-2	581
395	7	17608	17432	0	-1	573
396	9	17440	17412	0	-2	576
397	11	17192	17452	0	-2	570
398	13	17292	17540	0	-1	563
399	16	17580	17304	0	-2	570
400	18	17300	17496	0	-2	566
401	-200	19360	19140	0	-2	570
402	-198	19080	18860	0	-1	569
403	-196	19192	19168	0	0	572
404	-193	19000	19384	0	-2	565
405	-191	18860	19180	0	-1	573
406	-189	19152	19056	0	-1	575
407	-187	19412	19184	0	-1	577
408	-185	19364	19092	0	-1	572
409	-182	19100	18892	0	-1	574
410	-180	18976	19156	0	-1	575
411	-178	19008	18936	0	-1	573
412	-176	19168	19160	0	-1	565
413	-174	19060	19224	0	-1	568
414	-171	19008	18960	0	-2	566
415	-169	19096	19012	0	-1	568
416	-167	18920	19068	0	-1	563
417	-165	18948	18824	0	-2	563
418	-163	18896	18964	0	0	576
419	-160	18848	18572	0	-1	576
420	-158	18648	18520	0	0	570
421	-156	18656	18596	0	-1	570
422	-154	18828	18468	0	-1	577
423	-152	18964	18772	0	-1	566
424	-149	18584	18712	0	-1	576
425	-147	18752	18600	0	-2	576
426	-145	18256	18428	0	-1	568
427	-143	18408	18548	0	-1	568
428	-141	18324	18148	0	-1	573
429	-138	17960	17936	0	-1	561
430	-136	18212	18296	0	-1	575
431	-134	18300	18180	0	-1	573
432	-132	18316	18464	0	-2	571
433	-130	17992	18336	0	-2	568
434	-127	18376	18436	0	-1	573
435	-125	18296	18384	0	-2	567
436	-123	18268	18316	0	-1	563
437	-121	18336	18328	0	-1	575
438	-119	18488	18480	0	-1	575
439	-116	18244	18468	0	-1	571
440	-114	18488	18372	0	-2	571
441	-112	18408	18280	0	-2	574
442	-110	18220	18536	0	-2	568
443	-108	18484	18468	0	0	569
444	-105	18376	18084	0	-2	562
445	-103	18128	18548	0	-1	570
446	-101	18624	18860	0	-2	570
447	-99	18228	18932	0	-1	580
448	-97	18180	18696	0	-1	574
449	-94	18268	17904	0	-1	574
450	-92	17900	18364	0	-1	570
451	-90	17992	18768	0	-1	568
452	-88	18348	18576	0	-1	569
453	-86	18044	18152	0	-3	576
454	-83	18272	18308	0	-1	570
455	-81	17892	18616	0	-2	572
456	-79	18024	18240	0	-1	572
457	-77	18012	18640	0	-2	568
458	-75	17592	18068	0	-1	563
459	-72	17580	18556	0	-1	576
460	-70	17992	17948	0	-1	571
461	-68	18088	17864	0	-1	576
462	-66	17948	17720	0	-1	569
463	-64	17764	17768	0	0	572
464	-61	17816	17652	0	-1	569
465	-59	17600	17824	0	-1	574
466	-57	17764	17568	0	-1	569
467	-55	18180	17620	0	-1	558
468	-53	17972	17848	0	-2	566
469	-50	17696	17796	0	-1	570
470	-48	17540	17736	0	-1	565
471	-46	17632	17588	0	-1	572
472	-44	17752	17600	0	-1	561
473	-42	17672	17784	0	-1	578
474	-39	17644	17612	0	-1	574
475	-37	17848	17692	0	-2	568
476	-35	17752	17760	0	-1	574
477	-33	17944	17716	0	-1	570
478	-31	17648	17788	0	-1	576
479	-28	17700	17824	0	-2	569
480	-26	17620	17768	0	-1	572
481	-24	17512	17840	0	-1	565
482	-22	17732	17996	0	-1	564
483	-20	17824	17712	0	-1	564
484	-17	18072	17608	0	-1	573
485	-15	17780	17608	0	-1	568
486	-13	17428	17588	0	-1	570
487	-11	17660	17400	0	-2	571
488	-9	17528	17384	0	-1	574
489	-6	17400	17232	0	-2	570
490	-4	17388	17292	0	-1	572
491	-2	17384	17220	0	-1	573
492	0	17380	17508	0	-2	569
493	2	17516	17384	0	-1	571
494	5	17116	17064	0	-1	565
495	7	16840	17200	0	-1	572
496	9	17160	16948	0	-2	570
497	11	17580	17012	0	-1	571
498	13	17064	16940	0	-1	577
499	16	17100	17124	0	-2	569
500	18	17120	16912	0	0	571
501	-200	19276	19060	0	-1	564
502	-198	19568	19424	0	-1	573
503	-196	18936	19060	0	-1	573
504	-193	18684	18612	0	-1	577
505	-191	18988	18956	0	-2	568
506	-189	18868	19080	0	-1	565
507	-187	18944	19000	0	-2	569
508	-185	19100	19012	0	-1	572
509	-182	18896	18948	0	-2	571
510	-180	18964	19384	0	0	569
511	-178	18988	18928	0	-1	566
512	-176	18948	19540	0	-1	566
513	-174	18776	18996	0	-1	566
514	-171	19212	19128	0	-1	571
515	-169	18884	19084	0	-2	575
516	-167	18816	18936	0	-2	575
517	-165	18856	18964	0	-1	575
518	-163	18988	18904	0	-1	563
519	-160	18760	18808	0	-1	568
520	-158	18832	18976	0	-1	579
521	-156	18764	18836	0	-1	579
522	-154	18992	18888	0	-1	573
523	-152	18728	19028	0	-1	570
524	-149	18876	19080	0	-1	574
525	-147	18624	18592	0	-2	573
526	-145	19084	18656	0	-2	568
527	-143	18824	18712	0	-2	576
528	-141	18644	18660	0	0	569
529	-138	18792	18448	0	-1	574
530	-136	18560	18484	0	-1	573
531	-134	18644	18476	0	-1	575
532	-132	18504	18448	0	-2	573
533	-130	18356	18564	0	0	567
534	-127	18556	18512	0	-1	579
535	-125	18320	18312	0	-1	568
536	-123	18664	18444	0	-1	573
537	-121	18404	18172	0	-1	571
538	-119	18292	18248	0	-2	574
539	-116	17992	18388	0	-2	569
540	-114	18512	18556	0	-1	577
541	-112	18228	18596	0	-1	575
542	-110	18416	18148	0	-1	568
543	-108	18488	18320	0	-2	567
544	-105	18224	18284	0	-1	574
545	-103	18284	18232	0	-2	568
546	-101	18152	18392	0	0	571
547	-99	18344	18484	0	-1	573
548	-97	18296	18148	0	-1	572
549	-94	18100	18588	0	-2	571
550	-92	18268	18300	0	-1	567
551	-90	18236	18124	0	-1	574
552	-88	18116	18120	0	-2	576
553	-86	17928	18212	0	-2	574
554	-83	18336	18108	0	-2	577
555	-81	18052	17904	0	-2	571
556	-79	17860	17896	0	-1	566
557	-77	18008	18124	0	-1	570
558	-75	18028	18136	0	-1	571
559	-72	17980	18016	0	-2	574
560	-70	17816	18180	0	-1	576
561	-68	18168	18136	0	-2	574
562	-66	17888	17784	0	-2	574
563	-64	18004	18120	0	-1	571
564	-61	18044	18020	0	-1	569
565	-59	17996	18208	0	-1	573
566	-57	17916	18028	0	-1	574
567	-55	17732	17928	0	-2	568
568	-53	18024	18024	0	-1	566
569	-50	17688	17652	0	-1	571
570	-48	17656	17856	0	-1	574
571	-46	17776	17504	0	-1	567
572	-44	17392	17604	0	-2	569
573	-42	17876	17676	0	-1	562
574	-39	17728	17924	0	-2	573
575	-37	17844	17636	0	0	575
576	-35	17632	17584	0	-1	575
577	-33	17652	18708	0	-2	572
578	-31	17608	19028	0	-2	565
579	-28	17404	19064	0	-1	569
580	-26	17400	18788	0	-1	573
581	-24	17568	20100	0	-1	573
582	-22	17440	18684	0	-2	567
583	-20	17540	18532	0	-1	573
584	-17	17532	18020	0	-1	571
585	-15	17512	18392	0	-2	571
586	-13	17432	19156	0	-1	570
587	-11	17340	18320	0	-2	565
588	-9	17244	17936	0	-1	577
589	-6	17388	17960	0	-1	564
590	-4	17080	17352	0	-1	576
591	-2	17212	17304	0	-1	571
592	0	17268	17272	0	-2	569
593	2	17236	17276	0	0	581
594	5	17208	17376	0	-1	573
595	7	17340	17240	0	-2	563
596	9	17256	17232	0	-2	573
597	11	17116	17032	0	-2	569
598	13	17268	17192	0	-1	574
599	16	17080	17168	0	-1	576
600	18	17088	17236	0	-1	568
601	-200	19036	18808	0	-1	570
602	-198	19452	19116	0	-2	572
603	-196	19260	18860	0	-1	569
604	-193	18968	18664	0	-1	568
605	-191	18872	18604	0	-2	572
606	-189	18604	18888	0	-1	576
607	-187	18576	18736	0	-1	574
608	-185	18592	18640	0	-1	574
609	-182	18288	18660	0	-1	577
610	-180	18696	18560	0	-2	574
611	-178	18624	18404	0	-2	566
612	-176	18784	18740	0	-1	576
613	-174	18836	18400	0	-1	564
614	-171	18396	18832	0	-1	575
615	-169	18764	18596	0	0	564
616	-167	18528	18404	0	-2	575
617	-165	18596	18520	0	-1	563
618	-163	18488	18904	0	-1	570
619	-160	18868	18700	0	-1	572
620	-158	18836	18892	0	0	572
621	-156	18636	18716	0	0	562
622	-154	18832	18776	0	-1	573
623	-152	18848	18752	0	-2	566
624	-149	18512	18780	0	-1	567
625	-147	18684	18580	0	-1	576
626	-145	18456	18688	0	-1	567
627	-143	18604	18748	0	-2	578
628	-141	18556	18548	0	-1	577
629	-138	18516	18516	0	-1	580
630	-136	18444	18560	0	-1	578
631	-134	18348	18304	0	0	587
632	-132	18256	18488	0	-2	576
633	-130	17948	18428	0	-2	567
634	-127	18376	18520	0	-2	567
635	-125	18392	18236	0	-2	569
636	-123	18132	18220	0	-2	565
637	-121	18248	18300	0	-1	576
638	-119	18320	18144	0	-2	574
639	-116	18328	17944	0	-1	568
640	-114	18164	18036	0	-2	576
641	-112	18088	17984	0	-1	588
642	-110	18360	18404	0	-2	587
643	-108	18348	18628	0	-1	565
644	-105	18264	18312	0	-2	569
645	-103	18232	18620	0	-1	571
646	-101	18420	18764	0	-1	570
647	-99	18268	18524	0	-1	578
648	-97	17920	18180	0	-1	569
649	-94	18152	18080	0	-1	574
650	-92	17836	17784	0	-1	573
651	-90	18148	17908	0	-1	575
652	-88	17848	17612	0	-2	568
653	-86	17872	17796	0	-1	572
654	-83	18160	17936	0	-1	569
655	-81	18176	18100	0	-1	576
656	-79	18112	18368	0	-1	568
657	-77	18016	18124	0	-1	573
658	-75	18228	18424	0	-2	566
659	-72	18072	18460	0	-2	566
660	-70	18028	17896	0	-1	570
661	-68	17912	18048	0	-1	568
662	-66	18124	18016	0	-2	581
663	-64	17856	17948	0	-2	569
664	-61	17812	17720	0	-1	577
665	-59	17780	17756	0	-1	571
666	-57	17584	17272	0	-1	578
667	-55	17580	17652	0	-1	573
668	-53	17692	17716	0	-2	587
669	-50	17824	17560	0	-1	582
670	-48	18116	17980	0	-2	583
671	-46	18092	17956	0	-2	565
672	-44	17632	18100	0	-1	576
673	-42	17676	17904	0	-1	567
674	-39	17756	17924	0	-2	579
675	-37	17744	17568	0	-2	575
676	-35	17516	17628	0	-1	577
677	-33	17540	17796	0	-1	584
678	-31	17276	17440	0	-1	577
679	-28	17356	17092	0	-1	578
680	-26	17652	17600	0	-1	585
681	-24	17536	17212	0	-1	589
682	-22	17720	17652	0	-1	571
683	-20	17760	18056	0	-1	574
684	-17	17848	17704	0	-2	570
685	-15	17308	17424	0	-1	581
686	-13	17712	17552	0	-1	581
687	-11	17272	17616	0	-1	576
688	-9	17472	17516	0	-1	585
689	-6	17528	17372	0	-2	580
690	-4	17488	17340	0	-2	578
691	-2	17600	17188	0	-1	580
692	0	17664	17716	0	-1	580
693	2	17432	18072	0	-2	589
694	5	17540	17452	0	-1	587
695	7	17712	17796	0	0	583
696	9	17340	17620	0	-1	576
697	11	17292	17508	0	-2	582
698	13	17084	17452	0	-1	578
699	16	17384	17180	0	-2	574
700	18	17164	17032	0	-1	579
701	-200	18924	19344	0	-1	582
702	-198	18896	18832	0	-2	577
703	-196	19000	19128	0	-2	580
704	-193	18792	19168	0	-2	579
705	-191	19108	19228	0	-2	581
706	-189	18988	18908	0	-1	581
707	-187	18716	18816	0	-1	581
708	-185	18804	18752	0	-1	581
709	-182	19296	18684	0	-1	586
710	-180	18648	19064	0	-2	575
711	-178	18460	18328	0	-1	575
712	-176	18500	18400	0	-2	575
713	-174	18576	18600	0	-1	576
714	-171	18456	18556	0	-1	568
715	-169	18672	18732	0	-1	581
716	-167	18628	18556	0	-1	584
717	-165	18676	18556	0	-2	578
718	-163	18720	18620	0	-1	582
719	-160	18868	18372	0	-2	576
720	-158	18788	18616	0	-1	581
721	-156	18788	18516	0	-1	588
722	-154	18492	18816	0	-1	584
723	-152	18476	18632	0	-1	579
724	-149	18752	18652	0	-1	581
725	-147	18680	18692	0	-2	577
726	-145	18376	18596	0	-1	579
727	-143	18652	18496	0	-1	584
728	-141	18684	18740	0	0	586
729	-138	18456	18572	0	-1	584
730	-136	18500	18656	0	-1	578
731	-134	18592	18344	0	-1	580
732	-132	18376	18444	0	-2	577
733	-130	18412	18280	0	-1	575
734	-127	18416	18116	0	-1	586
735	-125	18188	18192	0	-1	586
736	-123	18372	18208	0	-1	583
737	-121	18544	18048	0	-1	588
738	-119	18152	18360	0	-1	577
739	-116	18384	18084	0	-1	580
740	-114	18532	18496	0	-1	583
741	-112	18380	18128	0	-1	586
742	-110	18516	18332	0	-1	586
743	-108	18448	18384	0	-1	583
744	-105	18560	18304	0	-1	583
745	-103	18312	18328	0	-2	575
746	-101	18384	18272	0	-1	588
747	-99	18300	18216	0	-2	569
748	-97	18416	18288	0	-1	585
749	-94	18244	18276	0	-1	583
750	-92	18012	18320	0	-1	574
751	-90	17936	18260	0	-1	581
752	-88	17904	17896	0	-2	580
753	-86	17976	17996	0	-2	580
754	-83	17716	17868	0	-1	579
755	-81	17920	18048	0	-2	582
756	-79	17908	17780	0	-1	586
757	-77	17724	17844	0	-1	579
758	-75	18032	18180	0	-1	581
759	-72	17992	17956	0	-1	572
760	-70	17896	17720	0	-1	585
761	-68	17496	17660	0	-1	575
762	-66	17828	17944	0	-1	580
763	-64	17936	18068	0	-1	581
764	-61	17972	17980	0	-1	587
765	-59	18304	18184	0	-2	574
766	-57	17896	17736	0	-2	583
767	-55	18160	17712	0	0	586
768	-53	18056	17988	0	-1	579
769	-50	17928	18060	0	-1	578
770	-48	17780	17912	0	-2	581
771	-46	17784	17996	0	-1	585
772	-44	17720	17704	0	-1	578
773	-42	17996	17688	0	-2	577
774	-39	17772	17620	0	-1	578
775	-37	17680	17664	0	-1	578
776	-35	17580	17660	0	0	574
777	-33	17748	17664	0	-1	574
778	-31	17596	17644	0	-1	575
779	-28	17524	17556	0	-2	587
780	-26	17780	17404	0	-2	577
781	-24	17732	17900	0	-1	589
782	-22	17612	17796	0	-1	583
783	-20	18068	17800	0	-1	584
784	-17	17736	17824	0	-2	573
785	-15	17692	17684	0	-2	585
786	-13	17688	17728	0	-1	586
787	-11	17912	17608	0	-2	583
788	-9	17572	17736	0	-2	584
789	-6	17552	17664	0	-2	579
790	-4	17608	17644	0	-2	576
791	-2	17336	17420	0	-2	576
792	0	17336	17564	0	-2	574
793	2	17240	17584	0	-1	584
794	5	17348	17496	0	-1	587
795	7	17212	17304	0	-2	576
796	9	17104	17432	0	-2	590
797	11	17272	17228	0	-1	584
798	13	17336	17192	0	-2	572
799	16	17208	17064	0	-1	589
800	18	17056	17248	0	-2	584
801	-200	19396	18848	0	-1	581
802	-198	19440	19508	0	-2	587
803	-196	19464	19204	0	-2	577
804	-193	19036	19176	0	-1	570
805	-191	19036	18872	0	-1	578
806	-189	19128	18464	0	-1	578
807	-187	18848	18920	0	-1	577
808	-185	19000	18992	0	-2	575
809	-182	18476	18668	0	-2	580
810	-180	18472	18920	0	-1	582
811	-178	18672	18628	0	-1	581
812	-176	18908	18768	0	-1	583
813	-174	18536	18900	0	-1	578
814	-171	18836	18672	0	-1	574
815	-169	18676	18708	0	-1	581
816	-167	18648	18536	0	-1	576
817	-165	18944	18632	0	-1	582
818	-163	18884	18740	0	-1	586
819	-160	18640	18644	0	-2	576
820	-158	18636	18668	0	-1	581
821	-156	18440	18572	0	-2	581
822	-154	18468	18072	0	-1	585
823	-152	18588	18560	0	-1	592
824	-149	18480	18360	0	-1	580
825	-147	18440	18616	0	-2	576
826	-145	18800	18560	0	-1	586
827	-143	18424	18648	0	-1	576
828	-141	18740	18628	0	-2	589
829	-138	18596	18228	0	-2	569
830	-136	18596	18272	0	-1	573
831	-134	18528	18000	0	-2	576
832	-132	18196	18408	0	-2	575
833	-130	18236	18252	0	-2	585
834	-127	18200	18184	0	-1	580
835	-125	18268	18532	0	-2	576
836	-123	18108	18424	0	-2	583
837	-121	18436	18280	0	-1	570
838	-119	18404	18256	0	-2	567
839	-116	18408	18272	0	0	574
840	-114	18500	18332	0	-1	576
841	-112	18328	18180	0	-2	573
842	-110	17992	18292	0	-2	569
843	-108	17924	18084	0	-1	585
844	-105	18172	18388	0	-1	578
845	-103	18020	18092	0	-1	581
846	-101	17940	17928	0	-2	577
847	-99	18284	17908	0	-1	565
848	-97	18032	18344	0	-1	571
849	-94	17972	17988	0	-1	568
850	-92	18164	17896	0	-1	565
851	-90	18140	18392	0	-2	575
852	-88	17932	17964	0	-2	567
853	-86	17928	18108	0	-1	570
854	-83	18080	18140	0	-2	567
855	-81	17996	18044	0	-2	564
856	-79	18128	17884	0	0	573
857	-77	18036	18060	0	-2	570
858	-75	18392	17836	0	-1	579
859	-72	17936	17620	0	-1	568
860	-70	17924	17632	0	-1	575
861	-68	17972	17968	0	-2	572
862	-66	18144	17980	0	-1	570
863	-64	17764	17844	0	-1	576
864	-61	17892	18000	0	-1	570
865	-59	17756	17908	0	-1	568
866	-57	17868	17876	0	-1	565
867	-55	17632	17704	0	-1	576
868	-53	17776	18044	0	-1	570
869	-50	17760	17784	0	-2	570
870	-48	17500	17784	0	-1	573
871	-46	17956	17916	0	-2	574
872	-44	18244	18068	0	-2	579
873	-42	18084	17784	0	0	566
874	-39	17860	17824	0	-2	574
875	-37	17924	17716	0	-2	573
876	-35	17848	17732	0	-2	574
877	-33	17864	17908	0	-1	571
878	-31	17680	17572	0	-1	570
879	-28	17920	17688	0	-1	568
880	-26	17680	17940	0	-2	567
881	-24	17836	17480	0	-1	565
882	-22	17512	17640	0	-1	564
883	-20	17320	17356	0	-1	559
884	-17	17692	17540	0	-1	571
885	-15	17752	17564	0	-1	567
886	-13	17424	17392	0	-1	571
887	-11	17672	17276	0	-2	574
888	-9	17464	17256	0	-1	572
889	-6	17616	17516	0	-2	574
890	-4	17552	17260	0	-1	569
891	-2	17652	17168	0	-1	567
892	0	17440	17408	0	-2	564
893	2	17440	17328	0	0	571
894	5	17596	17112	0	-1	569
895	7	17360	17080	0	-2	572
896	9	17492	17228	0	-1	573
897	11	17176	17440	0	-1	567
898	13	17060	17004	0	-1	574
899	16	17404	16956	0	-1	565
900	18	17048	17304	0	-1	569
901	-200	18908	18920	0	-1	571
902	-198	19108	19052	0	-2	582
903	-196	19176	18992	0	-1	573
904	-193	18944	18956	0	-1	570
905	-191	19008	19076	0	-1	576
906	-189	18728	18916	0	-1	568
907	-187	18848	18740	0	-1	572
908	-185	18704	18620	0	-2	576
909	-182	18504	18784	0	-1	573
910	-180	18732	18972	0	-2	575
911	-178	18916	18924	0	-1	569
912	-176	19148	19136	0	0	574
913	-174	18936	19148	0	-1	567
914	-171	19096	19128	0	-2	567
915	-169	18840	18836	0	-1	570
916	-167	18764	19132	0	-2	568
917	-165	18952	18796	0	0	574
918	-163	18884	18908	0	-2	567
919	-160	18868	19120	0	-2	572
920	-158	18984	18820	0	-2	567
921	-156	18792	18936	0	-2	570
922	-154	18888	19060	0	-1	571
923	-152	18712	19044	0	-1	567
924	-149	18600	18768	0	-1	582
925	-147	18624	18480	0	-1	567
926	-145	18748	18452	0	-1	570
927	-143	18460	18592	0	-2	560
928	-141	18644	18484	0	-2	568
929	-138	18396	18536	0	-2	573
930	-136	18276	18384	0	-1	571
931	-134	18212	18260	0	-1	572
932	-132	18296	18424	0	-1	574
933	-130	18648	18316	0	-1	570
934	-127	18608	18264	0	-2	573
935	-125	18044	18208	0	-2	574
936	-123	18252	18220	0	-1	568
937	-121	18384	17752	0	-1	571
938	-119	18308	18132	0	-2	576
939	-116	18184	18264	0	-1	564
940	-114	18036	18460	0	-1	575
941	-112	18176	18392	0	-1	575
942	-110	18236	18372	0	0	571
943	-108	18028	18228	0	-2	572
944	-105	18160	18144	0	-1	573
945	-103	18068	18040	0	-2	568
946	-101	18072	18216	0	-1	578
947	-99	18148	18140	0	-1	567
948	-97	18312	18232	0	-1	570
949	-94	17840	18088	0	-1	567
950	-92	18020	18152	0	-1	576
951	-90	17776	18164	0	0	577
952	-88	17924	18216	0	-2	568
953	-86	18116	18052	0	-1	570
954	-83	18228	17988	0	-1	579
955	-81	18136	18048	0	-1	564
956	-79	18068	17828	0	-1	581
957	-77	18188	18092	0	-1	573
958	-75	18188	18000	0	-1	573
959	-72	17868	18140	0	-1	573
960	-70	17828	17928	0	-1	578
961	-68	18076	18076	0	-1	566
962	-66	18008	18084	0	-1	568
963	-64	17696	17712	0	-1	570
964	-61	17684	18328	0	-1	566
965	-59	17836	19060	0	-1	570
966	-57	17832	18924	0	-1	575
967	-55	17844	19532	0	-2	569
968	-53	17736	19072	0	-1	576
969	-50	17640	18912	0	-1	573
970	-48	17796	18948	0	-1	560
971	-46	17432	18760	0	0	567
972	-44	17632	19040	0	-1	570
973	-42	17920	19104	0	-1	576
974	-39	17644	19128	0	-1	566
975	-37	17552	19404	0	-1	575
976	-35	17724	19280	0	-1	580
977	-33	17752	19060	0	-1	565
978	-31	17592	18852	0	-1	561
979	-28	17452	19160	0	-1	572
980	-26	17468	18760	0	-1	570
981	-24	17524	18696	0	0	569
982	-22	17396	18696	0	-1	578
983	-20	17504	18608	0	-2	572
984	-17	17576	18752	0	-1	575
985	-15	17692	18212	0	-2	572
986	-13	17624	18636	0	-2	570
987	-11	17272	18504	0	-2	572
