1	17668	17964	0	-2	572
2	17564	18760	0	-1	583
3	17408	19160	0	-1	583
4	17488	18828	0	-1	586
5	17676	18996	0	-1	571
6	17432	18892	0	0	579
7	17380	19076	0	-2	579
8	17448	18916	0	-2	574
9	17100	18968	0	-1	581
10	17480	19288	0	-2	585
11	17504	18972	0	-1	581
12	17296	18748	0	-1	581
13	17408	18860	0	-1	587
14	17436	18920	0	-2	576
15	17644	19308	0	-1	588
16	17708	17880	0	-2	578
17	17624	17672	0	-1	579
18	17788	17684	0	-1	582
19	17608	17684	0	-1	575
20	17884	17600	0	-1	579
21	17564	17756	0	-2	585
22	18032	17820	0	-1	578
23	17744	17772	0	-2	572
24	17832	17840	0	-2	577
25	17768	17732	0	-2	584
26	17516	17760	0	-2	580
27	17708	17568	0	-1	575
28	17376	17284	0	-1	581
29	17420	17416	0	0	582
30	17452	17576	0	-2	583
31	17700	17380	0	-1	578
32	17696	17524	0	-2	583
33	17356	17548	0	-1	592
34	17680	17452	0	-2	580
35	17472	17756	0	-1	577
36	17316	17568	0	-1	584
37	17388	17436	0	-2	574
38	17612	17604	0	-2	580
39	17540	17500	0	-2	580
40	17152	17516	0	-1	578
41	17540	17580	0	-2	577
42	18120	17716	0	-2	581
43	17944	17684	0	-1	575
44	17656	17972	0	-1	582
45	17800	17780	0	-2	583
46	17892	17788	0	-1	585
47	17800	17696	0	0	588
48	17768	17816	0	0	579
49	17928	17728	0	-1	576
50	17708	17772	0	-2	573
51	17660	17580	0	-2	572
52	17332	17644	0	-1	577
53	17312	17640	0	-2	585
54	17508	17556	0	-2	581
55	17412	17532	0	-1	579
56	17520	17660	0	-2	578
57	17440	17664	0	-1	583
58	17440	17448	0	-1	579
59	17524	17488	0	-1	576
60	17788	17764	0	-1	584
61	17632	17604	0	-1	587
62	17700	17532	0	-1	588
63	17748	17472	0	-1	591
64	17560	17832	0	-2	586
65	18056	17976	0	0	587
66	17932	17692	0	-1	581
67	18064	17692	0	-1	577
68	17624	17604	0	-1	578
69	17896	17904	0	-1	577
70	17540	18036	0	-1	582
71	17728	17928	0	-1	585
72	17756	17828	0	-1	581
73	17836	17880	0	-2	578
74	17584	17700	0	-2	580
75	17532	17472	0	0	575
76	17608	17856	0	-1	583
77	17480	17568	0	-2	589
78	17320	17512	0	-2	576
79	17260	17404	0	-2	583
80	17420	17716	0	-2	575
81	17552	19008	0	-2	590
82	17416	19044	0	-2	580
83	17932	18968	0	-2	579
84	17696	19216	0	-1	585
85	17776	18896	0	-1	583
86	17880	19260	0	-1	582
87	17760	19048	0	-2	578
88	17824	19204	0	-2	583
89	18036	19312	0	-1	573
90	17696	19352	0	-1	584
91	17912	19184	0	-1	578
92	17844	19188	0	-1	577
93	17756	18992	0	-1	573
94	17772	19256	0	-2	579
95	17452	19708	0	-1	580
96	17280	19228	0	-2	586
97	17648	18824	0	-1	584
98	17580	18896	0	-2	582
99	17560	18788	0	-2	585
100	17964	18900	0	-1	579
101	17812	18844	0	0	587
102	17712	19332	0	-1	575
103	17752	19800	0	-1	582
104	17784	19280	0	-1	572
105	17800	19184	0	-1	581
106	17576	19152	0	-1	582
107	17748	19000	0	-2	584
108	17552	19072	0	-2	575
109	17500	18904	0	-2	578
110	17640	19176	0	-1	576
111	17844	18964	0	-1	575
112	17796	19024	0	-1	574
113	17980	19172	0	0	584
114	17680	19620	0	-1	576
115	17668	19504	0	-2	574
116	17864	19288	0	0	580
117	17832	19196	0	-1	585
118	17884	19392	0	-1	580
119	17460	18048	0	-2	584
120	17608	17696	0	-1	581
121	17768	17508	0	-1	578
122	17508	17860	0	-1	586
123	17492	17276	0	-1	576
124	17360	17444	0	-1	585
125	17360	17648	0	-1	579
126	17320	17620	0	-1	583
127	17484	17672	0	-1	585
128	17676	17740	0	-1	586
129	17848	17660	0	0	584
130	18044	17576	0	-2	582
131	17816	17748	0	-1	576
132	17824	17880	0	-1	580
133	17888	18104	0	-1	574
134	17860	17880	0	-1	586
135	17520	17924	0	-1	584
136	17672	17816	0	-2	576
137	17804	17624	0	-1	584
138	17452	17544	0	-1	581
139	17592	17528	0	-1	572
140	17172	17384	0	-2	580
141	17412	17816	0	-1	585
142	17640	17524	0	-2	581
143	17852	17732	0	-1	585
144	17548	17756	0	-2	587
145	17572	17656	0	-2	576
146	17684	18024	0	-2	577
147	17660	17936	0	-1	575
148	17788	18004	0	-2	578
149	17864	17864	0	-2	578
150	17660	17640	0	-1	580
151	17692	17584	0	-1	581
152	17724	17620	0	-1	580
153	17428	17708	0	-1	583
154	17600	17400	0	-1	585
155	17712	17708	0	-1	579
156	17484	17444	0	-2	581
157	17436	17500	0	-2	577
158	17700	17728	0	-2	583
159	17932	17724	0	-1	577
160	17724	17664	0	-1	583
161	17744	18020	0	-1	583
162	17552	17852	0	-1	579
163	17764	17832	0	-1	583
164	17792	17916	0	-2	580
165	17652	17856	0	-1	579
166	17956	17588	0	0	579
167	17684	17588	0	-1	582
168	17360	17368	0	-1	583
169	17988	17552	0	-1	586
170	17172	17516	0	-1	585
171	17308	17392	0	-2	582
172	17692	17576	0	-1	586
173	17740	17844	0	-2	581
174	17664	17592	0	-1	579
175	17716	17568	0	-2	583
176	18004	17840	0	-2	586
177	18052	17540	0	-1	587
178	18088	17888	0	-1	578
179	17828	17836	0	-1	583
180	17844	17848	0	-2	577
181	17828	17876	0	-2	578
182	17624	17992	0	-1	582
183	17644	17512	0	-1	585
184	17624	17576	0	-1	585
185	17836	17468	0	-2	579
186	17544	17512	0	-2	580
187	17432	17488	0	-2	579
188	17704	17792	0	-1	583
189	17684	17752	0	-2	585
190	17640	17844	0	-1	591
191	17780	17628	0	-2	576
192	17828	17724	0	-1	584
193	17684	17712	0	-1	585
194	17524	17736	0	-1	579
195	17816	17728	0	-1	581
196	17308	17584	0	-1	578
197	17584	17548	0	-1	577
198	17284	17656	0	-1	582
199	17592	17608	0	-2	579
200	17448	17944	0	-1	581
201	17748	18172	0	-1	581
202	18164	17664	0	-2	585
203	17580	17988	0	-1	574
204	17600	17776	0	0	573
205	17488	17608	0	0	589
206	17372	17652	0	-2	575
207	17620	17604	0	-1	587
208	17744	17880	0	-1	576
209	17720	17944	0	-1	581
210	17880	17628	0	-1	578
211	17768	17572	0	-1	571
212	17792	17576	0	-2	574
213	17448	17464	0	-2	587
214	17360	17676	0	-1	583
215	17320	17320	0	-1	577
216	17632	17804	0	-1	582
217	17568	17644	0	-1	585
218	17784	17768	0	-1	587
219	17692	17888	0	-2	585
220	17680	17832	0	-2	572
221	17568	17388	0	-1	581
222	17372	17512	0	-1	579
223	17296	17384	0	-1	587
224	17556	17636	0	-2	582
225	17644	17704	0	-1	583
226	17832	18140	0	-1	584
227	17768	17936	0	-1	580
228	17668	17820	0	-2	580
229	17656	17592	0	-2	575
230	17752	17664	0	-1	580
231	17720	17532	0	-1	584
232	17780	17524	0	-1	579
233	17684	17724	0	-2	581
234	17776	17748	0	-2	582
235	17792	17672	0	-2	577
236	17564	17488	0	-1	577
237	17616	17784	0	-2	586
238	17476	17532	0	-1	583
239	17652	17640	0	-2	578
240	18028	17732	0	-1	582
241	17648	17684	0	-2	573
242	17824	17532	0	-2	587
243	17316	17432	0	-2	584
244	17520	17440	0	-1	573
245	17596	17488	0	-1	587
246	17700	17748	0	-1	587
247	17972	17584	0	-2	579
248	17788	17760	0	-1	585
249	17836	17648	0	-1	577
250	17720	17836	0	-2	579
251	17564	17672	0	-1	584
252	17984	17608	0	-1	576
253	17484	17780	0	-1	582
254	18064	17560	0	-2	584
255	17816	17932	0	0	586
256	17856	17612	0	-2	580
257	18224	18168	0	-2	585
258	17652	17880	0	-1	581
259	18040	17860	0	-2	577
260	17456	17920	0	-1	584
261	17244	17360	0	-1	580
262	17716	17500	0	-1	580
263	17656	17664	0	-1	586
264	17512	17760	0	-1	576
265	17992	17728	0	-1	576
266	17640	18112	0	-1	575
267	17680	17748	0	-2	580
268	18076	17800	0	-2	575
269	17552	17804	0	-1	587
270	17696	17804	0	-2	584
271	17592	17588	0	-1	578
272	17700	17604	0	-1	583
273	17752	17652	0	-1	575
274	17860	17684	0	-1	588
275	17460	17876	0	-2	584
276	17796	17968	0	-1	584
277	17952	18252	0	-1	587
278	17856	17944	0	-2	582
279	17580	17932	0	-1	580
280	17680	17672	0	0	578
281	17568	17540	0	-2	587
282	17712	17384	0	-1	574
283	17384	17284	0	-2	576
284	17560	17384	0	-2	583
285	17980	17476	0	-1	587
286	17948	17700	0	-1	582
287	17924	18132	0	-2	583
288	17752	17888	0	-1	578
289	17808	17680	0	-1	578
290	18164	17960	0	-2	580
291	18088	17804	0	-2	575
292	17800	17744	0	-1	579
293	17672	17632	0	-2	576
294	17552	17768	0	-1	589
295	17560	17720	0	-2	589
296	17604	17520	0	-1	583
297	17844	17612	0	-1	580
298	17704	17696	0	-2	576
299	17520	17840	0	-1	588
300	17984	17728	0	-1	579
301	18076	17812	0	-2	589
302	17868	17616	0	-1	584
303	17596	17736	0	-1	575
304	17832	17672	0	-1	582
305	18072	17908	0	-1	580
306	17572	17728	0	-1	580
307	17700	17780	0	-1	577
308	17432	17752	0	-2	579
309	17888	17512	0	-1	577
310	17532	17444	0	-1	576
311	17504	17496	0	-2	582
312	17544	17376	0	-2	582
313	17600	17460	0	-1	590
314	17596	17620	0	-1	580
315	18204	17508	0	-1	577
316	17844	18056	0	-1	584
317	17968	17732	0	-1	578
318	17812	17772	0	-1	583
319	17952	17664	0	-1	580
320	18208	17868	0	-1	580
321	17952	18012	0	-1	578
322	17632	17888	0	-1	590
323	17668	17520	0	-1	579
324	17040	17420	0	-1	580
325	17536	17728	0	-1	583
326	17660	17528	0	-1	577
327	17800	17852	0	-1	572
328	17644	17716	0	-2	583
329	17868	17816	0	-2	578
330	17948	18044	0	-1	579
331	17836	18024	0	-2	587
332	17924	17968	0	-2	591
333	17472	17996	0	-1	592
334	17572	17548	0	-1	581
335	17392	17664	0	-1	581
336	17524	17500	0	-2	580
337	17504	17672	0	-1	583
338	17724	17444	0	-2	576
339	17756	17764	0	-1	582
340	17772	17896	0	-1	584
341	17736	17788	0	-1	579
342	17968	18020	0	-1	575
343	17716	17828	0	-1	586
344	17828	17900	0	-2	581
345	17692	17744	0	-2	583
346	17728	17760	0	-1	575
347	17676	17624	0	-2	573
348	17648	17508	0	-2	575
349	17632	17604	0	-1	577
350	17808	17996	0	-1	584
351	17896	17920	0	-1	575
352	18004	17744	0	-2	574
353	17804	17948	0	-2	587
354	17480	17788	0	-2	577
355	17944	17772	0	-2	580
356	17928	17672	0	-1	586
357	17512	17728	0	-2	582
358	17532	17656	0	-1	574
359	17636	17644	0	-1	583
360	18008	17788	0	-1	583
361	17768	18024	0	-1	586
362	17888	17892	0	-1	579
363	17732	17796	0	-1	582
364	18168	17824	0	-1	574
365	17996	18056	0	-1	583
366	17868	17716	0	-2	583
367	17852	17444	0	-2	582
368	17600	17720	0	-1	582
369	17520	17748	0	-2	579
370	17492	17764	0	-2	586
371	17440	17736	0	-2	581
372	17688	17508	0	-2	576
373	17828	17972	0	-1	576
374	17712	17860	0	-2	581
375	18188	17700	0	-2	582
376	17764	17788	0	-1	587
377	17760	17528	0	-1	580
378	17632	17736	0	-2	576
379	17648	17792	0	0	581
380	17428	17688	0	-1	580
381	17676	17696	0	-1	578
382	17420	17252	0	-2	577
383	17736	18080	0	-2	586
384	17664	17948	0	-1	574
385	17880	18100	0	-2	577
386	17928	17984	0	-1	582
387	18020	18108	0	-1	581
388	17916	17740	0	-1	580
389	17672	17488	0	-1	574
390	17840	17608	0	-1	580
391	17448	17484	0	-1	580
392	17532	17380	0	-1	580
393	17596	17552	0	-1	576
394	17500	17652	0	-1	584
395	17424	17500	0	-1	584
396	17572	17552	0	-2	577
397	17912	17940	0	-1	575
398	17992	17740	0	-2	589
399	17704	17764	0	-2	594
400	17928	17800	0	-1	573
401	17868	17840	0	-1	583
402	17824	17724	0	-2	587
403	17676	17680	0	-2	587
404	17676	17392	0	-2	583
405	17340	17576	0	-1	580
406	17760	17508	0	-1	570
407	17620	17624	0	-1	579
408	17776	17328	0	-1	583
409	17672	17616	0	-1	577
410	17812	17860	0	-1	584
411	18048	17984	0	-2	585
412	17748	17960	0	-1	581
413	17724	17736	0	-1	588
414	17744	17964	0	-1	580
415	17344	17860	0	-1	580
416	18148	17708	0	-1	580
417	17716	17724	0	-1	581
418	17560	17748	0	-2	582
419	17676	17732	0	-2	577
420	17516	17804	0	-2	574
421	17940	18744	0	-1	583
422	17780	19724	0	-2	583
423	17868	20460	0	-1	580
424	17820	18992	0	-1	574
425	17896	17744	0	-1	583
426	18008	19036	0	-2	577
427	17744	19008	0	-1	584
428	17728	19356	0	-1	576
429	17532	19296	0	-1	575
430	17604	19248	0	0	589
431	17436	19256	0	-1	578
432	17320	17244	0	-1	584
433	17596	17200	0	-1	582
434	17536	17552	0	-2	579
435	17704	17236	0	-1	568
436	17632	17508	0	-1	577
437	17528	17652	0	-1	575
438	17688	17924	0	-1	586
439	17816	17724	0	-1	583
440	17980	17808	0	-1	585
441	18000	17788	0	-1	581
442	17644	17896	0	-2	584
443	17792	17988	0	-1	580
444	17744	17856	0	-1	579
445	17736	17728	0	-1	589
446	17588	17680	0	-2	586
447	17512	17424	0	-1	583
448	17852	17620	0	-1	584
449	17144	17396	0	-2	583
450	17544	17624	0	-1	581
451	17676	17908	0	-2	588
452	17708	17760	0	-2	571
453	18028	17784	0	-1	584
454	17756	17928	0	-1	587
455	17812	18260	0	-1	578
456	17800	19020	0	-1	576
457	17892	18104	0	0	583
458	17964	17584	0	-2	580
459	17812	17720	0	-1	576
460	17612	17568	0	-1	582
461	17736	17556	0	-1	585
462	17608	17552	0	-1	588
463	17680	17700	0	-2	585
464	17624	17640	0	0	580
465	17516	17764	0	-2	577
466	18024	17740	0	-2	577
467	17792	17672	0	-1	576
468	17824	17612	0	-2	581
469	17600	17848	0	-2	586
470	17572	17672	0	-1	582
471	17596	17600	0	-1	579
472	17792	17820	0	-1	582
473	17548	17924	0	-2	580
474	17820	17876	0	-2	591
475	18048	17872	0	-2	575
476	17800	19492	0	0	583
477	18132	19336	0	-1	574
478	17904	19144	0	-1	590
479	17984	19376	0	-2	580
480	17684	19264	0	-1	596
481	17656	19236	0	-1	596
482	17724	19188	0	-1	590
483	17736	18772	0	-2	589
484	17628	19172	0	-1	588
485	17904	19084	0	-1	596
486	17352	19000	0	0	591
487	17708	18972	0	-1	592
488	17420	18840	0	-1	588
489	17664	19088	0	-1	591
490	17396	19124	0	-1	597
491	17672	17876	0	-1	587
492	17720	17608	0	-1	598
493	17672	17560	0	-1	596
494	17772	17752	0	-2	585
495	17736	17684	0	-2	590
496	17756	17728	0	-1	586
497	17588	17644	0	-1	591
498	17532	17692	0	-1	584
499	17944	19192	0	-1	593
500	17776	19360	0	-1	594
501	17952	17816	0	-2	584
502	17904	17896	0	-1	589
503	17816	17976	0	-1	595
504	17776	17852	0	-1	592
505	17840	17900	0	-2	584
506	17888	17760	0	-1	597
507	17920	18044	0	-2	591
508	17752	17612	0	-2	588
509	17832	17684	0	-2	597
510	17684	17676	0	0	587
511	17828	17572	0	0	589
512	17644	17968	0	-1	593
513	17488	17628	0	-1	590
514	17356	17720	0	-1	597
515	17488	17316	0	-2	591
516	17688	17580	0	-2	595
517	17720	17752	0	-2	599
518	17524	17524	0	0	600
519	17612	17372	0	-1	596
520	17564	17456	0	-2	594
521	17864	17504	0	-1	591
522	17504	17344	0	-1	591
523	17644	17676	0	-2	587
524	17680	17764	0	-1	584
525	17316	17436	0	-2	594
526	17688	17924	0	-1	589
527	17460	18964	0	-2	583
528	17564	17788	0	0	592
529	17364	17732	0	0	595
530	17720	17596	0	-1	589
531	17548	17396	0	-1	594
532	17508	17648	0	-2	595
533	17256	17648	0	-2	590
534	17404	17468	0	-1	585
535	17816	17476	0	-2	588
536	17448	17616	0	-1	582
537	17556	17528	0	-1	588
538	17292	17432	0	-1	585
539	17628	17608	0	-1	586
540	17620	17688	0	-2	589
541	17360	17504	0	-1	579
542	17608	17624	0	-2	589
543	17564	17492	0	-2	595
544	17700	17732	0	-1	584
545	17664	17456	0	-2	592
546	17656	17588	0	-1	589
547	17896	17616	0	-1	595
548	17572	17664	0	-2	590
549	17644	17420	0	-1	586
550	17468	17716	0	-1	585
551	17492	17692	0	-2	592
552	17596	17852	0	-2	588
553	17608	17604	0	-1	585
554	17664	18936	0	0	591
555	17808	19196	0	-2	589
556	17892	19112	0	-1	588
557	17836	19292	0	-1	590
558	17856	19276	0	-1	586
559	17988	19244	0	-1	592
560	17788	19132	0	-2	596
561	17720	19204	0	0	587
562	17568	19136	0	-1	594
563	17724	18964	0	-1	596
564	17616	19404	0	-1	588
565	17680	19060	0	-1	587
566	17552	19224	0	-1	586
567	17416	19072	0	-2	593
568	17568	18840	0	-1	596
569	17676	18820	0	0	595
570	17484	18732	0	-2	597
571	17676	19228	0	0	588
572	17512	19080	0	-1	591
573	17824	19128	0	-1	587
574	18036	19316	0	-1	584
575	17852	19152	0	-1	590
576	17644	19316	0	-2	584
577	17456	19060	0	-2	590
578	17516	19060	0	-2	587
579	17700	19028	0	-2	591
580	17580	18852	0	-2	591
581	17372	18876	0	-1	589
582	17604	18732	0	-1	590
583	17408	18716	0	-2	586
584	17624	19112	0	-1	592
585	17544	18760	0	-1	585
586	17760	19196	0	-1	592
587	17264	19052	0	-1	594
588	17792	19068	0	-1	598
589	17644	19320	0	-1	596
590	17680	19040	0	0	586
591	17648	19004	0	-1	590
592	17792	19196	0	-2	589
593	17724	19176	0	-1	584
594	17552	19336	0	-1	589
595	17656	18928	0	-1	591
596	17496	18956	0	-2	590
597	17844	19084	0	-1	586
598	17500	18924	0	-1	588
599	17328	19024	0	-2	588
600	17576	18856	0	-1	587
601	17564	18968	0	-2	591
602	17432	19096	0	-1	588
603	17196	18696	0	-1	594
604	17316	18852	0	-1	595
605	17544	19268	0	0	590
606	17792	19196	0	-1	595
607	17516	19364	0	-1	587
608	17732	19308	0	-1	584
609	17852	18904	0	-2	592
610	17764	19232	0	-2	585
611	17924	19216	0	-1	590
612	17736	19324	0	-2	591
613	17776	19244	0	-1	598
614	17856	18992	0	-2	592
615	17684	17436	0	-3	592
616	17456	17360	0	0	584
617	17588	18736	0	-1	593
618	17464	18720	0	-1	595
619	17344	18284	0	-1	593
620	17512	17524	0	0	590
621	17652	17736	0	-1	597
622	17724	17660	0	-2	586
623	17804	17744	0	-1	586
624	17960	17784	0	-2	588
625	18048	17616	0	-1	591
626	17684	17764	0	-1	586
627	17728	17640	0	-1	588
628	17296	17828	0	-1	588
629	17568	17584	0	-1	597
630	17664	17340	0	-1	588
631	17428	17580	0	-2	586
632	17548	17424	0	-1	593
633	17504	17532	0	-1	591
634	17400	17468	0	-2	582
635	17804	17764	0	-2	584
636	17900	17888	0	-2	591
637	17988	17672	0	-1	592
638	17856	17696	0	-2	598
639	17640	17556	0	-1	589
640	17816	17724	0	-1	590
641	17628	17640	0	-1	595
642	17416	17616	0	-1	595
643	17296	17504	0	0	591
644	17600	17344	0	-1	595
645	17400	17612	0	-1	597
646	17592	17704	0	-1	582
647	17780	17800	0	-1	595
648	17768	17984	0	-1	593
649	17508	17856	0	-1	593
650	17772	17640	0	-1	585
651	18188	18064	0	-2	596
652	18020	17916	0	-2	591
653	18120	18008	0	-2	595
654	17908	17904	0	-1	586
655	18200	17880	0	-1	592
656	18256	17840	0	0	594
657	18180	18312	0	-1	582
658	18304	18184	0	-1	589
659	17480	17604	0	-1	590
660	17496	17400	0	-1	597
661	17744	17904	0	0	592
662	17816	17616	0	-2	588
663	17884	17508	0	-1	588
664	17668	17588	0	-2	587
665	18056	17628	0	-1	595
666	17520	17944	0	-2	583
667	18140	17960	0	-1	588
668	17764	18108	0	-1	590
669	18208	18160	0	-1	583
670	18104	18116	0	-2	594
671	18480	18536	0	-2	586
672	18796	18236	0	-1	593
673	18336	18472	0	-1	588
674	18268	18432	0	-1	592
675	18496	18556	0	-2	589
676	18356	18316	0	-1	589
677	17640	18152	0	-1	585
678	18032	17904	0	-2	590
679	17432	17764	0	-2	590
680	17436	17352	0	-1	597
681	17720	17448	0	-1	591
682	18064	17368	0	-1	593
683	17496	17556	0	-1	592
684	17696	17548	0	-2	601
685	17768	17508	0	-2	591
686	17684	17824	0	-2	592
687	17800	17624	0	-1	585
688	17512	17480	0	-2	588
689	17544	17456	0	-2	582
690	18192	18228	0	-2	592
691	18044	17840	0	-2	589
692	18668	18456	0	-1	589
693	18072	18392	0	0	586
694	18032	18272	0	0	594
695	18492	18488	0	-1	589
696	17884	18376	0	0	588
697	18228	18192	0	-1	591
698	18168	18044	0	-1	592
699	17980	17932	0	-2	594
700	17516	17672	0	-1	584
701	17512	17256	0	-1	585
702	17460	17420	0	-1	595
703	17576	17520	0	-1	591
704	17564	17464	0	-1	583
705	17748	17704	0	-1	585
706	17820	17808	0	-1	592
707	17820	17692	0	-2	598
708	17972	17596	0	-2	591
709	18012	17888	0	-1	589
710	17720	17652	0	-1	594
711	17676	18096	0	-1	586
712	17716	17612	0	-2	595
713	17760	17652	0	0	582
714	17808	18012	0	-1	586
715	18460	18656	0	-1	587
716	18380	18112	0	-1	586
717	18156	18504	0	-1	596
718	18400	18304	0	0	587
719	18432	18408	0	-1	591
720	18360	18624	0	-1	590
721	17940	17952	0	-1	587
722	18340	18136	0	-1	580
723	17636	17372	0	-1	591
724	17704	17748	0	-1	592
725	17900	17644	0	-1	595
726	17772	17776	0	-1	594
727	17956	17856	0	-1	595
728	17736	17960	0	-2	590
729	17568	17684	0	-1	590
730	17784	17948	0	-2	580
731	17876	17676	0	-1	582
732	17856	17920	0	-1	590
733	17996	18340	0	-1	587
734	18176	18252	0	-1	591
735	18280	18296	0	-1	587
736	18560	18464	0	-1	590
737	18744	18648	0	-2	590
738	18616	18640	0	-1	593
739	18436	18488	0	-1	591
740	18412	18544	0	-2	583
741	18948	19052	0	-1	594
742	18476	18764	0	-1	589
743	18652	18496	0	-1	592
744	18608	18488	0	-2	588
745	18628	18936	0	-1	595
746	18920	18944	0	-2	587
747	18496	18372	0	-1	592
748	18296	18080	0	-1	594
749	18276	17872	0	-1	587
750	17516	17604	0	-1	587
751	17360	17396	0	-1	596
752	17324	17400	0	-1	592
753	17380	17348	0	-2	599
754	17784	17328	0	-2	597
755	17508	17868	0	-1	589
756	18012	17740	0	0	594
757	17472	17732	0	-1	594
758	17592	17528	0	0	592
759	17508	17628	0	-2	595
760	17572	17728	0	-1	590
761	18004	18012	0	-1	590
762	17820	17788	0	-1	597
763	17652	17908	0	-1	594
764	18000	17532	0	-1	597
765	17724	18100	0	-1	585
766	17388	17880	0	-1	594
767	17820	17580	0	-2	594
768	17648	17740	0	0	580
769	17848	17672	0	-1	583
770	17772	17816	0	-1	590
771	17756	17700	0	-2	579
772	17596	17344	0	-2	579
773	17480	17356	0	-1	577
774	17468	17612	0	-2	584
775	17684	17484	0	-1	584
776	17264	17516	0	-1	591
777	17560	17700	0	-2	588
778	17532	17320	0	0	580
779	17556	17620	0	-1	584
780	17572	17592	0	0	581
781	17584	17468	0	-1	581
782	17424	17708	0	-2	584
783	17396	17352	0	-2	587
784	17724	17772	0	-1	587
785	17648	17984	0	-1	594
786	17840	18040	0	-2	594
787	17648	17784	0	-1	593
788	17912	17800	0	-3	589
789	17772	18060	0	-1	596
790	17872	17372	0	-1	587
791	17636	17768	0	-1	593
792	17472	17792	0	-1	589
793	17344	17392	0	-1	586
794	17680	17440	0	-1	590
795	17264	17640	0	-1	594
796	17792	17508	0	-2	592
797	17700	17748	0	-1	590
798	18032	17748	0	-2	594
799	17784	17720	0	-2	594
800	17768	17868	0	-1	593
801	17936	17860	0	-2	592
802	17748	19180	0	-1	587
803	17508	19108	0	-1	601
804	17672	19004	0	-1	590
805	17340	18872	0	-2	587
806	17396	18388	0	-2	592
807	17716	17516	0	-1	593
808	17492	18036	0	-1	587
809	17504	18760	0	-1	592
810	17972	19364	0	-1	585
811	17436	19056	0	-2	595
812	17700	18632	0	-2	591
813	17776	17980	0	-2	593
814	17512	17420	0	-1	586
815	17444	17512	0	-2	597
816	17372	18972	0	-1	587
817	17620	18896	0	-2	582
818	17904	18208	0	-2	591
819	17796	19160	0	-1	590
820	17620	19152	0	-2	594
821	17848	19036	0	-2	588
822	17452	19248	0	-1	585
823	17848	19124	0	-2	589
824	17644	18924	0	-1	596
825	17652	19076	0	-2	589
826	17716	19292	0	-1	593
827	17752	19172	0	-1	584
828	17920	19112	0	-2	592
829	17608	19216	0	-1	596
830	17576	18836	0	-1	584
831	17712	19104	0	-2	589
832	17476	18716	0	-2	572
833	17688	18984	0	-1	577
834	18056	19248	0	-1	593
835	17608	19232	0	0	581
836	17720	19120	0	-1	590
837	17868	19420	0	-2	585
838	17420	18992	0	-1	604
839	17576	19024	0	0	593
840	17520	19492	0	-1	594
841	17484	17504	0	-1	587
842	17400	17548	0	-1	592
843	17584	17880	0	-1	594
844	17640	17928	0	-1	595
845	17924	18132	0	-1	593
846	17828	17988	0	-1	595
847	17840	17792	0	-2	587
848	17560	17600	0	-1	584
849	17840	17548	0	-1	583
850	17052	17436	0	-1	594
851	17580	17436	0	-1	583
852	17800	17648	0	-1	583
853	17312	17644	0	0	583
854	17752	17824	0	-1	581
855	17432	17940	0	-2	582
856	18028	17960	0	-1	580
857	17780	17980	0	0	580
858	17588	17764	0	-1	587
859	17684	18024	0	-1	585
860	17676	17724	0	-1	587
861	17504	17808	0	-1	587
862	17744	17644	0	-2	578
863	17496	17404	0	0	573
864	17460	17348	0	-1	579
865	17652	17592	0	-1	576
866	17512	17512	0	-1	585
867	17712	17592	0	-1	573
868	17772	17668	0	-1	577
869	17820	17928	0	-1	586
870	17648	17880	0	-2	577
871	17864	17820	0	-2	581
872	17812	17936	0	-1	583
873	17812	17760	0	-1	578
874	17544	18008	0	-1	578
875	17864	17624	0	-1	575
876	17828	17756	0	-1	586
877	17976	18016	0	-1	579
878	17404	17508	0	-1	578
879	17560	17372	0	-1	588
880	17496	17332	0	-2	578
881	17816	17416	0	0	580
882	17484	17620	0	-1	577
883	17812	17412	0	-2	581
884	17640	17476	0	-2	577
885	17388	17468	0	-2	579
886	17808	17744	0	-2	581
887	17672	17628	0	-1	587
888	17904	17720	0	-2	570
889	17692	17896	0	-1	585
890	17820	17748	0	-2	580
891	17916	17652	0	-1	583
892	17620	17624	0	-2	581
893	17948	17896	0	-1	586
894	17744	17876	0	-2	575
895	17940	17848	0	-2	573
896	17572	17764	0	-1	579
897	18008	17892	0	-2	582
898	17696	17616	0	-2	583
899	17552	18004	0	-2	582
900	17616	17652	0	-1	573
901	17768	17656	0	-2	578
902	17700	17516	0	-2	588
903	17628	17948	0	-1	589
904	17600	17632	0	-1	591
905	17640	17772	0	-1	582
906	17896	17668	0	-1	587
907	17400	17456	0	-1	588
908	17596	17668	0	-2	578
909	17672	17452	0	-1	582
910	17692	17920	0	-1	575
911	17592	18856	0	-2	576
912	17780	19292	0	-1	581
913	17988	18504	0	-1	584
914	17792	17776	0	-1	587
915	17624	17812	0	-1	584
916	17716	17660	0	0	593
917	17880	17604	0	-1	581
918	17784	17544	0	-2	577
919	17892	17888	0	-2	579
920	17688	18072	0	-2	592
921	17888	17544	0	-1	590
922	17804	17728	0	-2	591
923	17812	18084	0	-1	589
924	17856	17668	0	-1	577
925	17500	17560	0	-1	585
926	17928	17460	0	-1	578
927	17576	17932	0	-1	590
928	17768	17764	0	-1	593
929	17676	17648	0	-2	597
930	17672	17716	0	-1	587
931	17828	17796	0	0	589
932	17508	17532	0	-1	594
933	17472	17472	0	-2	596
934	17336	17680	0	-2	588
935	17684	17948	0	-1	588
936	17456	17492	0	0	588
937	17580	17624	0	-2	585
938	17792	17620	0	-1	584
939	17976	17264	0	-1	591
940	17504	17732	0	-1	598
941	17600	17720	0	-1	591
942	17520	17512	0	-2	596
943	18008	17776	0	-1	591
944	18016	17756	0	-1	594
945	17648	17612	0	-2	588
946	18036	17940	0	-2	596
947	17876	18264	0	-1	594
948	17888	17912	0	-1	598
949	17968	18264	0	-2	587
950	17652	17808	0	-1	587
951	17812	18000	0	-1	592
952	17724	17932	0	-2	588
953	17964	17852	0	-2	589
954	17512	17820	0	-1	593
955	17588	17640	0	-1	591
956	17708	17804	0	-1	588
957	17740	17644	0	-1	589
958	17644	17704	0	-1	585
959	17436	17800	0	-1	591
960	17464	17464	0	-1	595
961	17544	17804	0	-1	593
962	17676	17716	0	-1	585
963	17336	17388	0	-1	593
964	17404	17488	0	-1	592
965	17656	17436	0	-2	589
966	17432	17268	0	-1	584
967	17740	17664	0	-2	589
968	17672	17544	0	-2	590
969	17480	17356	0	-1	595
970	17672	17336	0	-1	592
971	17464	17444	0	-1	595
972	17620	17520	0	-2	585
973	17672	17492	0	-2	585
974	17464	17724	0	-1	601
975	17688	17648	0	-1	598
976	17596	17984	0	-1	595
977	17740	17596	0	-2	595
978	17544	17708	0	-2	582
979	17608	17632	0	-1	590
980	17960	17432	0	-1	594
981	17476	17636	0	-1	590
982	17552	17528	0	-1	583
983	17704	17552	0	-1	596
984	17764	17720	0	-1	593
985	17472	17932	0	-2	584
986	17792	17496	0	-1	594
987	17868	17660	0	-2	585
988	17340	17520	0	-2	597
