1	0	17768	17848	0	-1	528
2	0	17796	17744	0	-1	549
3	0	17892	17692	0	-1	537
4	0	17532	17648	0	-1	538
5	0	17800	17652	0	-2	537
6	0	17532	17544	0	-1	530
7	0	17408	17524	0	-1	538
8	0	17672	17548	0	-2	530
9	0	17368	17512	0	-1	548
10	0	17260	17604	0	-2	535
11	0	17564	17604	0	0	541
12	0	17504	17568	0	-2	542
13	0	17676	17536	0	0	553
14	0	17748	17600	0	-1	538
15	0	17608	17724	0	-2	533
16	0	17740	17804	0	-1	540
17	0	17908	17724	0	-1	542
18	0	17356	17904	0	-1	541
19	0	17744	17756	0	-1	543
20	0	17468	17600	0	-2	533
21	0	17552	17468	0	-2	531
22	0	17516	17552	0	-2	530
23	0	17264	17420	0	-1	533
24	0	17624	17552	0	-2	534
25	0	17476	17392	0	-1	549
26	0	17488	17144	0	-1	534
27	0	17596	17628	0	-1	541
28	0	17816	17600	0	-1	539
29	0	17676	17600	0	-2	546
30	0	17752	17472	0	-1	534
31	0	17700	17800	0	-1	546
32	0	17572	17396	0	0	529
33	0	17600	17508	0	-2	543
34	0	17320	17484	0	-1	543
35	0	17208	17348	0	-2	529
36	0	17840	17420	0	-2	536
37	0	17696	17544	0	-2	548
38	0	17392	17524	0	-1	548
39	0	17688	17656	0	-1	530
40	0	17616	17400	0	-2	535
41	0	17604	17624	0	-2	545
42	0	17900	17892	0	-1	528
43	0	17404	17776	0	-1	543
44	0	17748	17580	0	-2	529
45	0	17700	17640	0	-2	542
46	0	17672	17520	0	-2	544
47	0	17536	17480	0	-2	537
48	0	17508	17540	0	-1	549
49	0	17568	17800	0	-1	532
50	0	17388	17456	0	-2	530
51	0	17444	18028	0	-2	530
52	0	17736	17324	0	-1	539
53	0	17840	17504	0	-3	535
54	0	17716	17484	0	-1	532
55	0	17788	17632	0	-1	540
56	0	17720	17676	0	-1	546
57	0	17600	17744	0	-2	534
58	0	17608	18476	0	-2	539
59	0	17584	17764	0	-2	546
60	0	17288	17412	0	-1	545
61	0	17300	17528	0	-1	550
62	0	17280	17524	0	-1	543
63	0	17540	17584	0	-2	531
64	0	17532	17424	0	-1	538
65	0	17956	17628	0	0	548
66	0	17796	17868	0	-2	536
67	0	18004	17576	0	0	542
68	0	17708	17600	0	-2	542
69	0	17668	17712	0	-3	550
70	0	17980	17596	0	-2	545
71	0	17676	17516	0	-1	549
72	0	17640	17340	0	-2	534
73	0	17680	17480	0	-1	539
74	0	17204	17464	0	-1	531
75	0	17432	17264	0	-2	549
76	0	17480	17296	0	-1	533
77	0	17424	17420	0	-2	544
78	0	17488	17480	0	-2	538
79	0	17828	17340	0	-1	533
80	0	17748	17480	0	-1	544
81	0	17468	17620	0	-1	546
82	0	17964	17472	0	-1	551
83	0	17756	18096	0	-2	531
84	0	17340	17764	0	-1	545
85	0	17772	17784	0	-1	540
86	0	17508	17456	0	-2	533
87	0	17464	17696	0	-1	548
88	0	17544	17740	0	-2	551
89	0	17272	17340	0	-1	539
90	0	17436	17060	0	-2	540
91	0	17464	17468	0	-1	552
92	0	17568	17396	0	-1	545
93	0	17548	17512	0	-2	536
94	0	17892	17560	0	-2	542
95	0	17700	17440	0	-2	540
96	0	17636	17692	0	-2	534
97	0	17808	17772	0	-2	533
98	0	17628	17648	0	-1	531
99	0	17684	17504	0	-1	542
100	0	17564	17568	0	-2	543
101	0	17564	17456	0	-2	533
102	0	17608	17752	0	-1	542
103	0	17688	17568	0	-1	540
104	0	17628	17944	0	0	546
105	0	17648	17280	0	-2	542
106	0	17672	17268	0	-2	544
107	0	17400	17412	0	-2	534
108	0	17356	17492	0	-1	539
109	0	17324	17560	0	-2	537
110	0	17804	17100	0	-1	535
111	0	17272	17500	0	-1	543
112	0	17604	17644	0	-1	530
113	0	17796	17796	0	-2	531
114	0	17876	17716	0	-1	535
115	0	17680	17644	0	-2	538
116	0	17788	17760	0	-2	543
117	0	17604	17508	0	-2	541
118	0	17256	17708	0	-2	542
119	0	17204	17736	0	-2	537
120	0	17396	17380	0	-1	539
121	0	17448	17340	0	-1	542
122	0	17312	17600	0	-1	535
123	0	17312	17208	0	-2	543
124	0	17204	17240	0	-2	539
125	0	17488	17320	0	-2	552
126	0	17520	17456	0	-1	546
127	0	17896	17564	0	-1	540
128	0	17560	17684	0	-1	537
129	0	17628	17472	0	-1	528
130	0	17660	17480	0	-2	551
131	0	17508	17784	0	-1	542
132	0	17272	17532	0	-2	542
133	0	17680	17500	0	0	533
134	0	17276	17480	0	-1	533
135	0	17628	17544	0	-2	549
136	0	17380	17404	0	-1	540
137	0	17440	17476	0	-2	542
138	0	17396	17436	0	-1	543
139	0	17908	17428	0	-1	547
140	0	17692	17720	0	-2	532
141	0	17440	17716	0	-1	532
142	0	17272	17480	0	-1	544
143	0	17796	17696	0	-1	538
144	0	17480	17584	0	-2	531
145	0	17148	17620	0	-1	532
146	0	17188	17292	0	-1	547
147	0	17504	17576	0	-1	540
148	0	17236	17192	0	-2	535
149	0	17640	17624	0	-2	536
150	0	17432	17652	0	-1	542
151	0	17724	17728	0	-1	543
152	0	17340	17340	0	-2	538
153	0	17260	17512	0	-1	531
154	0	17488	17436	0	-2	534
155	0	17864	17316	0	-2	545
156	0	17224	17444	0	-2	542
157	0	17208	17032	0	-2	541
158	0	17588	17576	0	-2	544
159	0	17368	17396	0	-1	543
160	0	17996	17664	0	-2	533
161	0	17760	17480	0	-2	531
162	0	17656	17588	0	-2	534
163	0	17308	17724	0	-1	536
164	0	17344	17556	0	-2	535
165	0	17132	17024	0	-2	532
166	0	17116	17356	0	-2	539
167	0	17108	17400	0	-2	537
168	0	17492	17332	0	-2	535
169	0	17644	17288	0	-1	538
170	0	17500	17460	0	-2	541
171	0	17696	17632	0	-2	531
172	0	17504	17532	0	-1	544
173	0	17624	17712	0	-1	535
174	0	17592	17352	0	-2	531
175	0	17308	17720	0	-1	530
176	0	17592	17348	0	-2	546
177	0	17436	17328	0	-2	529
178	0	17428	17360	0	-2	548
179	0	17648	17212	0	-2	532
180	0	17636	17608	0	-2	544
181	0	17616	17776	0	-1	535
182	0	17696	17348	0	-1	543
183	0	17584	17380	0	-1	545
184	0	17296	17508	0	-1	545
185	0	17616	17504	0	-1	531
186	0	17284	17480	0	-2	541
187	0	17152	17220	0	-3	542
188	0	17500	17548	0	-1	536
189	0	17828	17420	0	-2	547
190	0	17336	17528	0	0	537
191	0	17464	17836	0	-2	535
192	0	17748	17656	0	-1	534
193	0	17832	17484	0	-1	537
194	0	17100	17332	0	-2	542
195	0	17212	17580	0	-1	539
196	0	17416	17392	0	-1	536
197	0	17212	17416	0	-2	538
198	0	17224	17440	0	-2	529
199	0	17688	17568	0	-2	543
200	0	17608	17580	0	-1	536
201	0	17332	17664	0	-1	531
202	0	17676	17676	0	-2	548
203	0	17632	17548	0	-2	544
204	0	17464	17472	0	-1	552
205	0	17344	17488	0	-1	546
206	0	17256	17692	0	0	538
207	0	17264	17196	0	-2	533
208	0	17456	17736	0	-2	529
209	0	17612	17632	0	-1	542
210	0	17508	17584	0	-2	528
211	0	17660	17548	0	0	539
212	0	17772	17808	0	-1	541
213	0	17392	17604	0	-2	535
214	0	17364	17528	0	-1	540
215	0	17164	17468	0	-1	533
216	0	17420	17204	0	-2	548
217	0	17084	17436	0	-2	533
218	0	17060	17256	0	-1	540
219	0	17448	17380	0	-2	551
220	0	17408	17408	0	-2	547
221	0	17812	17324	0	-2	539
222	0	17628	17492	0	-1	544
223	0	17540	17688	0	-2	546
224	0	17860	17452	0	-1	536
225	0	17556	17428	0	-2	540
226	0	17884	17660	0	-2	538
227	0	17732	17536	0	-1	533
228	0	17420	17676	0	-1	537
229	0	17188	17408	0	-1	536
230	0	17408	17376	0	-2	532
231	0	17440	17360	0	-3	545
232	0	17700	17276	0	-1	540
233	0	17580	17656	0	-2	530
234	0	17480	17484	0	-1	534
235	0	17508	17620	0	-2	530
236	0	17984	17608	0	-1	534
237	0	17564	17912	0	-1	541
238	0	17508	17460	0	-2	537
239	0	17588	17520	0	-1	547
240	0	17480	17380	0	-1	543
241	0	17352	17164	0	-1	546
242	0	17520	17104	0	-2	548
243	0	17276	17236	0	-2	536
244	0	17284	17184	0	-1	534
245	0	17316	17024	0	-2	533
246	0	17512	17164	0	-2	541
247	0	17064	17244	0	-1	534
248	0	17480	17344	0	-2	529
249	0	17316	17244	0	-1	534
250	0	17816	17452	0	-1	534
251	0	17688	17288	0	0	548
252	0	17608	17584	0	-1	544
253	0	17420	17708	0	-1	538
254	0	17384	17684	0	-2	548
255	0	17324	17448	0	-1	530
256	0	17388	17228	0	-1	537
257	0	17280	17276	0	-2	528
258	0	17412	17632	0	-1	548
259	0	17308	17424	0	-1	546
260	0	17388	17376	0	-1	541
261	0	17436	17556	0	-2	545
262	0	17232	17484	0	-1	536
263	0	17356	17308	0	-1	537
264	0	17272	17424	0	-2	538
265	0	17424	17496	0	-1	540
266	0	17448	17572	0	-2	537
267	0	17404	17736	0	-2	541
268	0	17656	17608	0	-1	540
269	0	17624	17624	0	-1	539
270	0	17532	17924	0	-2	535
271	0	17676	17244	0	-1	544
272	0	17536	17692	0	-1	542
273	0	17532	17488	0	-2	536
274	0	17652	17640	0	-2	542
275	0	17568	17460	0	-1	533
276	0	17280	17448	0	-1	544
277	0	17416	17236	0	-2	542
278	0	17408	17304	0	-1	539
279	0	17408	17544	0	-1	534
280	0	17772	17312	0	-2	533
281	0	17592	17388	0	-1	532
282	0	17528	17436	0	-2	540
283	0	17416	17616	0	-1	547
284	0	17956	17616	0	-2	552
285	0	17680	17912	0	-1	538
286	0	17764	17472	0	-1	534
287	0	17708	17672	0	-2	533
288	0	17700	17592	0	-1	530
289	0	17784	17780	0	-2	537
290	0	17388	18024	0	-1	545
291	0	17508	17288	0	0	544
292	0	17136	17836	0	-1	540
293	0	17460	17304	0	-2	533
294	0	17476	17220	0	-2	543
295	0	17196	17376	0	-1	534
296	0	17132	17376	0	-3	532
297	0	17556	17632	0	-1	537
298	0	17388	17540	0	-1	543
299	0	17448	17780	0	-1	529
300	0	17720	17672	0	-1	534
301	0	17720	17780	0	-2	540
302	0	17504	17524	0	-2	535
303	0	17420	18240	0	-1	530
304	0	17796	17556	0	-1	533
305	0	17724	17540	0	-3	535
306	0	17408	17436	0	-2	533
307	0	17640	17568	0	-2	533
308	0	17624	17380	0	-2	544
309	0	17392	16928	0	-1	537
310	0	17408	17152	0	-2	542
311	0	17700	17252	0	-1	541
312	0	17636	17524	0	-2	546
313	0	17644	17704	0	-1	547
314	0	17744	17704	0	-1	532
315	0	18028	18108	0	0	528
316	0	17768	17712	0	-2	544
317	0	17548	17560	0	-3	534
318	0	17864	17712	0	-1	541
319	0	17596	17652	0	-1	535
320	0	17528	17752	0	-2	536
321	0	17492	17688	0	-1	532
322	0	17316	17648	0	-2	535
323	0	17208	17292	0	-2	546
324	0	17244	17344	0	-2	533
325	0	17672	17472	0	-2	532
326	0	17584	17152	0	-1	543
327	0	17492	17272	0	-2	547
328	0	17300	17492	0	-2	539
329	0	17384	16944	0	0	545
330	0	17432	17664	0	-2	539
331	0	17588	17464	0	-1	536
332	0	17532	17696	0	0	533
333	0	17740	17320	0	0	529
334	0	17420	17476	0	-1	541
335	0	17804	17800	0	-1	540
336	0	17772	17864	0	-2	546
337	0	17660	17668	0	-1	542
338	0	18004	17768	0	-2	536
339	0	17820	17748	0	-1	534
340	0	17592	18028	0	-1	537
341	0	17508	17704	0	-2	544
342	0	17704	17436	0	-2	531
343	0	17704	17512	0	0	546
344	0	17508	17656	0	-2	533
345	0	17324	17456	0	-1	546
346	0	17352	17460	0	-2	550
347	0	17488	16992	0	-1	536
348	0	17476	17540	0	-2	538
349	0	17580	17664	0	-2	546
350	0	17532	17408	0	-1	532
351	0	17472	17180	0	-1	541
352	0	17336	17156	0	-2	537
353	0	17524	17524	0	-1	544
354	0	17784	17396	0	-2	542
355	0	17652	17544	0	-1	531
356	0	17636	17336	0	-1	540
357	0	17852	17564	0	-1	543
358	0	17856	17656	0	-1	549
359	0	17804	17488	0	-2	536
360	0	17532	17956	0	-2	549
361	0	17820	17552	0	-2	529
362	0	17648	17520	0	-1	550
363	0	17824	17600	0	-2	538
364	0	17748	17660	0	-1	546
365	0	17536	17704	0	-1	538
366	0	17628	17836	0	-1	536
367	0	17680	17896	0	-1	532
368	0	17284	17392	0	-1	546
369	0	17460	17616	0	-1	535
370	0	17244	17336	0	0	537
371	0	17644	17644	0	-1	540
372	0	17456	17660	0	-1	536
373	0	17248	17320	0	-2	530
374	0	17092	17356	0	-1	541
375	0	17504	17748	0	-2	532
376	0	17600	17592	0	-1	538
377	0	17464	17232	0	-1	533
378	0	17640	17544	0	-1	549
379	0	17588	17348	0	-1	534
380	0	17540	17812	0	-1	536
381	0	17932	17868	0	-1	544
382	0	17796	17392	0	-1	545
383	0	17668	17340	0	-2	544
384	0	17664	17488	0	-2	534
385	0	17920	17864	0	-2	528
386	0	17556	17692	0	-1	542
387	0	17820	17892	0	-2	532
388	0	17848	17804	0	-1	538
389	0	17848	17748	0	-1	538
390	0	17652	17768	0	-1	543
391	0	17672	17512	0	-2	550
392	0	17656	17616	0	-2	543
393	0	17412	17608	0	-2	542
394	0	17252	17352	0	-1	553
395	0	17296	17280	0	-1	531
396	0	17612	17364	0	-1	529
397	0	17180	17296	0	-2	547
398	0	17392	17276	0	-1	544
399	0	17184	17612	0	-1	541
400	0	17512	17180	0	-1	527
401	0	17660	17644	0	-2	532
402	0	17580	17996	0	-2	530
403	0	17768	17552	0	-2	533
404	0	17300	17692	0	-2	552
405	0	17444	17692	0	-1	531
406	0	17316	17512	0	-1	529
407	0	17460	17580	0	-2	534
408	0	17268	17480	0	-2	547
409	0	17124	17052	0	-1	530
410	0	17008	17124	0	-1	539
411	0	17308	17492	0	-2	532
412	0	17876	17372	0	-1	545
413	0	17336	17596	0	-2	541
414	0	17820	17536	0	-1	542
415	0	17512	17376	0	-2	547
416	0	17508	17496	0	-2	546
417	0	17484	17472	0	-2	533
418	0	17968	17188	0	-2	547
419	0	17236	17672	0	-1	539
420	0	17372	17056	0	-2	532
421	0	17064	17264	0	-2	544
422	0	17208	17236	0	-2	531
423	0	17252	17484	0	-1	538
424	0	17320	17412	0	-1	548
425	0	17280	17348	0	-1	541
426	0	17300	17292	0	-2	546
427	0	17672	17452	0	-2	544
428	0	17476	17580	0	-1	535
429	0	17676	17440	0	0	540
430	0	17428	17732	0	-1	531
431	0	17384	17200	0	-2	541
432	0	17324	17408	0	-2	539
433	0	17080	17188	0	-2	540
434	0	17292	17476	0	-2	535
435	0	17284	17392	0	-2	549
436	0	17524	17264	0	-1	546
437	0	17360	17540	0	-2	548
438	0	17416	17680	0	-2	535
439	0	17692	17700	0	-1	543
440	0	17560	17452	0	-1	531
441	0	17512	17260	0	-1	539
442	0	17768	17400	0	-2	541
443	0	17100	17148	0	-2	540
444	0	17296	17324	0	-2	541
445	0	17384	17260	0	-1	530
446	0	17484	17476	0	-1	532
447	0	17448	17496	0	-1	531
448	0	17656	17528	0	-2	546
449	0	17696	17948	0	-1	537
450	0	17560	17608	0	-1	543
451	0	17392	17448	0	-2	544
452	0	17420	17340	0	-2	538
453	0	17256	17188	0	-1	551
454	0	17616	17456	0	-1	536
455	0	17180	17412	0	-1	544
456	0	17492	17276	0	-2	548
457	0	17512	17468	0	-2	542
458	0	17684	17652	0	-2	538
459	0	17788	17548	0	-1	543
460	0	17408	17572	0	-2	532
461	0	17656	17500	0	0	534
462	0	17376	17588	0	-2	537
463	0	17360	17472	0	-1	541
464	0	17460	17304	0	-1	538
465	0	17676	17368	0	0	534
466	0	17384	17288	0	-1	542
467	0	17512	17492	0	-2	539
468	0	17804	17452	0	-1	541
469	0	17436	17800	0	-1	549
470	0	17428	17632	0	-1	549
471	0	17268	17268	0	0	546
472	0	17052	17204	0	-2	546
473	0	17272	17308	0	-1	542
474	0	17612	17048	0	-2	532
475	0	17596	17364	0	-1	544
476	0	17544	17468	0	-2	544
477	0	17772	17588	0	-2	563
478	0	17424	17528	0	0	552
479	0	17500	17636	0	-1	560
480	0	17448	17712	0	-1	539
481	0	17220	17140	0	-2	541
482	0	17388	17640	0	-1	546
483	0	17088	17356	0	0	546
484	0	17612	17248	0	-1	557
485	0	17544	17672	0	-1	558
486	0	17452	17708	0	-1	558
487	0	17216	18236	0	-1	567
488	0	17524	17532	0	-1	558
489	0	17176	17128	0	-2	559
490	0	17464	17328	0	-2	567
491	0	17704	17540	0	-2	566
492	0	17580	17636	0	-1	574
493	0	17672	17496	0	-1	566
494	0	17720	17644	0	-2	557
495	0	17416	17404	0	-1	552
496	0	17292	17676	0	-2	556
497	0	17392	17456	0	-1	561
498	0	17220	17236	0	-1	562
499	0	17588	17340	0	-2	551
500	0	17756	17436	0	-1	569
501	0	17340	17672	0	-1	571
502	0	17636	17332	0	-1	562
503	0	17408	17604	0	-1	556
504	0	17616	17672	0	-1	554
505	0	17072	17544	0	-2	559
506	0	17244	17368	0	-1	558
507	0	17160	17344	0	-2	565
508	0	17432	17184	0	-1	561
509	0	17400	17468	0	-1	564
510	0	17464	17276	0	-3	558
511	0	17716	17620	0	0	561
512	0	17352	17744	0	-1	559
513	0	17556	17900	0	-2	558
514	0	17748	17508	0	-1	558
515	0	17488	17360	0	-2	567
516	0	17428	17652	0	0	550
517	0	17368	17548	0	-2	571
518	0	17384	17116	0	-1	556
519	0	17400	17312	0	-1	561
520	0	17376	17088	0	-1	557
521	0	17240	17124	0	-2	565
522	0	17704	17624	0	-2	558
523	0	17672	17328	0	-1	554
524	0	17400	17612	0	-1	556
525	0	17504	17360	0	-2	572
526	0	17352	17640	0	-1	560
527	0	17420	17368	0	-1	565
528	0	17528	17420	0	-2	569
529	0	17216	17252	0	-1	556
530	0	17148	16976	0	-1	561
531	0	17232	17228	0	0	553
532	0	17296	17524	0	-1	567
533	0	17532	17336	0	-2	559
534	0	17432	17636	0	-1	560
535	0	17724	17652	0	-1	550
536	0	17720	17680	0	-2	567
537	0	17904	17576	0	0	552
538	0	17752	17756	0	-1	561
539	0	17456	17608	0	-2	568
540	0	17348	17624	0	-1	551
541	0	17276	17348	0	-1	569
542	0	17424	17460	0	-2	564
543	0	17184	17216	0	-2	565
544	0	17200	17236	0	-1	572
545	0	17304	17316	0	-2	559
546	0	17352	17560	0	-2	563
547	0	17160	17424	0	-2	563
548	0	17504	17324	0	-1	566
549	0	17508	17620	0	-1	572
550	0	17856	17832	0	-1	568
551	0	17932	17852	0	-2	556
552	0	17596	17748	0	-1	556
553	0	17624	17524	0	-1	556
554	0	17364	17524	0	-1	553
555	0	17480	17596	0	-3	554
556	0	17236	17500	0	-1	567
557	0	17016	17452	0	-3	562
558	0	17556	17428	0	-1	564
559	0	17532	17312	0	-2	572
560	0	17244	17376	0	-2	568
561	0	17668	17628	0	-1	562
562	0	17692	17780	0	-1	550
563	0	17632	17560	0	-1	566
564	0	17436	17396	0	-1	561
565	0	17680	17844	0	-2	561
566	0	17672	17512	0	-1	558
567	0	17348	17588	0	-2	566
568	0	17588	17376	0	-2	558
569	0	17408	17124	0	-1	560
570	0	17436	17408	0	-2	549
571	0	17344	17276	0	-1	538
572	0	17484	17316	0	-1	534
573	0	17560	17536	0	-1	540
574	0	17572	17692	0	-2	539
575	0	17544	17832	0	-1	533
576	0	17552	17436	0	-1	542
577	0	17408	17844	0	-2	535
578	0	17552	17228	0	-1	539
579	0	17440	17672	0	-1	531
580	0	17488	17324	0	-2	544
581	0	17260	17504	0	-1	539
582	0	17368	17432	0	-2	543
583	0	17556	17344	0	-1	533
584	0	17652	17856	0	-1	532
585	0	17812	17500	0	-2	526
586	0	17608	17688	0	-2	530
587	0	17768	17660	0	-2	544
588	0	17592	17888	0	-1	539
589	0	17492	17588	0	-1	543
590	0	17456	17600	0	-1	529
591	0	17316	17508	0	-1	543
592	0	17308	17412	0	-1	535
593	0	17628	17692	0	-1	537
594	0	17724	17720	0	-2	544
595	0	17592	17580	0	-2	551
596	0	17784	17596	0	-1	539
597	0	17668	17916	0	-1	542
598	0	17344	17720	0	-1	539
599	0	17424	17208	0	-1	550
600	0	17184	17384	0	-1	544
601	0	17260	17480	0	-2	542
602	0	17716	17644	0	-1	542
603	0	17636	17640	0	-2	530
604	0	17840	17644	0	-2	536
605	0	17432	17792	0	-1	547
606	0	17664	17552	0	0	536
607	0	17196	17576	0	-2	540
608	0	17168	17656	0	-2	548
609	0	17420	17588	0	-1	548
610	0	17620	17160	0	-1	544
611	0	17352	17516	0	-1	547
612	0	17668	17856	0	-2	547
613	0	17608	17792	0	-2	548
614	0	17288	17444	0	-2	544
615	0	17628	17448	0	-1	534
616	0	17752	17428	0	-2	543
617	0	17432	17640	0	-1	543
618	0	17648	17516	0	-1	542
619	0	17796	17804	0	-1	542
620	0	17968	17628	0	-1	543
621	0	17568	17804	0	-1	527
622	0	17380	17536	0	-1	534
623	0	17296	17680	0	-3	544
624	0	17560	17292	0	-2	536
625	0	17492	17500	0	-2	543
626	0	17320	17752	0	-1	538
627	0	17928	17772	0	-1	531
628	0	17684	17760	0	-2	536
629	0	17816	17708	0	-2	535
630	0	17520	17616	0	-2	533
631	0	17220	17400	0	-1	545
632	0	17524	17624	0	-2	539
633	0	17596	17688	0	-2	550
634	0	17712	17880	0	-2	546
635	0	17652	18004	0	-1	529
636	0	17984	18080	0	-2	547
637	0	17684	17740	0	-2	536
638	0	17612	17480	0	-1	538
639	0	17436	17340	0	-2	535
640	0	17424	17336	0	-1	537
641	0	17700	17492	0	-2	547
642	0	17632	17544	0	-2	534
643	0	17796	17788	0	-1	544
644	0	17912	17924	0	-3	545
645	0	17568	17696	0	-2	545
646	0	17612	17616	0	-1	550
647	0	17776	17488	0	-1	542
648	0	17576	17496	0	-2	541
649	0	17824	17516	0	-1	545
650	0	17708	17624	0	-1	551
651	0	17936	17744	0	-1	568
652	0	17824	17896	0	-1	569
653	0	17656	17636	0	-1	564
654	0	17464	17572	0	-1	543
655	0	17096	17296	0	-2	543
656	0	17540	17504	0	-1	533
657	0	17320	17280	0	-2	544
658	0	17704	17532	0	-1	552
659	0	17764	17880	0	-2	559
660	0	17604	17540	0	-1	563
661	0	17684	17728	0	-1	554
662	0	17576	17704	0	-1	561
663	0	17740	17620	0	-2	564
664	0	17708	17440	0	-1	570
665	0	17320	17724	0	-1	561
666	0	17604	17336	0	-1	570
667	0	17536	17408	0	-1	550
668	0	17512	17460	0	-2	566
669	0	17736	17652	0	-1	567
670	0	17516	17536	0	0	562
671	0	17596	17644	0	-1	554
672	0	17508	17568	0	-2	562
673	0	17432	17428	0	-1	561
674	0	17448	17480	0	-1	558
675	0	17512	17448	0	-1	566
676	0	17236	17280	0	-1	559
677	0	17180	17016	0	-2	559
678	0	17280	17484	0	-2	558
679	0	17476	17492	0	-2	561
680	0	17744	17420	0	-2	556
681	0	17604	17748	0	-2	565
682	0	17532	17600	0	-1	562
683	0	17504	17656	0	-1	553
684	0	17616	17540	0	-2	551
685	0	17484	17864	0	0	561
686	0	17476	17708	0	-1	564
687	0	17352	17512	0	-1	564
688	0	17296	17496	0	-2	560
689	0	17316	17160	0	-1	551
690	0	17464	17308	0	-1	559
691	0	17308	17564	0	-2	571
692	0	17460	17588	0	0	567
693	0	17524	17788	0	-1	571
694	0	17684	17456	0	-2	564
695	0	17664	17704	0	-1	554
696	0	17584	17336	0	-2	566
697	0	17716	17560	0	-1	573
698	0	17484	17500	0	-1	550
699	0	17456	17328	0	-2	556
700	0	17212	17332	0	-1	560
701	0	17448	17156	0	-2	568
702	0	17252	17264	0	-1	556
703	0	17268	17176	0	-1	566
704	0	17592	17396	0	-2	570
705	0	17752	17444	0	-1	561
706	0	17996	17332	0	-1	566
707	0	17716	17608	0	-1	555
708	0	17408	17556	0	-1	551
709	0	17548	17688	0	-2	554
710	0	17536	17388	0	-2	562
711	0	17708	17336	0	-1	562
712	0	17340	17412	0	-1	558
713	0	17304	17264	0	-2	554
714	0	17328	17376	0	-2	563
715	0	17368	17316	0	-1	565
716	0	17460	17812	0	-1	563
717	0	17604	17516	0	-1	562
718	0	17760	17644	0	0	561
719	0	17644	17764	0	-2	558
720	0	17608	17672	0	-1	559
721	0	17512	17272	0	-2	568
722	0	17472	17528	0	-1	566
723	0	17348	17460	0	0	567
724	0	17260	17012	0	-1	559
725	0	17460	17092	0	-1	564
726	0	17224	17364	0	-1	553
727	0	17548	17448	0	-2	570
728	0	17596	17472	0	-2	569
729	0	17612	17560	0	-1	553
730	0	17348	17812	0	-2	559
731	0	17348	17516	0	-1	564
732	0	17356	17308	0	-3	569
733	0	17264	17504	0	-2	564
734	0	17540	17172	0	-2	559
735	0	17192	17148	0	-1	555
736	0	17340	17372	0	-2	552
737	0	17632	17500	0	0	566
738	0	17680	17368	0	-1	555
739	0	17612	17576	0	-2	560
740	0	17696	17484	0	-2	563
741	0	17512	17384	0	-1	556
742	0	17288	17488	0	-1	568
743	0	17328	17504	0	-1	564
744	0	17280	17340	0	-1	563
745	0	17468	17264	0	-3	558
746	0	17444	17536	0	-2	565
747	0	17480	17520	0	-1	564
748	0	17700	17524	0	-2	556
749	0	17524	17548	0	-2	566
750	0	17512	17640	0	-1	555
751	0	17280	17544	0	-1	567
752	0	17264	17632	0	-1	572
753	0	17336	16888	0	-2	569
754	0	17392	17308	0	-1	559
755	0	17268	17132	0	-1	557
756	0	17192	17148	0	-1	549
757	0	17524	17304	0	-2	566
758	0	17812	17444	0	-2	565
759	0	17540	17432	0	-1	555
760	0	17372	17148	0	0	560
761	0	17296	17436	0	-2	569
762	0	17256	17328	0	-1	548
763	0	17116	17148	0	-2	556
764	0	17340	17144	0	-1	561
765	0	17308	17464	0	-1	554
766	0	17332	17184	0	-2	571
767	0	17324	17388	0	-1	566
768	0	17356	17360	0	-2	568
769	0	17556	17232	0	-1	560
770	0	17448	17612	0	-1	562
771	0	17424	17368	0	-1	559
772	0	17392	17000	0	-2	557
773	0	17124	17420	0	-1	553
774	0	17244	17096	0	-1	568
775	0	17224	17456	0	-1	555
776	0	17700	17576	0	-1	558
777	0	17272	17312	0	-2	558
778	0	17444	17436	0	-2	554
779	0	17456	17428	0	-1	558
780	0	17432	17400	0	-1	562
781	0	17584	17644	0	-1	562
782	0	17224	17624	0	-1	560
783	0	17488	18000	0	-1	554
784	0	17448	17452	0	0	562
785	0	17716	17404	0	-1	567
786	0	17616	17912	0	-1	560
787	0	17468	17532	0	-2	568
788	0	17652	17268	0	-2	574
789	0	17696	17412	0	-1	573
790	0	17412	17300	0	-1	564
791	0	17092	17384	0	-2	565
792	0	17568	17580	0	0	558
793	0	17356	17408	0	-2	566
794	0	17432	17456	0	-1	560
795	0	17528	17556	0	-1	560
796	0	17612	17764	0	-1	558
797	0	17536	17544	0	-1	556
798	0	17412	17412	0	-1	567
799	0	17320	17320	0	-2	550
800	0	17500	17168	0	-1	565
801	0	17140	17344	0	-1	560
802	0	17368	17312	0	-2	560
803	0	17456	17220	0	-2	558
804	0	17320	17536	0	-1	561
805	0	17460	17280	0	-2	563
806	0	17216	17736	0	-2	556
807	0	17416	17504	0	-1	553
808	0	17436	17384	0	-1	555
809	0	17684	17428	0	-1	556
810	0	17528	17336	0	-1	556
811	0	17232	17492	0	-2	569
812	0	17136	17316	0	-1	554
813	0	17308	17096	0	-1	551
814	0	17300	17392	0	-2	563
815	0	17360	17060	0	-1	568
816	0	17252	16956	0	-1	555
817	0	17432	17380	0	-2	556
818	0	17468	17372	0	-1	564
819	0	17544	17352	0	-2	559
820	0	17420	17428	0	-2	567
821	0	17312	17484	0	-1	560
822	0	17200	17292	0	-1	559
823	0	17392	17468	0	-1	560
824	0	16924	17164	0	0	562
825	0	17228	17272	0	-2	549
826	0	17448	17024	0	-1	567
827	0	17560	17292	0	-1	561
828	0	17612	17528	0	-1	567
829	0	17460	17500	0	-1	563
830	0	17560	17484	0	-1	571
831	0	17440	17500	0	-2	561
832	0	17308	17432	0	-1	554
833	0	17248	17100	0	-1	557
834	0	17400	17148	0	-2	556
835	0	17256	18076	0	-2	566
836	0	17264	17208	0	-1	563
837	0	17656	17488	0	-1	555
838	0	17880	17572	0	-2	552
839	0	17524	17816	0	-1	550
840	0	17536	17552	0	-1	560
841	0	17872	17508	0	-1	563
842	0	17516	17368	0	-1	562
843	0	17428	17416	0	-2	554
844	0	17176	17204	0	-1	572
845	0	17260	17188	0	-2	568
846	0	17276	17164	0	-1	566
847	0	17408	17292	0	-1	557
848	0	17748	17400	0	-2	552
849	0	17460	17376	0	-2	554
850	0	17664	17380	0	-1	559
851	0	17644	17652	0	-2	558
852	0	17836	17412	0	-2	568
853	0	17328	17496	0	-1	569
854	0	17464	17484	0	-1	560
855	0	17400	17256	0	-1	556
856	0	17384	17128	0	-2	557
857	0	17512	17420	0	-1	568
858	0	17556	17376	0	-2	566
859	0	17488	17720	0	-2	558
860	0	17424	17804	0	-2	550
861	0	17556	17772	0	-1	559
862	0	17664	17544	0	-2	564
863	0	17700	17612	0	-1	564
864	0	17760	17584	0	-2	568
865	0	17524	17592	0	-1	572
866	0	17516	17432	0	-1	560
867	0	17436	17224	0	-2	567
868	0	17388	17140	0	-1	572
869	0	17644	17288	0	-1	553
870	0	17644	17520	0	-2	569
871	0	17588	17440	0	-2	567
872	0	17792	17544	0	-2	556
873	0	17468	17480	0	-1	554
874	0	17768	17624	0	-1	557
875	0	17564	17572	0	-1	570
876	0	17448	17352	0	-2	552
877	0	17284	17316	0	-1	562
878	0	17276	17376	0	-2	553
879	0	17612	17076	0	-1	562
880	0	17624	17308	0	-2	564
881	0	17572	17832	0	-1	556
882	0	17824	17752	0	-1	556
883	0	17728	17652	0	-2	563
884	0	17476	17960	0	-2	566
885	0	17436	17576	0	-1	561
886	0	17588	17292	0	-1	563
887	0	17768	17660	0	-1	559
888	0	17076	17008	0	-2	563
889	0	17624	17128	0	-1	561
890	0	17492	17608	0	-1	561
891	0	17824	17632	0	-1	551
892	0	17624	17696	0	-2	564
893	0	17636	17792	0	-1	561
894	0	17760	17940	0	-1	567
895	0	17728	17684	0	-2	554
896	0	17716	17808	0	-1	558
897	0	17348	17408	0	-1	566
898	0	17456	17364	0	-2	559
899	0	17660	17832	0	-2	556
900	0	17568	17660	0	-1	563
901	0	17788	17600	0	0	561
902	0	17668	18044	0	0	551
903	0	18036	17968	0	-1	560
904	0	17552	17948	0	-1	566
905	0	17668	17372	0	-1	558
906	0	17292	17552	0	0	555
907	0	17524	17556	0	-2	558
908	0	17476	17628	0	-1	550
909	0	17788	17648	0	-2	565
910	0	17352	17664	0	-1	563
911	0	17516	17632	0	-1	554
912	0	17892	17552	0	-1	567
913	0	17464	17636	0	-1	560
914	0	17740	17660	0	-2	553
915	0	17900	17940	0	-1	561
916	0	17664	17952	0	-2	553
917	0	18072	17812	0	-2	568
918	0	17856	18056	0	-2	566
919	0	17776	17708	0	-2	561
920	0	17548	17648	0	-1	561
921	0	17300	17724	0	-2	560
922	0	17752	17636	0	-1	556
923	0	17704	17356	0	-2	568
924	0	17396	17536	0	-2	553
925	0	17552	17268	0	-2	556
926	0	17484	17620	0	-2	556
927	0	17508	17588	0	-2	569
928	0	17704	17584	0	-1	562
929	0	17584	17716	0	-2	563
930	0	17564	17684	0	-1	556
931	0	17752	17672	0	-1	567
932	0	17796	18228	0	-1	558
933	0	17668	17632	0	-2	564
934	0	17700	17720	0	-1	567
935	0	17704	17796	0	-2	558
936	0	17668	17700	0	-1	559
937	0	17408	17544	0	-1	563
938	0	17636	17640	0	-2	560
939	0	17560	17512	0	-1	561
940	0	17520	17368	0	-1	571
941	0	17656	17476	0	-1	566
942	0	17224	17348	0	-1	569
943	0	17428	17380	0	-1	555
944	0	17248	17260	0	-1	550
945	0	17488	17608	0	-1	562
946	0	17416	17572	0	-2	557
947	0	17196	17464	0	-2	565
948	0	17484	17508	0	-1	553
949	0	17576	17384	0	-1	562
950	0	17564	17544	0	-2	555
951	0	17784	17692	0	-1	558
952	0	17668	17588	0	-2	553
953	0	17920	17844	0	-1	565
954	0	18104	17664	0	-1	559
955	0	17748	17800	0	-1	562
956	0	17628	17928	0	-1	560
957	0	17632	17484	0	-1	562
958	0	17748	17536	0	-2	560
959	0	17592	17752	0	-1	556
960	0	17452	17544	0	-1	566
961	0	17256	17276	0	-2	560
962	0	17224	17516	0	-1	565
963	0	17548	17252	0	-1	559
964	0	17468	17532	0	-2	564
965	0	17716	17624	0	-1	566
966	0	17560	17468	0	-1	553
967	0	17620	17428	0	-2	567
968	0	17796	17776	0	0	567
969	0	17900	17548	0	-1	562
970	0	17740	17736	0	-1	563
971	0	17844	17772	0	-1	567
972	0	17740	17604	0	-1	564
973	0	17572	17536	0	-1	564
974	0	17588	17768	0	-1	558
975	0	17588	17356	0	-1	565
976	0	17640	17648	0	-2	560
977	0	17464	17512	0	-1	558
978	0	17624	17572	0	0	554
979	0	17620	17532	0	0	551
980	0	17552	17508	0	-2	559
981	0	17404	17532	0	-1	553
982	0	17600	17520	0	-1	561
983	0	17620	17868	0	-1	555
984	0	17700	17624	0	-2	563
985	0	17900	17664	0	-1	558
986	0	17628	17572	0	-1	559
987	0	17740	17764	0	-1	553
988	0	17380	17548	0	-1	562
989	0	17580	17440	0	-2	565
990	0	17428	17512	0	-1	567
991	0	17508	17444	0	-1	563
992	0	17580	17764	0	-1	556
993	0	17536	17636	0	-1	570
994	0	17536	17656	0	-1	570
995	0	17700	17508	0	-1	567
996	0	17664	17676	0	-2	564
997	0	17648	17492	0	-1	561
998	0	17504	17820	0	-2	570
999	0	17592	17692	0	-1	571
1000	0	17592	17692	0	-1	570
